ind_ID	father_ID	mother_ID	Sex	Phenotype
1	1001	2001	9	27.86499001019995
2	1002	2002	9	9.953736143355142
3	1003	2003	9	8.079652365674148
4	1004	2004	9	10.112049879462932
5	1005	2005	9	10.129237407845014
6	1006	2006	9	10.565187459077498
7	1007	2007	9	11.236933869502547
8	1008	2008	9	30.705687721675062
9	1009	2009	9	10.518133073680335
10	1010	2010	9	9.569854873794233
11	1011	2011	9	10.272157699409949
12	1012	2012	9	8.943129000292
13	1013	2013	9	9.954361662947878
14	1014	2014	9	11.508778359037994
15	1015	2015	9	10.350287253043895
16	1016	2016	9	10.903825004892541
17	1017	2017	9	11.735471544126385
18	1018	2018	9	29.48858204572244
19	1019	2019	9	11.098803618390216
20	1020	2020	9	29.458757885947037
21	1021	2021	9	29.72141098841199
22	1022	2022	9	10.76235570123143
23	1023	2023	9	9.714373255895708
24	1024	2024	9	4.276488277817799
25	1025	2025	9	10.375170413079713
26	1026	2026	9	9.538211686947575
27	1027	2027	9	9.416227634862258
28	1028	2028	9	10.26424254377384
29	1029	2029	9	9.083394213846354
30	1030	2030	9	30.428753439490105
31	1031	2031	9	9.419216969822036
32	1032	2032	9	10.651695947049777
33	1033	2033	9	9.848879126886946
34	1034	2034	9	29.786347039409247
35	1035	2035	9	29.188972322283018
36	1036	2036	9	29.361654099600443
37	1037	2037	9	9.268757327809535
38	1038	2038	9	9.502340604916256
39	1039	2039	9	9.278326770671612
40	1040	2040	9	9.326866887455475
41	1041	2041	9	28.93356580975651
42	1042	2042	9	10.409294812600354
43	1043	2043	9	11.499245203603916
44	1044	2044	9	9.90135156384364
45	1045	2045	9	31.410765431123284
46	1046	2046	9	11.028244091228412
47	1047	2047	9	10.870956460267532
48	1048	2048	9	10.148692156135441
49	1049	2049	9	10.258719811702521
50	1050	2050	9	11.538311430255092
51	1051	2051	9	29.389857650583316
52	1052	2052	9	12.222950242452999
53	1053	2053	9	10.229039606617576
54	1054	2054	9	20.997885560255646
55	1055	2055	9	9.483187141675723
56	1056	2056	9	7.412810455261102
57	1057	2057	9	11.526926563140918
58	1058	2058	9	12.980864478182514
59	1059	2059	9	9.603006466568276
60	1060	2060	9	8.712541554780515
61	1061	2061	9	7.014397077819202
62	1062	2062	9	6.481300870638046
63	1063	2063	9	27.866977778720596
64	1064	2064	9	8.954584212985637
65	1065	2065	9	10.922592451771397
66	1066	2066	9	10.087384741624643
67	1067	2067	9	10.887074428778584
68	1068	2068	9	10.466366973725792
69	1069	2069	9	8.006915133309935
70	1070	2070	9	8.409300281177849
71	1071	2071	9	8.713301569133126
72	1072	2072	9	31.481361321360577
73	1073	2073	9	10.165362464130817
74	1074	2074	9	8.393002341466543
75	1075	2075	9	9.159708380035013
76	1076	2076	9	7.99903753981919
77	1077	2077	9	9.908018412072494
78	1078	2078	9	6.961991886716902
79	1079	2079	9	10.994131761368727
80	1080	2080	9	9.869809783001317
81	1081	2081	9	11.222002281897979
82	1082	2082	9	9.33589444749655
83	1083	2083	9	10.641392274233672
84	1084	2084	9	160.79070466889073
85	1085	2085	9	10.183805337582125
86	1086	2086	9	30.689935915764693
87	1087	2087	9	30.16413070837677
88	1088	2088	9	29.01096493912066
89	1089	2089	9	9.76185196565826
90	1090	2090	9	10.52674752612031
91	1091	2091	9	29.900085171953428
92	1092	2092	9	9.190610139717542
93	1093	2093	9	10.738794398586357
94	1094	2094	9	10.185915978019786
95	1095	2095	9	9.256951422514565
96	1096	2096	9	10.698719156105106
97	1097	2097	9	10.112983937141296
98	1098	2098	9	9.695761357056428
99	1099	2099	9	7.943350563684473
100	1100	2100	9	30.00248743110556
101	1101	2101	9	10.4742246053104
102	1102	2102	9	11.259436055308957
103	1103	2103	9	10.663030391899248
104	1104	2104	9	30.383200211221407
105	1105	2105	9	479.4454061513473
106	1106	2106	9	9.85132974397697
107	1107	2107	9	11.358971402812834
108	1108	2108	9	9.61517401174459
109	1109	2109	9	9.870479816774656
110	1110	2110	9	9.487754778926178
111	1111	2111	9	9.795855547509646
112	1112	2112	9	9.355027359863163
113	1113	2113	9	30.968574199763662
114	1114	2114	9	30.283715688942515
115	1115	2115	9	11.418866984338644
116	1116	2116	9	29.78315642500502
117	1117	2117	9	30.92911006664933
118	1118	2118	9	9.194169665081711
119	1119	2119	9	10.670276635078315
120	1120	2120	9	8.719195454650901
121	1121	2121	9	9.858506618902075
122	1122	2122	9	160.64885710194147
123	1123	2123	9	30.30607117563268
124	1124	2124	9	8.332886091527914
125	1125	2125	9	9.922776742013255
126	1126	2126	9	9.160183164461273
127	1127	2127	9	9.610228044413285
128	1128	2128	9	10.387957571507332
129	1129	2129	9	8.962151888902321
130	1130	2130	9	9.933028874859362
131	1131	2131	9	11.237563579501394
132	1132	2132	9	9.290841620539485
133	1133	2133	9	11.472431914995967
134	1134	2134	9	30.07785567358102
135	1135	2135	9	11.007888533276653
136	1136	2136	9	8.869939328917802
137	1137	2137	9	9.389510337976432
138	1138	2138	9	9.427954994957656
139	1139	2139	9	10.88953879111339
140	1140	2140	9	9.95206144338912
141	1141	2141	9	9.64933975818094
142	1142	2142	9	10.709311725881276
143	1143	2143	9	10.590867910486185
144	1144	2144	9	8.553665095728489
145	1145	2145	9	11.523166594118127
146	1146	2146	9	30.943270961090807
147	1147	2147	9	10.275888695374444
148	1148	2148	9	10.244947499956956
149	1149	2149	9	9.615631143921217
150	1150	2150	9	11.20360961114992
151	1151	2151	9	11.212424550840117
152	1152	2152	9	9.539258468648836
153	1153	2153	9	29.44980470925573
154	1154	2154	9	10.34978293337813
155	1155	2155	9	8.875832270588358
156	1156	2156	9	10.514382386180161
157	1157	2157	9	8.033397161072227
158	1158	2158	9	11.331273425463168
159	1159	2159	9	10.488143052601075
160	1160	2160	9	10.853050751208864
161	1161	2161	9	11.61047622637196
162	1162	2162	9	11.626653640767675
163	1163	2163	9	480.93379325543185
164	1164	2164	9	10.595387425253323
165	1165	2165	9	10.248948636414037
166	1166	2166	9	10.56661436035616
167	1167	2167	9	29.92204229739056
168	1168	2168	9	29.954990007429192
169	1169	2169	9	29.411926005840886
170	1170	2170	9	12.23271178407844
171	1171	2171	9	8.114242232181349
172	1172	2172	9	28.885227768611745
173	1173	2173	9	7.948305371341577
174	1174	2174	9	9.603677891663752
175	1175	2175	9	11.18761968968918
176	1176	2176	9	9.733980157878841
177	1177	2177	9	30.126570515134503
178	1178	2178	9	12.121207913804442
179	1179	2179	9	9.603121505298652
180	1180	2180	9	8.422937009180236
181	1181	2181	9	10.687629339733864
182	1182	2182	9	8.703502504233553
183	1183	2183	9	11.101135900623712
184	1184	2184	9	9.804919775907777
185	1185	2185	9	28.863875953972894
186	1186	2186	9	10.800112309039859
187	1187	2187	9	10.85392087709599
188	1188	2188	9	30.58262009540779
189	1189	2189	9	8.992311920182907
190	1190	2190	9	9.966196092246996
191	1191	2191	9	11.003310599784328
192	1192	2192	9	11.460312975796773
193	1193	2193	9	160.76350066431326
194	1194	2194	9	28.524752973076286
195	1195	2195	9	11.140375273842452
196	1196	2196	9	9.660822575911185
197	1197	2197	9	10.483503769259949
198	1198	2198	9	10.738504310464048
199	1199	2199	9	9.41861806712713
200	1200	2200	9	9.30416036197298
201	1201	2201	9	10.659359922748449
202	1202	2202	9	10.6900898487924
203	1203	2203	9	11.490129934348403
204	1204	2204	9	10.161088832950952
205	1205	2205	9	9.40822998285611
206	1206	2206	9	10.557697216057063
207	1207	2207	9	9.655133386792112
208	1208	2208	9	9.857906887746111
209	1209	2209	9	28.610198663649715
210	1210	2210	9	9.66179726319082
211	1211	2211	9	11.797827373517237
212	1212	2212	9	28.44078533238422
213	1213	2213	9	9.978897502768108
214	1214	2214	9	9.098287550221018
215	1215	2215	9	11.350050007551186
216	1216	2216	9	9.957932703334995
217	1217	2217	9	9.6728697283807
218	1218	2218	9	11.28796385747838
219	1219	2219	9	28.73326556500696
220	1220	2220	9	9.01038631685708
221	1221	2221	9	29.9588856622893
222	1222	2222	9	10.192608068534655
223	1223	2223	9	8.553475713945774
224	1224	2224	9	11.804162382795667
225	1225	2225	9	11.62624575622506
226	1226	2226	9	7.780872333318892
227	1227	2227	9	9.987825434423925
228	1228	2228	9	10.240347125003622
229	1229	2229	9	8.340521704614238
230	1230	2230	9	10.537093589069388
231	1231	2231	9	10.441894746169488
232	1232	2232	9	30.06748707543683
233	1233	2233	9	7.899374637057269
234	1234	2234	9	30.39468948237293
235	1235	2235	9	9.67080577835942
236	1236	2236	9	9.400507844080465
237	1237	2237	9	29.7499273115085
238	1238	2238	9	10.47899680466202
239	1239	2239	9	10.279962143475148
240	1240	2240	9	9.898429905378814
241	1241	2241	9	30.536898075959588
242	1242	2242	9	8.613572296298466
243	1243	2243	9	9.48138705231662
244	1244	2244	9	11.043864034411824
245	1245	2245	9	9.711551173618437
246	1246	2246	9	9.78327140074612
247	1247	2247	9	159.50981576309192
248	1248	2248	9	7.392437758606695
249	1249	2249	9	30.354207110541704
250	1250	2250	9	8.676383055264466
251	1251	2251	9	9.995352683270735
252	1252	2252	9	10.360848033201076
253	1253	2253	9	9.78570461632037
254	1254	2254	9	11.237670257208123
255	1255	2255	9	28.498454287280527
256	1256	2256	9	9.391657700477502
257	1257	2257	9	10.030367363433779
258	1258	2258	9	11.351059678164923
259	1259	2259	9	9.814896689398152
260	1260	2260	9	10.203113433328731
261	1261	2261	9	9.256097189740867
262	1262	2262	9	9.278291085815919
263	1263	2263	9	7.96465745361845
264	1264	2264	9	11.576508017785114
265	1265	2265	9	10.240081940873479
266	1266	2266	9	7.437266164505512
267	1267	2267	9	11.474492829508188
268	1268	2268	9	11.682625373338606
269	1269	2269	9	8.712893479214454
270	1270	2270	9	10.267060312337895
271	1271	2271	9	9.21343695996997
272	1272	2272	9	11.743821791666534
273	1273	2273	9	11.642278536848078
274	1274	2274	9	9.123268606077252
275	1275	2275	9	10.318396299325528
276	1276	2276	9	9.425703803292063
277	1277	2277	9	9.89100291128108
278	1278	2278	9	9.893487998735067
279	1279	2279	9	11.644573548267164
280	1280	2280	9	10.6840830420768
281	1281	2281	9	4.7705141101913915
282	1282	2282	9	9.313978509988738
283	1283	2283	9	29.808027580397784
284	1284	2284	9	10.51189328344948
285	1285	2285	9	11.39188154665085
286	1286	2286	9	9.508858913592496
287	1287	2287	9	30.407142378449294
288	1288	2288	9	11.516734068179789
289	1289	2289	9	9.442978543236343
290	1290	2290	9	159.0086449394091
291	1291	2291	9	9.818970409176224
292	1292	2292	9	7.85968043635985
293	1293	2293	9	9.638414794670064
294	1294	2294	9	8.518933735195418
295	1295	2295	9	9.586387480611851
296	1296	2296	9	8.807501213741556
297	1297	2297	9	10.065389357685346
298	1298	2298	9	27.15744820717225
299	1299	2299	9	11.723618551368265
300	1300	2300	9	8.87093220496714
301	1301	2301	9	12.06437969766862
302	1302	2302	9	10.074521280655345
303	1303	2303	9	10.976803004660978
304	1304	2304	9	8.904082828160286
305	1305	2305	9	29.891195456067578
306	1306	2306	9	8.803047306748864
307	1307	2307	9	31.016267828947328
308	1308	2308	9	10.143216891170454
309	1309	2309	9	11.033364551110758
310	1310	2310	9	8.409212317962526
311	1311	2311	9	159.57008145439949
312	1312	2312	9	8.488498097626008
313	1313	2313	9	9.786064829107726
314	1314	2314	9	9.72024918462193
315	1315	2315	9	30.869424647291332
316	1316	2316	9	11.394389816405026
317	1317	2317	9	9.438452308199953
318	1318	2318	9	8.804970382359144
319	1319	2319	9	8.752135691318218
320	1320	2320	9	10.30511027175196
321	1321	2321	9	11.031502868610742
322	1322	2322	9	9.413644191683673
323	1323	2323	9	8.896133591680666
324	1324	2324	9	10.442956026843348
325	1325	2325	9	10.910239486663468
326	1326	2326	9	9.573810169476086
327	1327	2327	9	9.464827541806933
328	1328	2328	9	30.147860389766862
329	1329	2329	9	8.821666430132439
330	1330	2330	9	10.963087025124105
331	1331	2331	9	9.55198463479666
332	1332	2332	9	9.842069107041214
333	1333	2333	9	12.373640996938196
334	1334	2334	9	10.347190571252982
335	1335	2335	9	29.816348923398575
336	1336	2336	9	10.332295536127255
337	1337	2337	9	11.348891819173486
338	1338	2338	9	8.945025984002998
339	1339	2339	9	9.892195658609788
340	1340	2340	9	31.52238207401777
341	1341	2341	9	10.746781742245151
342	1342	2342	9	10.54102676920521
343	1343	2343	9	9.012314207681131
344	1344	2344	9	11.365777222697991
345	1345	2345	9	8.735350272301211
346	1346	2346	9	9.258213227219757
347	1347	2347	9	480.4070622894967
348	1348	2348	9	10.189044302684515
349	1349	2349	9	9.65627913988211
350	1350	2350	9	10.673582870908744
351	1351	2351	9	9.627795123839393
352	1352	2352	9	12.20093707483829
353	1353	2353	9	10.89562221337343
354	1354	2354	9	7.528722921225723
355	1355	2355	9	11.26119723793448
356	1356	2356	9	9.686695168535643
357	1357	2357	9	10.361076581908058
358	1358	2358	9	9.430133641328743
359	1359	2359	9	10.788436295534776
360	1360	2360	9	10.615817699781976
361	1361	2361	9	11.246177147394054
362	1362	2362	9	9.838195251092815
363	1363	2363	9	10.406193633905277
364	1364	2364	9	28.976142978499844
365	1365	2365	9	11.263162186479216
366	1366	2366	9	9.642598657645927
367	1367	2367	9	8.684999869927733
368	1368	2368	9	31.091303827781786
369	1369	2369	9	29.300685863889235
370	1370	2370	9	29.92903651257161
371	1371	2371	9	10.559505047418332
372	1372	2372	9	10.977293819367485
373	1373	2373	9	9.33713161948748
374	1374	2374	9	9.288721618023724
375	1375	2375	9	10.092056175884201
376	1376	2376	9	10.412788328255502
377	1377	2377	9	10.138751172668114
378	1378	2378	9	8.648431150685965
379	1379	2379	9	9.808292712751099
380	1380	2380	9	9.84103228249981
381	1381	2381	9	12.078472764209458
382	1382	2382	9	30.72737996442129
383	1383	2383	9	9.517138240662458
384	1384	2384	9	10.01528174249195
385	1385	2385	9	12.15173011743568
386	1386	2386	9	10.354020795672772
387	1387	2387	9	10.942794115497971
388	1388	2388	9	11.21839919085056
389	1389	2389	9	27.132377685480698
390	1390	2390	9	10.897972747001297
391	1391	2391	9	26.92021466549639
392	1392	2392	9	10.579928704725665
393	1393	2393	9	10.308204682334967
394	1394	2394	9	61.24636900680358
395	1395	2395	9	9.098164400416305
396	1396	2396	9	8.833021094142385
397	1397	2397	9	30.529003909483475
398	1398	2398	9	9.31733588609371
399	1399	2399	9	29.527751829154454
400	1400	2400	9	10.070263478382305
401	1401	2401	9	11.046800185889872
402	1402	2402	9	9.597837392773316
403	1403	2403	9	29.792485646533315
404	1404	2404	9	29.2475717912078
405	1405	2405	9	30.000583590052653
406	1406	2406	9	7.523334436125735
407	1407	2407	9	11.184143943814737
408	1408	2408	9	10.960394313956602
409	1409	2409	9	10.55547426321028
410	1410	2410	9	28.70753172979333
411	1411	2411	9	9.933421852389053
412	1412	2412	9	10.632035747382988
413	1413	2413	9	10.028738271180202
414	1414	2414	9	10.133493696560455
415	1415	2415	9	9.920299054899365
416	1416	2416	9	9.021972556862439
417	1417	2417	9	10.554630231257866
418	1418	2418	9	29.66350691460963
419	1419	2419	9	30.33505110462788
420	1420	2420	9	9.142097045180394
421	1421	2421	9	10.634733290407985
422	1422	2422	9	10.029116606274474
423	1423	2423	9	9.913495781192632
424	1424	2424	9	9.33242241228043
425	1425	2425	9	10.2301161284633
426	1426	2426	9	30.450538984408244
427	1427	2427	9	10.631069592877347
428	1428	2428	9	10.588111588073707
429	1429	2429	9	10.283373627366647
430	1430	2430	9	10.7377735399806
431	1431	2431	9	30.951636484902483
432	1432	2432	9	10.36224523614305
433	1433	2433	9	7.478609977094577
434	1434	2434	9	10.320653904405628
435	1435	2435	9	10.937424944968214
436	1436	2436	9	8.505157841944214
437	1437	2437	9	9.21916137013507
438	1438	2438	9	8.97433558594578
439	1439	2439	9	159.27696590281818
440	1440	2440	9	12.558439304370491
441	1441	2441	9	11.371070721920184
442	1442	2442	9	8.502406633294742
443	1443	2443	9	10.179653540113254
444	1444	2444	9	9.381539625029594
445	1445	2445	9	11.216253387551683
446	1446	2446	9	28.70501131281753
447	1447	2447	9	30.958227259171277
448	1448	2448	9	9.785288632902718
449	1449	2449	9	8.779741755349551
450	1450	2450	9	10.379785776691419
451	1451	2451	9	10.365650777087938
452	1452	2452	9	11.167127326856143
453	1453	2453	9	30.316887643674583
454	1454	2454	9	9.538184222051266
455	1455	2455	9	9.882679476856879
456	1456	2456	9	8.453757146422252
457	1457	2457	9	8.782826130528749
458	1458	2458	9	9.320377179077528
459	1459	2459	9	10.817815835782147
460	1460	2460	9	10.17063860336613
461	1461	2461	9	9.966137865943097
462	1462	2462	9	10.396662755241636
463	1463	2463	9	11.002692106166727
464	1464	2464	9	9.948759195349098
465	1465	2465	9	9.400326331738926
466	1466	2466	9	9.380387523833644
467	1467	2467	9	8.546357502453445
468	1468	2468	9	9.335209918663217
469	1469	2469	9	9.06686886916394
470	1470	2470	9	29.72585903503309
471	1471	2471	9	9.872040002269186
472	1472	2472	9	10.500166001095339
473	1473	2473	9	160.33435903885092
474	1474	2474	9	11.24673959368277
475	1475	2475	9	10.170493502815095
476	1476	2476	9	7.899047082599353
477	1477	2477	9	10.54620486408701
478	1478	2478	9	10.916921946508126
479	1479	2479	9	11.106727853246129
480	1480	2480	9	8.89434977148407
481	1481	2481	9	9.989325138012989
482	1482	2482	9	11.74389739601036
483	1483	2483	9	30.926850625455966
484	1484	2484	9	9.20397183682706
485	1485	2485	9	10.34203792495044
486	1486	2486	9	9.424040523231138
487	1487	2487	9	30.989512441779304
488	1488	2488	9	8.917895957420477
489	1489	2489	9	31.272897318925672
490	1490	2490	9	9.556617785613525
491	1491	2491	9	9.794708356449798
492	1492	2492	9	9.656573969642013
493	1493	2493	9	9.203160045533433
494	1494	2494	9	12.555887246465522
495	1495	2495	9	9.914375401109142
496	1496	2496	9	9.135666966891272
497	1497	2497	9	9.828533109423923
498	1498	2498	9	9.603033365867207
499	1499	2499	9	8.254811297546432
500	1500	2500	9	11.777293867104754
501	1501	2501	9	8.336130917017975
502	1502	2502	9	9.317981967262291
503	1503	2503	9	10.36172366594523
504	1504	2504	9	11.351811194621838
505	1505	2505	9	10.461669208883599
506	1506	2506	9	9.327912310129967
507	1507	2507	9	10.22506634699433
508	1508	2508	9	10.127313583195614
509	1509	2509	9	19.737680531482184
510	1510	2510	9	9.297104583246897
511	1511	2511	9	9.625059542942616
512	1512	2512	9	9.29129234303155
513	1513	2513	9	8.86698488061177
514	1514	2514	9	9.662626465115387
515	1515	2515	9	11.054653906510966
516	1516	2516	9	30.958422454146653
517	1517	2517	9	9.576203700983484
518	1518	2518	9	9.474054120214907
519	1519	2519	9	9.352973451021796
520	1520	2520	9	10.110157220501822
521	1521	2521	9	30.0951481396599
522	1522	2522	9	29.85424224772298
523	1523	2523	9	9.70983708141348
524	1524	2524	9	9.561455391002225
525	1525	2525	9	8.181172815672166
526	1526	2526	9	30.752789432869882
527	1527	2527	9	9.445692968550404
528	1528	2528	9	9.884564626596106
529	1529	2529	9	9.004941242698592
530	1530	2530	9	159.53339349368096
531	1531	2531	9	10.64847329776353
532	1532	2532	9	9.973926031483757
533	1533	2533	9	8.974915474198175
534	1534	2534	9	10.521699645349223
535	1535	2535	9	9.617627206677376
536	1536	2536	9	30.729337590275687
537	1537	2537	9	10.85379204196028
538	1538	2538	9	11.55968117465615
539	1539	2539	9	10.361917072366094
540	1540	2540	9	9.505630186578397
541	1541	2541	9	8.607949633103651
542	1542	2542	9	9.428355714765825
543	1543	2543	9	10.680463670638762
544	1544	2544	9	9.454069566987096
545	1545	2545	9	8.951987443594806
546	1546	2546	9	9.757191076431805
547	1547	2547	9	9.818129043417132
548	1548	2548	9	8.930806034131658
549	1549	2549	9	29.49979835586748
550	1550	2550	9	10.314607254169497
551	1551	2551	9	11.855678563588539
552	1552	2552	9	11.89004642951251
553	1553	2553	9	8.090750388649424
554	1554	2554	9	11.010550936878062
555	1555	2555	9	10.152697537731065
556	1556	2556	9	10.43913600492474
557	1557	2557	9	161.9628486348692
558	1558	2558	9	30.70232110188163
559	1559	2559	9	10.661203809871063
560	1560	2560	9	11.10756557219526
561	1561	2561	9	30.588381167119874
562	1562	2562	9	8.987453531040854
563	1563	2563	9	8.857378697028713
564	1564	2564	9	10.783330897686053
565	1565	2565	9	9.078876095249075
566	1566	2566	9	8.988087691022915
567	1567	2567	9	10.007393863024243
568	1568	2568	9	31.32901011520036
569	1569	2569	9	10.219586653477526
570	1570	2570	9	9.227787804694794
571	1571	2571	9	11.270242692876245
572	1572	2572	9	10.188852447498276
573	1573	2573	9	30.228311714112614
574	1574	2574	9	29.197944080290675
575	1575	2575	9	11.323720433650477
576	1576	2576	9	29.79552598755082
577	1577	2577	9	28.37561630338893
578	1578	2578	9	9.708035939788434
579	1579	2579	9	11.230084667294081
580	1580	2580	9	10.542145080953935
581	1581	2581	9	10.166701282313149
582	1582	2582	9	8.152162150967133
583	1583	2583	9	159.32640017474594
584	1584	2584	9	11.9532914769362
585	1585	2585	9	10.374227682544415
586	1586	2586	9	10.656903675967458
587	1587	2587	9	10.316937512621983
588	1588	2588	9	11.731118946116483
589	1589	2589	9	9.722833193111773
590	1590	2590	9	8.674277218889745
591	1591	2591	9	9.749021454708195
592	1592	2592	9	8.530439661910982
593	1593	2593	9	9.81966613953919
594	1594	2594	9	11.080264876865447
595	1595	2595	9	8.416870368974191
596	1596	2596	9	9.660988655814256
597	1597	2597	9	11.676927859689837
598	1598	2598	9	9.457400884222002
599	1599	2599	9	9.58149676828035
600	1600	2600	9	29.56250616871997
601	1601	2601	9	31.816600669106354
602	1602	2602	9	30.449954510846457
603	1603	2603	9	11.52780200757537
604	1604	2604	9	10.065926823715794
605	1605	2605	9	9.815515595488225
606	1606	2606	9	9.849788517802414
607	1607	2607	9	11.317299146445789
608	1608	2608	9	8.527014386301424
609	1609	2609	9	8.996438290976634
610	1610	2610	9	8.997169397601068
611	1611	2611	9	9.340779452776765
612	1612	2612	9	11.132927454647763
613	1613	2613	9	10.973950031166513
614	1614	2614	9	11.152054768361296
615	1615	2615	9	9.286732071949842
616	1616	2616	9	9.776318111076666
617	1617	2617	9	9.947328035244555
618	1618	2618	9	9.041160771254024
619	1619	2619	9	10.382923063554427
620	1620	2620	9	9.950163655764353
621	1621	2621	9	30.394426656766527
622	1622	2622	9	11.114944827816764
623	1623	2623	9	11.35559698411937
624	1624	2624	9	11.5003610333086
625	1625	2625	9	9.032326722599104
626	1626	2626	9	11.00308987324788
627	1627	2627	9	159.68174008935668
628	1628	2628	9	10.774877006891767
629	1629	2629	9	8.51190599398829
630	1630	2630	9	10.40716239191545
631	1631	2631	9	30.994370836874737
632	1632	2632	9	9.375266461150051
633	1633	2633	9	10.341592959532491
634	1634	2634	9	9.809351177065095
635	1635	2635	9	8.836757322659942
636	1636	2636	9	10.367789229631905
637	1637	2637	9	10.551538352550597
638	1638	2638	9	8.792832358751019
639	1639	2639	9	11.81463861470769
640	1640	2640	9	8.489945950265815
641	1641	2641	9	11.676771512462329
642	1642	2642	9	30.85664689881607
643	1643	2643	9	11.345405671139865
644	1644	2644	9	10.039844268169789
645	1645	2645	9	9.503305037933858
646	1646	2646	9	9.445027196475442
647	1647	2647	9	10.304679726538385
648	1648	2648	9	10.531890512220315
649	1649	2649	9	9.450000885509406
650	1650	2650	9	9.465679201674462
651	1651	2651	9	9.283053460775996
652	1652	2652	9	10.57201916007596
653	1653	2653	9	10.107344628942128
654	1654	2654	9	28.39537477407341
655	1655	2655	9	8.944557270437132
656	1656	2656	9	10.849310281346106
657	1657	2657	9	9.920277704915692
658	1658	2658	9	10.465027646409428
659	1659	2659	9	11.746769364456984
660	1660	2660	9	10.221247052706083
661	1661	2661	9	10.82428899188266
662	1662	2662	9	10.783679132755587
663	1663	2663	9	30.77753727012251
664	1664	2664	9	11.950074978989175
665	1665	2665	9	9.746211941927013
666	1666	2666	9	9.582592363266397
667	1667	2667	9	10.277998557849369
668	1668	2668	9	11.797755460779921
669	1669	2669	9	29.548936696924425
670	1670	2670	9	32.06388138001216
671	1671	2671	9	10.643591124551238
672	1672	2672	9	10.338011100901127
673	1673	2673	9	11.43016133419248
674	1674	2674	9	9.723034850915544
675	1675	2675	9	9.834760612781261
676	1676	2676	9	8.891293225193909
677	1677	2677	9	7.77423588130209
678	1678	2678	9	11.131502029547582
679	1679	2679	9	159.36539811372967
680	1680	2680	9	10.29812230914269
681	1681	2681	9	31.006328000923144
682	1682	2682	9	7.903646934362644
683	1683	2683	9	9.492199029740675
684	1684	2684	9	159.20425467161283
685	1685	2685	9	10.089523205561893
686	1686	2686	9	10.166566713326954
687	1687	2687	9	9.663176246185186
688	1688	2688	9	29.9221992816604
689	1689	2689	9	9.984589728807753
690	1690	2690	9	9.342877142528884
691	1691	2691	9	10.05983241568294
692	1692	2692	9	9.859470295352521
693	1693	2693	9	10.679980678793493
694	1694	2694	9	10.919318938160645
695	1695	2695	9	30.27823774832166
696	1696	2696	9	9.669912226419543
697	1697	2697	9	11.226756106219021
698	1698	2698	9	11.707639925359167
699	1699	2699	9	9.704933871645084
700	1700	2700	9	10.743493710352777
701	1701	2701	9	9.071232574925466
702	1702	2702	9	11.294851914622042
703	1703	2703	9	10.04361379227337
704	1704	2704	9	7.90760643442772
705	1705	2705	9	11.150838503013848
706	1706	2706	9	13.240374995070612
707	1707	2707	9	8.78104205599624
708	1708	2708	9	8.696462268519653
709	1709	2709	9	9.303186984226956
710	1710	2710	9	10.29667791478385
711	1711	2711	9	10.823280324689623
712	1712	2712	9	11.921450764492885
713	1713	2713	9	11.049351146164017
714	1714	2714	9	8.582459779232577
715	1715	2715	9	9.902806454224228
716	1716	2716	9	9.530691275172618
717	1717	2717	9	8.666898625689603
718	1718	2718	9	8.451839532748616
719	1719	2719	9	10.05133900421792
720	1720	2720	9	10.573748098598942
721	1721	2721	9	10.647458026560109
722	1722	2722	9	11.999402911900088
723	1723	2723	9	9.649778997231985
724	1724	2724	9	30.032632858595747
725	1725	2725	9	29.072903344863526
726	1726	2726	9	158.1093711781126
727	1727	2727	9	11.04316952277051
728	1728	2728	9	8.78104916954643
729	1729	2729	9	9.392540588465051
730	1730	2730	9	8.757144335346284
731	1731	2731	9	30.790024457083817
732	1732	2732	9	30.92743866178716
733	1733	2733	9	12.537337005536006
734	1734	2734	9	10.361805343757082
735	1735	2735	9	9.27881062144686
736	1736	2736	9	12.37252815323555
737	1737	2737	9	31.02380240006655
738	1738	2738	9	31.845142864651407
739	1739	2739	9	8.898578379182753
740	1740	2740	9	10.411187037096878
741	1741	2741	9	8.814596804504871
742	1742	2742	9	11.28896159130877
743	1743	2743	9	8.877073150680374
744	1744	2744	9	10.922462809040953
745	1745	2745	9	9.317673887125226
746	1746	2746	9	9.496775752602753
747	1747	2747	9	10.725681359073922
748	1748	2748	9	11.496274924791743
749	1749	2749	9	12.21439613639803
750	1750	2750	9	12.44977454530572
751	1751	2751	9	9.57127536075074
752	1752	2752	9	9.844286241020049
753	1753	2753	9	8.872262855293013
754	1754	2754	9	161.48386136753203
755	1755	2755	9	29.125260332345604
756	1756	2756	9	29.651869003213513
757	1757	2757	9	10.049894320389157
758	1758	2758	9	6.776131420580876
759	1759	2759	9	10.326223252029186
760	1760	2760	9	10.487884809661224
761	1761	2761	9	11.276557399826146
762	1762	2762	9	11.010948327595287
763	1763	2763	9	13.656275197208432
764	1764	2764	9	9.399852761003517
765	1765	2765	9	10.053116028489097
766	1766	2766	9	11.920686345652479
767	1767	2767	9	10.507657759063164
768	1768	2768	9	9.711529885427128
769	1769	2769	9	9.91026251851969
770	1770	2770	9	8.947817695259639
771	1771	2771	9	10.788777339603016
772	1772	2772	9	10.820278150583814
773	1773	2773	9	12.015004872354874
774	1774	2774	9	11.112807617457761
775	1775	2775	9	9.117339006513832
776	1776	2776	9	30.60223365443834
777	1777	2777	9	8.677015383857519
778	1778	2778	9	10.068810721226862
779	1779	2779	9	9.778715073497894
780	1780	2780	9	9.684266434155877
781	1781	2781	9	11.49149211099653
782	1782	2782	9	9.243718393322895
783	1783	2783	9	10.165515524261911
784	1784	2784	9	10.674897515270166
785	1785	2785	9	8.38531365825629
786	1786	2786	9	9.376651752097423
787	1787	2787	9	9.130180176272992
788	1788	2788	9	8.748284820531861
789	1789	2789	9	30.00744449403658
790	1790	2790	9	10.724735250208914
791	1791	2791	9	7.893705639631056
792	1792	2792	9	10.514641884782776
793	1793	2793	9	9.77734109126861
794	1794	2794	9	8.36847569753349
795	1795	2795	9	4.542647073299374
796	1796	2796	9	9.047736260944518
797	1797	2797	9	9.229429911852275
798	1798	2798	9	9.9442999868861
799	1799	2799	9	9.479232812199314
800	1800	2800	9	9.701565069061681
801	1801	2801	9	10.71077656076506
802	1802	2802	9	10.325819536717207
803	1803	2803	9	10.256339466272479
804	1804	2804	9	8.905422487796411
805	1805	2805	9	8.163141757974667
806	1806	2806	9	11.571445284124032
807	1807	2807	9	9.961101085998646
808	1808	2808	9	9.023130616245561
809	1809	2809	9	9.888873471032177
810	1810	2810	9	30.45577874174475
811	1811	2811	9	9.446643407970903
812	1812	2812	9	33.10476373947375
813	1813	2813	9	10.136508691188103
814	1814	2814	9	9.859100943898449
815	1815	2815	9	9.227072461423003
816	1816	2816	9	10.017867206197515
817	1817	2817	9	10.120484835014949
818	1818	2818	9	9.535924552677828
819	1819	2819	9	10.953680859102992
820	1820	2820	9	10.070742094183135
821	1821	2821	9	30.013841748939676
822	1822	2822	9	10.452236146136642
823	1823	2823	9	9.517036823771882
824	1824	2824	9	28.965177810340556
825	1825	2825	9	10.818486124115877
826	1826	2826	9	12.010996944857723
827	1827	2827	9	28.706929823341643
828	1828	2828	9	9.715924424424157
829	1829	2829	9	10.462265375847066
830	1830	2830	9	9.792693704135427
831	1831	2831	9	9.670233760342306
832	1832	2832	9	11.30509043661829
833	1833	2833	9	8.911309336600004
834	1834	2834	9	11.368582302770708
835	1835	2835	9	10.010422336280195
836	1836	2836	9	8.829020672019428
837	1837	2837	9	9.79516873981626
838	1838	2838	9	10.44446273643839
839	1839	2839	9	10.558043496656822
840	1840	2840	9	10.459989967192683
841	1841	2841	9	10.990808053336709
842	1842	2842	9	9.327689941086978
843	1843	2843	9	5.256282742979755
844	1844	2844	9	10.6671728734809
845	1845	2845	9	9.899874085714986
846	1846	2846	9	9.929305466320146
847	1847	2847	9	10.09985722596044
848	1848	2848	9	30.60164281615755
849	1849	2849	9	10.857408847838776
850	1850	2850	9	28.606049915099852
851	1851	2851	9	10.19003528325487
852	1852	2852	9	11.182728648510505
853	1853	2853	9	10.018863469656457
854	1854	2854	9	10.090717495457724
855	1855	2855	9	9.275559770997269
856	1856	2856	9	8.89285653226104
857	1857	2857	9	9.918897417160862
858	1858	2858	9	11.007648103489887
859	1859	2859	9	9.172951798411326
860	1860	2860	9	31.381069345056144
861	1861	2861	9	10.101503491773858
862	1862	2862	9	31.01075888099757
863	1863	2863	9	10.64888240028943
864	1864	2864	9	10.277204725195642
865	1865	2865	9	10.770006027697377
866	1866	2866	9	27.450512209248636
867	1867	2867	9	10.864349459177925
868	1868	2868	9	9.946933663995015
869	1869	2869	9	9.088040543407876
870	1870	2870	9	29.349208195645407
871	1871	2871	9	10.526431136482021
872	1872	2872	9	7.770323190175859
873	1873	2873	9	10.402032276677263
874	1874	2874	9	9.35839870384418
875	1875	2875	9	11.199401665358597
876	1876	2876	9	9.857590678023072
877	1877	2877	9	9.627353750675502
878	1878	2878	9	31.136430213310586
879	1879	2879	9	10.07396507270695
880	1880	2880	9	11.491244072463946
881	1881	2881	9	8.01337262369114
882	1882	2882	9	9.882341708441928
883	1883	2883	9	9.891345716430939
884	1884	2884	9	9.8142907634636
885	1885	2885	9	9.882300404067397
886	1886	2886	9	10.6950949938022
887	1887	2887	9	10.491437624365926
888	1888	2888	9	28.053999109692892
889	1889	2889	9	10.688577342852465
890	1890	2890	9	10.960448855204662
891	1891	2891	9	10.093049792419018
892	1892	2892	9	11.224846764395995
893	1893	2893	9	9.28643513080801
894	1894	2894	9	9.791569241974749
895	1895	2895	9	10.27549787151276
896	1896	2896	9	8.538971780708192
897	1897	2897	9	10.955823440472134
898	1898	2898	9	8.864005215771789
899	1899	2899	9	5.607394335063968
900	1900	2900	9	30.46472204366721
901	1901	2901	9	9.68276118783727
902	1902	2902	9	30.052815368351034
903	1903	2903	9	29.1560862225002
904	1904	2904	9	9.538677422515034
905	1905	2905	9	11.452290669156902
906	1906	2906	9	11.530222158520553
907	1907	2907	9	10.493297080267752
908	1908	2908	9	11.301871251593605
909	1909	2909	9	10.428137168417551
910	1910	2910	9	11.379031271307305
911	1911	2911	9	9.996096648884741
912	1912	2912	9	9.408026202715487
913	1913	2913	9	31.123195902312773
914	1914	2914	9	31.48963337268581
915	1915	2915	9	8.531051511399788
916	1916	2916	9	10.449025443413328
917	1917	2917	9	30.660732127513192
918	1918	2918	9	27.261825403018882
919	1919	2919	9	11.828366954576085
920	1920	2920	9	10.059171423418617
921	1921	2921	9	9.902049354656489
922	1922	2922	9	9.018069069759203
923	1923	2923	9	11.000185486907542
924	1924	2924	9	11.138930788515111
925	1925	2925	9	8.678061215656511
926	1926	2926	9	10.492177680222403
927	1927	2927	9	29.91515906109156
928	1928	2928	9	12.281762528727285
929	1929	2929	9	30.994785602131063
930	1930	2930	9	10.641308886791801
931	1931	2931	9	9.692117147866457
932	1932	2932	9	9.974232250949362
933	1933	2933	9	10.080641377825492
934	1934	2934	9	10.494887973426433
935	1935	2935	9	10.602722013091993
936	1936	2936	9	28.97232643198977
937	1937	2937	9	31.077617715002532
938	1938	2938	9	8.854306921740744
939	1939	2939	9	8.744948299200912
940	1940	2940	9	10.936388941766412
941	1941	2941	9	10.254294936358704
942	1942	2942	9	29.982554081360924
943	1943	2943	9	9.341585623466248
944	1944	2944	9	160.75255527907726
945	1945	2945	9	8.145328868241954
946	1946	2946	9	10.506212113677337
947	1947	2947	9	11.168898331954065
948	1948	2948	9	12.27158372081711
949	1949	2949	9	11.93703035568117
950	1950	2950	9	10.676185397385025
951	1951	2951	9	30.484324274772725
952	1952	2952	9	30.484644048014324
953	1953	2953	9	9.416625647620254
954	1954	2954	9	30.195607779404774
955	1955	2955	9	10.57214147874018
956	1956	2956	9	30.674477038258065
957	1957	2957	9	8.443815313709345
958	1958	2958	9	10.127010791660808
959	1959	2959	9	11.498557655224738
960	1960	2960	9	29.593577151662412
961	1961	2961	9	10.685879467168542
962	1962	2962	9	11.432646018143082
963	1963	2963	9	11.16816132812063
964	1964	2964	9	9.620567872995586
965	1965	2965	9	10.114487385980759
966	1966	2966	9	8.8752739599377
967	1967	2967	9	10.330724730036085
968	1968	2968	9	9.710092625730985
969	1969	2969	9	10.46373093624385
970	1970	2970	9	7.733353399147903
971	1971	2971	9	8.035065566328411
972	1972	2972	9	10.758682879613971
973	1973	2973	9	11.309907393907434
974	1974	2974	9	10.986717938340549
975	1975	2975	9	9.53625877283287
976	1976	2976	9	10.16250323017501
977	1977	2977	9	9.610734830085766
978	1978	2978	9	11.223497697811803
979	1979	2979	9	7.798197700617468
980	1980	2980	9	10.29187320643008
981	1981	2981	9	10.249921561786534
982	1982	2982	9	11.20225480464289
983	1983	2983	9	9.2182624008936
984	1984	2984	9	10.955674102605656
985	1985	2985	9	11.405769938795224
986	1986	2986	9	9.509499144843188
987	1987	2987	9	159.1559612139215
988	1988	2988	9	9.895059151688901
989	1989	2989	9	9.9317795743268
990	1990	2990	9	29.59383165670764
991	1991	2991	9	30.999639663603226
992	1992	2992	9	10.044283878978359
993	1993	2993	9	9.11638397089825
994	1994	2994	9	30.848439119361668
995	1995	2995	9	8.90928636819082
996	1996	2996	9	30.92777737271417
997	1997	2997	9	160.10478170310742
998	1998	2998	9	10.26788821080426
999	1999	2999	9	9.500979725535007
1000	2000	3000	9	10.28018083760254
