ind_ID	father_ID	mother_ID	Sex	Phenotype
0	1000	2000	-1	28.757216854918067
1	1001	2001	-1	11.0054395602794
2	1002	2002	-1	9.984703832844529
3	1003	2003	-1	27.884397340252214
4	1004	2004	-1	10.33036481460946
5	1005	2005	-1	10.076074241465252
6	1006	2006	-1	10.784845963370204
7	1007	2007	-1	8.876586978527312
8	1008	2008	-1	12.271501914527562
9	1009	2009	-1	10.220182489404841
10	1010	2010	-1	29.52177570635452
11	1011	2011	-1	8.244289754689891
12	1012	2012	-1	10.28579590987505
13	1013	2013	-1	8.491788124154944
14	1014	2014	-1	10.006610054769869
15	1015	2015	-1	31.221137592674634
16	1016	2016	-1	12.286709924692154
17	1017	2017	-1	9.55963731064068
18	1018	2018	-1	10.133208710183979
19	1019	2019	-1	10.018078556204891
20	1020	2020	-1	9.519058550105063
21	1021	2021	-1	11.059971626033347
22	1022	2022	-1	10.544838410765594
23	1023	2023	-1	9.253255472849553
24	1024	2024	-1	10.073579724916153
25	1025	2025	-1	9.065055085847058
26	1026	2026	-1	9.808258622371143
27	1027	2027	-1	11.986137959082395
28	1028	2028	-1	9.29362973644592
29	1029	2029	-1	10.777285946352002
30	1030	2030	-1	8.758663836242377
31	1031	2031	-1	10.121123820866856
32	1032	2032	-1	5.105780152936434
33	1033	2033	-1	9.382244970672842
34	1034	2034	-1	9.607796593287809
35	1035	2035	-1	10.717215826968491
36	1036	2036	-1	9.209088274306508
37	1037	2037	-1	30.52453176709568
38	1038	2038	-1	10.024992900392235
39	1039	2039	-1	28.553365213522312
40	1040	2040	-1	8.621432082736478
41	1041	2041	-1	10.322475789082786
42	1042	2042	-1	10.551029928681878
43	1043	2043	-1	10.517657467314926
44	1044	2044	-1	8.509895492261677
45	1045	2045	-1	30.729674838545876
46	1046	2046	-1	10.250133664362808
47	1047	2047	-1	9.480389634265991
48	1048	2048	-1	27.954832323376692
49	1049	2049	-1	10.83953649160686
50	1050	2050	-1	10.179503611755516
51	1051	2051	-1	10.139812396064213
52	1052	2052	-1	9.988488818491904
53	1053	2053	-1	10.986933532233866
54	1054	2054	-1	10.260247911240032
55	1055	2055	-1	159.6392881561639
56	1056	2056	-1	9.792768352212015
57	1057	2057	-1	8.425620815238895
58	1058	2058	-1	10.166252380572182
59	1059	2059	-1	8.187174541126067
60	1060	2060	-1	9.961999272670115
61	1061	2061	-1	29.368992599341077
62	1062	2062	-1	10.293566947765658
63	1063	2063	-1	11.34000039453278
64	1064	2064	-1	9.43126508001242
65	1065	2065	-1	9.932268310363582
66	1066	2066	-1	160.59173978977446
67	1067	2067	-1	6.7769438915514275
68	1068	2068	-1	9.982198959912203
69	1069	2069	-1	9.11245460654749
70	1070	2070	-1	9.864363206814101
71	1071	2071	-1	11.339764218534423
72	1072	2072	-1	9.396948615520168
73	1073	2073	-1	10.36214153602309
74	1074	2074	-1	10.336561863734167
75	1075	2075	-1	9.941334613200919
76	1076	2076	-1	10.061211382227295
77	1077	2077	-1	32.48180844670049
78	1078	2078	-1	28.692305956284866
79	1079	2079	-1	8.65779878033455
80	1080	2080	-1	10.155672124869698
81	1081	2081	-1	12.221157588345456
82	1082	2082	-1	7.302411170917313
83	1083	2083	-1	11.224968143776312
84	1084	2084	-1	9.291612302070488
85	1085	2085	-1	10.769135718292784
86	1086	2086	-1	10.788283862348294
87	1087	2087	-1	10.003990584889694
88	1088	2088	-1	9.864968249321992
89	1089	2089	-1	11.014004969402222
90	1090	2090	-1	29.822426216020137
91	1091	2091	-1	9.40453950403884
92	1092	2092	-1	10.079315744313424
93	1093	2093	-1	11.598751003622166
94	1094	2094	-1	9.54568697239416
95	1095	2095	-1	11.122354906393944
96	1096	2096	-1	10.763204225902765
97	1097	2097	-1	9.79511750295907
98	1098	2098	-1	10.526023143910214
99	1099	2099	-1	10.326154128331716
100	1100	2100	-1	9.226059718551987
101	1101	2101	-1	7.987248180018193
102	1102	2102	-1	9.193008318451032
103	1103	2103	-1	10.82957359223768
104	1104	2104	-1	10.670504422203411
105	1105	2105	-1	9.054705874263574
106	1106	2106	-1	10.785670425315113
107	1107	2107	-1	9.862889303173795
108	1108	2108	-1	6.3659482408701145
109	1109	2109	-1	9.413002699879934
110	1110	2110	-1	10.130691278646921
111	1111	2111	-1	7.954743604578342
112	1112	2112	-1	7.8814522083973495
113	1113	2113	-1	9.546290921420992
114	1114	2114	-1	11.22337997327918
115	1115	2115	-1	9.710899887185954
116	1116	2116	-1	30.951765347874513
117	1117	2117	-1	10.95839077098638
118	1118	2118	-1	8.750908616663198
119	1119	2119	-1	9.842196331544361
120	1120	2120	-1	9.790099028686939
121	1121	2121	-1	10.282880153394254
122	1122	2122	-1	29.736420958459053
123	1123	2123	-1	30.39773057684606
124	1124	2124	-1	9.820692501835069
125	1125	2125	-1	10.253034742875366
126	1126	2126	-1	29.935987255029758
127	1127	2127	-1	9.734680462599128
128	1128	2128	-1	10.669945600653799
129	1129	2129	-1	30.32503668661655
130	1130	2130	-1	11.164586468156049
131	1131	2131	-1	10.182202758056864
132	1132	2132	-1	9.95429457812914
133	1133	2133	-1	28.93157067340521
134	1134	2134	-1	30.124304483382865
135	1135	2135	-1	10.67710865118447
136	1136	2136	-1	10.785423798979023
137	1137	2137	-1	10.445729910455078
138	1138	2138	-1	28.763540469163594
139	1139	2139	-1	10.589052110903284
140	1140	2140	-1	10.912186640481753
141	1141	2141	-1	9.266959574843327
142	1142	2142	-1	8.84669291379993
143	1143	2143	-1	9.981253300368333
144	1144	2144	-1	11.506672930190241
145	1145	2145	-1	8.131424380265798
146	1146	2146	-1	3.9790510666322616
147	1147	2147	-1	8.598687346550442
148	1148	2148	-1	10.617610112309803
149	1149	2149	-1	7.4473930479232315
150	1150	2150	-1	9.097724933252046
151	1151	2151	-1	9.533281393163007
152	1152	2152	-1	10.471663759264187
153	1153	2153	-1	8.233345731705848
154	1154	2154	-1	159.86787536115867
155	1155	2155	-1	10.694527563867338
156	1156	2156	-1	10.85961488754934
157	1157	2157	-1	9.297468019454923
158	1158	2158	-1	10.142370300518788
159	1159	2159	-1	29.371045893513063
160	1160	2160	-1	9.404215413394873
161	1161	2161	-1	9.363595425715918
162	1162	2162	-1	7.891265860927809
163	1163	2163	-1	9.493940928598041
164	1164	2164	-1	8.710912297502736
165	1165	2165	-1	30.811698054149435
166	1166	2166	-1	9.853541321552418
167	1167	2167	-1	160.51217858624787
168	1168	2168	-1	8.373327459793494
169	1169	2169	-1	159.15433070867334
170	1170	2170	-1	10.194689369358601
171	1171	2171	-1	9.467111107742236
172	1172	2172	-1	9.949063093508668
173	1173	2173	-1	11.469361025788427
174	1174	2174	-1	18.82677307533185
175	1175	2175	-1	9.430642660662608
176	1176	2176	-1	29.66360032014678
177	1177	2177	-1	11.072898715288172
178	1178	2178	-1	160.26197126156546
179	1179	2179	-1	10.286529552233661
180	1180	2180	-1	159.3722655214904
181	1181	2181	-1	9.131698394299136
182	1182	2182	-1	8.465457291071065
183	1183	2183	-1	9.007979427243475
184	1184	2184	-1	11.44955208480447
185	1185	2185	-1	10.733011759643093
186	1186	2186	-1	11.770124477449285
187	1187	2187	-1	11.282386055350946
188	1188	2188	-1	12.270472489029869
189	1189	2189	-1	11.458241110810992
190	1190	2190	-1	9.457628477517016
191	1191	2191	-1	9.156730294019482
192	1192	2192	-1	12.227029102116003
193	1193	2193	-1	10.894919259544784
194	1194	2194	-1	8.86007340792589
195	1195	2195	-1	10.295523984122072
196	1196	2196	-1	9.842808474970159
197	1197	2197	-1	9.458252691499082
198	1198	2198	-1	8.721649928776436
199	1199	2199	-1	32.231009657607174
200	1200	2200	-1	11.075906338216786
201	1201	2201	-1	10.073091415081029
202	1202	2202	-1	31.773102752403656
203	1203	2203	-1	31.71354304227916
204	1204	2204	-1	11.04725195499818
205	1205	2205	-1	10.845004288707589
206	1206	2206	-1	10.479665998904503
207	1207	2207	-1	9.51310976700232
208	1208	2208	-1	9.533707555180182
209	1209	2209	-1	6.559124618565779
210	1210	2210	-1	10.710685830664822
211	1211	2211	-1	9.475829596476897
212	1212	2212	-1	8.789776054949309
213	1213	2213	-1	9.413326743182434
214	1214	2214	-1	9.829140288977202
215	1215	2215	-1	10.254105877902612
216	1216	2216	-1	10.249983041558016
217	1217	2217	-1	8.870246837230912
218	1218	2218	-1	8.258614246392284
219	1219	2219	-1	10.774921942936325
220	1220	2220	-1	9.84265991340511
221	1221	2221	-1	28.076571245119545
222	1222	2222	-1	11.651659014112992
223	1223	2223	-1	10.85812477143042
224	1224	2224	-1	10.776606376750793
225	1225	2225	-1	10.910977267386999
226	1226	2226	-1	10.500106063948534
227	1227	2227	-1	10.420194917000822
228	1228	2228	-1	9.65265686421484
229	1229	2229	-1	10.745589392316614
230	1230	2230	-1	10.887610783580158
231	1231	2231	-1	12.28877037761523
232	1232	2232	-1	9.530121883731491
233	1233	2233	-1	9.725272088769458
234	1234	2234	-1	9.616034260687684
235	1235	2235	-1	9.41657390870781
236	1236	2236	-1	9.340867303348412
237	1237	2237	-1	10.51654511830699
238	1238	2238	-1	10.357195108801205
239	1239	2239	-1	8.822493187058848
240	1240	2240	-1	11.279243886424215
241	1241	2241	-1	10.76739754953178
242	1242	2242	-1	10.13728453452034
243	1243	2243	-1	10.889095408392546
244	1244	2244	-1	10.828074832584145
245	1245	2245	-1	9.697876677531802
246	1246	2246	-1	9.32754285460202
247	1247	2247	-1	9.005940920399462
248	1248	2248	-1	9.75696368303648
249	1249	2249	-1	10.316658193965825
250	1250	2250	-1	11.249583165184402
251	1251	2251	-1	7.715176918499557
252	1252	2252	-1	9.836331117288397
253	1253	2253	-1	11.722120116260145
254	1254	2254	-1	10.319202352422902
255	1255	2255	-1	11.298360348993384
256	1256	2256	-1	11.237637089773356
257	1257	2257	-1	8.862207192353775
258	1258	2258	-1	11.815503651951667
259	1259	2259	-1	11.500463797514021
260	1260	2260	-1	160.97295137704612
261	1261	2261	-1	10.297032810310448
262	1262	2262	-1	29.870610244716215
263	1263	2263	-1	9.97946451227776
264	1264	2264	-1	10.081917593691006
265	1265	2265	-1	9.47478294584209
266	1266	2266	-1	9.77386376889371
267	1267	2267	-1	9.251120749097966
268	1268	2268	-1	8.478667986599723
269	1269	2269	-1	9.749456748320819
270	1270	2270	-1	8.561874939466904
271	1271	2271	-1	8.340497293868157
272	1272	2272	-1	9.708621541619957
273	1273	2273	-1	9.367378318165953
274	1274	2274	-1	10.857082271748583
275	1275	2275	-1	9.570305358593306
276	1276	2276	-1	10.237000251649443
277	1277	2277	-1	11.334800518639211
278	1278	2278	-1	10.525114626370613
279	1279	2279	-1	9.020889603024207
280	1280	2280	-1	30.595356470003836
281	1281	2281	-1	8.460587662034486
282	1282	2282	-1	9.814332888320402
283	1283	2283	-1	11.251736645113459
284	1284	2284	-1	10.481735191324036
285	1285	2285	-1	11.80358598716427
286	1286	2286	-1	10.036295220011915
287	1287	2287	-1	479.7477941441803
288	1288	2288	-1	10.130777819640493
289	1289	2289	-1	29.637411237430886
290	1290	2290	-1	31.02884176921185
291	1291	2291	-1	10.748125078512427
292	1292	2292	-1	10.607575041619686
293	1293	2293	-1	9.823787747845111
294	1294	2294	-1	10.31743190048914
295	1295	2295	-1	8.939555777365047
296	1296	2296	-1	8.881708026688125
297	1297	2297	-1	8.957693692990093
298	1298	2298	-1	10.421755413272594
299	1299	2299	-1	8.786494073503956
300	1300	2300	-1	9.786310049874425
301	1301	2301	-1	11.526707492086576
302	1302	2302	-1	11.097112373951337
303	1303	2303	-1	30.07516119076686
304	1304	2304	-1	28.609348861233222
305	1305	2305	-1	10.65906748181678
306	1306	2306	-1	11.293526310059617
307	1307	2307	-1	11.984037141050205
308	1308	2308	-1	2.810710460755868
309	1309	2309	-1	9.990234857876613
310	1310	2310	-1	10.007463898812496
311	1311	2311	-1	11.068977537589582
312	1312	2312	-1	10.169760741757365
313	1313	2313	-1	10.83817875016956
314	1314	2314	-1	9.371691865789778
315	1315	2315	-1	9.832324092660862
316	1316	2316	-1	9.176714199368403
317	1317	2317	-1	10.648948018026456
318	1318	2318	-1	11.853335909627509
319	1319	2319	-1	10.56304306684498
320	1320	2320	-1	10.310999682847665
321	1321	2321	-1	10.02063799613407
322	1322	2322	-1	9.462326727611659
323	1323	2323	-1	8.564381732446389
324	1324	2324	-1	11.727646289471695
325	1325	2325	-1	8.002647950396563
326	1326	2326	-1	9.238238789756217
327	1327	2327	-1	10.406169482170524
328	1328	2328	-1	10.018892115552804
329	1329	2329	-1	9.112269113433815
330	1330	2330	-1	9.023542732897939
331	1331	2331	-1	10.177089111185929
332	1332	2332	-1	8.688123741636238
333	1333	2333	-1	8.95766588096613
334	1334	2334	-1	10.281266349792613
335	1335	2335	-1	8.603461568186503
336	1336	2336	-1	10.713311176037564
337	1337	2337	-1	8.077780181107038
338	1338	2338	-1	9.16847100772684
339	1339	2339	-1	9.455451942358282
340	1340	2340	-1	9.83090450952843
341	1341	2341	-1	10.482994297552766
342	1342	2342	-1	10.299949681895193
343	1343	2343	-1	10.001980234657848
344	1344	2344	-1	11.259590132025636
345	1345	2345	-1	8.398204717779473
346	1346	2346	-1	10.852633656203292
347	1347	2347	-1	32.474452984111025
348	1348	2348	-1	9.902816938422495
349	1349	2349	-1	8.578483859002802
350	1350	2350	-1	9.764382642409103
351	1351	2351	-1	9.502567066450556
352	1352	2352	-1	11.843599147413705
353	1353	2353	-1	7.143794874332503
354	1354	2354	-1	10.780456900461306
355	1355	2355	-1	9.66813806145611
356	1356	2356	-1	29.23455186159599
357	1357	2357	-1	10.218348750807204
358	1358	2358	-1	9.743603826471176
359	1359	2359	-1	159.4566344569623
360	1360	2360	-1	8.016570003371037
361	1361	2361	-1	9.516232582510195
362	1362	2362	-1	11.069947388429478
363	1363	2363	-1	9.709452515859859
364	1364	2364	-1	11.359961766652695
365	1365	2365	-1	9.502026716259973
366	1366	2366	-1	9.791070863171353
367	1367	2367	-1	8.400454745444625
368	1368	2368	-1	10.35028628570164
369	1369	2369	-1	9.693785664248498
370	1370	2370	-1	10.496721477321483
371	1371	2371	-1	11.219782841194624
372	1372	2372	-1	11.278485460483955
373	1373	2373	-1	11.326562939407783
374	1374	2374	-1	10.31246747280926
375	1375	2375	-1	11.282529547276724
376	1376	2376	-1	9.860001571359923
377	1377	2377	-1	11.178228891312443
378	1378	2378	-1	10.37189175594819
379	1379	2379	-1	10.498126502519755
380	1380	2380	-1	8.35925934254517
381	1381	2381	-1	9.559199820916367
382	1382	2382	-1	10.569374968280432
383	1383	2383	-1	11.57290320026522
384	1384	2384	-1	7.803019428886357
385	1385	2385	-1	29.501952203100256
386	1386	2386	-1	11.848920680894068
387	1387	2387	-1	10.103585085014508
388	1388	2388	-1	10.615084271447863
389	1389	2389	-1	10.365891834966728
390	1390	2390	-1	10.054733635728889
391	1391	2391	-1	9.545464518665904
392	1392	2392	-1	9.572724715067594
393	1393	2393	-1	9.433461306473713
394	1394	2394	-1	160.51238241598446
395	1395	2395	-1	159.8120601173428
396	1396	2396	-1	29.31330933485666
397	1397	2397	-1	8.928445807006431
398	1398	2398	-1	10.935493517109231
399	1399	2399	-1	10.045321684856015
400	1400	2400	-1	157.30750157020384
401	1401	2401	-1	10.676406039468056
402	1402	2402	-1	11.503717593081253
403	1403	2403	-1	10.74227121998655
404	1404	2404	-1	10.687897776412157
405	1405	2405	-1	9.8461822284565
406	1406	2406	-1	11.260336162956445
407	1407	2407	-1	9.04005702939556
408	1408	2408	-1	10.251614098383731
409	1409	2409	-1	9.879963767110135
410	1410	2410	-1	11.696560175414753
411	1411	2411	-1	10.229558153639603
412	1412	2412	-1	10.127643971226352
413	1413	2413	-1	9.539377561840775
414	1414	2414	-1	9.387359232079367
415	1415	2415	-1	28.73726428944005
416	1416	2416	-1	8.982594105312517
417	1417	2417	-1	8.710800541982453
418	1418	2418	-1	9.491558076736993
419	1419	2419	-1	8.883246563710902
420	1420	2420	-1	10.175354745231784
421	1421	2421	-1	10.38517077504667
422	1422	2422	-1	10.814779989870209
423	1423	2423	-1	11.131513638814436
424	1424	2424	-1	9.631374811082734
425	1425	2425	-1	8.169077549441877
426	1426	2426	-1	11.12370071463668
427	1427	2427	-1	9.990850137106445
428	1428	2428	-1	10.536995811543092
429	1429	2429	-1	10.69661530918542
430	1430	2430	-1	29.949714060416888
431	1431	2431	-1	10.149645588499375
432	1432	2432	-1	10.150380995167547
433	1433	2433	-1	10.363303302470023
434	1434	2434	-1	12.01164405261526
435	1435	2435	-1	11.30244254690277
436	1436	2436	-1	9.300658435426648
437	1437	2437	-1	9.198266707247779
438	1438	2438	-1	9.99616720612016
439	1439	2439	-1	10.508118986381772
440	1440	2440	-1	29.87941522266466
441	1441	2441	-1	10.710508204516815
442	1442	2442	-1	8.147649208031398
443	1443	2443	-1	10.232418940759823
444	1444	2444	-1	9.723829970999537
445	1445	2445	-1	11.286800741465086
446	1446	2446	-1	9.347414094592793
447	1447	2447	-1	10.696829911492808
448	1448	2448	-1	10.273849539490588
449	1449	2449	-1	9.845709292080919
450	1450	2450	-1	10.255927955809344
451	1451	2451	-1	11.505296834999836
452	1452	2452	-1	10.570287067192616
453	1453	2453	-1	9.216853612008636
454	1454	2454	-1	21.110980107337287
455	1455	2455	-1	9.699457005308096
456	1456	2456	-1	10.403805533823272
457	1457	2457	-1	9.130237083200852
458	1458	2458	-1	8.993786820437489
459	1459	2459	-1	30.055113344921054
460	1460	2460	-1	9.587690985341762
461	1461	2461	-1	10.741655549997677
462	1462	2462	-1	9.787719833124719
463	1463	2463	-1	11.492840707651816
464	1464	2464	-1	10.198674457169203
465	1465	2465	-1	9.678274280406072
466	1466	2466	-1	9.785902381061302
467	1467	2467	-1	9.863708866788516
468	1468	2468	-1	8.683308350014492
469	1469	2469	-1	30.383244749947377
470	1470	2470	-1	11.231533575072199
471	1471	2471	-1	10.990119544870712
472	1472	2472	-1	8.869963002347077
473	1473	2473	-1	10.170541686642652
474	1474	2474	-1	9.455447387529667
475	1475	2475	-1	9.162451938348365
476	1476	2476	-1	11.757953663155735
477	1477	2477	-1	9.037235980392849
478	1478	2478	-1	10.379604551017204
479	1479	2479	-1	11.951818007652435
480	1480	2480	-1	9.839616330685663
481	1481	2481	-1	11.14250114793215
482	1482	2482	-1	10.002068452183368
483	1483	2483	-1	9.8255184079702
484	1484	2484	-1	8.696314935946281
485	1485	2485	-1	10.5850502209165
486	1486	2486	-1	9.789684034553405
487	1487	2487	-1	10.343542219705409
488	1488	2488	-1	9.183320047551849
489	1489	2489	-1	9.328668226792205
490	1490	2490	-1	29.561503567396656
491	1491	2491	-1	31.777595991793024
492	1492	2492	-1	10.715096014618444
493	1493	2493	-1	11.008174476620322
494	1494	2494	-1	10.560184420827316
495	1495	2495	-1	6.503756981445225
496	1496	2496	-1	10.65533663032966
497	1497	2497	-1	28.618644931753266
498	1498	2498	-1	30.125453188549518
499	1499	2499	-1	9.957051216000535
500	1500	2500	-1	28.7516997191409
501	1501	2501	-1	30.306702832200518
502	1502	2502	-1	8.677319228733076
503	1503	2503	-1	9.726885387247972
504	1504	2504	-1	11.582494370357441
505	1505	2505	-1	10.690540650563808
506	1506	2506	-1	10.629645694502075
507	1507	2507	-1	9.062205169525438
508	1508	2508	-1	10.349264281439039
509	1509	2509	-1	11.928736273689552
510	1510	2510	-1	29.116232205136384
511	1511	2511	-1	10.310180130055937
512	1512	2512	-1	9.818121241820927
513	1513	2513	-1	10.593364533567474
514	1514	2514	-1	11.105465253441684
515	1515	2515	-1	31.53762057234714
516	1516	2516	-1	10.505265065273626
517	1517	2517	-1	10.189968043645255
518	1518	2518	-1	9.949570374176565
519	1519	2519	-1	10.385486479205143
520	1520	2520	-1	10.244806111136809
521	1521	2521	-1	10.393421772538186
522	1522	2522	-1	10.233145461817385
523	1523	2523	-1	9.61106537747423
524	1524	2524	-1	10.160362911025937
525	1525	2525	-1	10.953804210866089
526	1526	2526	-1	10.708475317673736
527	1527	2527	-1	10.257787293566327
528	1528	2528	-1	8.327980054535107
529	1529	2529	-1	10.196697264700882
530	1530	2530	-1	8.091454034843924
531	1531	2531	-1	11.3486515877983
532	1532	2532	-1	10.69965134123661
533	1533	2533	-1	6.2848810604222125
534	1534	2534	-1	9.227458561319535
535	1535	2535	-1	4.828682806482625
536	1536	2536	-1	10.56316830213292
537	1537	2537	-1	11.276888469665193
538	1538	2538	-1	8.79934638051415
539	1539	2539	-1	11.641864531252287
540	1540	2540	-1	10.74156535805603
541	1541	2541	-1	7.832893326726278
542	1542	2542	-1	9.910694423794569
543	1543	2543	-1	9.554420632363822
544	1544	2544	-1	10.915843149938986
545	1545	2545	-1	8.659599710063246
546	1546	2546	-1	10.662145666610268
547	1547	2547	-1	10.353690130097693
548	1548	2548	-1	10.151746848000286
549	1549	2549	-1	10.917127728501304
550	1550	2550	-1	8.856406959292615
551	1551	2551	-1	10.713698143777322
552	1552	2552	-1	11.377950378678905
553	1553	2553	-1	9.390942851157993
554	1554	2554	-1	10.768024699061371
555	1555	2555	-1	31.884483403584287
556	1556	2556	-1	10.983644004833941
557	1557	2557	-1	10.925024799424762
558	1558	2558	-1	10.674388953039031
559	1559	2559	-1	10.828163406818152
560	1560	2560	-1	9.535417830926466
561	1561	2561	-1	9.377935177415637
562	1562	2562	-1	9.88325076428647
563	1563	2563	-1	10.863783569089778
564	1564	2564	-1	10.811717949134055
565	1565	2565	-1	9.084563837410881
566	1566	2566	-1	8.45792947626116
567	1567	2567	-1	8.56761166830263
568	1568	2568	-1	11.356021113476343
569	1569	2569	-1	10.757867049539875
570	1570	2570	-1	158.58316227014112
571	1571	2571	-1	11.41409351739131
572	1572	2572	-1	30.290747159849648
573	1573	2573	-1	10.605859943725276
574	1574	2574	-1	8.715354954619391
575	1575	2575	-1	9.504527834927174
576	1576	2576	-1	8.750544456372237
577	1577	2577	-1	10.08699098540806
578	1578	2578	-1	11.822660049881515
579	1579	2579	-1	11.027421320251342
580	1580	2580	-1	9.950725739618093
581	1581	2581	-1	8.732360092038315
582	1582	2582	-1	9.206059186029279
583	1583	2583	-1	9.54924802565677
584	1584	2584	-1	9.135489012413368
585	1585	2585	-1	9.938651281331271
586	1586	2586	-1	10.377306765404175
587	1587	2587	-1	10.16959965986139
588	1588	2588	-1	9.558238281859472
589	1589	2589	-1	10.786791940590625
590	1590	2590	-1	9.215718848577877
591	1591	2591	-1	11.058794772215746
592	1592	2592	-1	28.98908222342839
593	1593	2593	-1	30.461627621684205
594	1594	2594	-1	29.19365063469855
595	1595	2595	-1	10.560602946211386
596	1596	2596	-1	10.17456949795149
597	1597	2597	-1	10.379983966187375
598	1598	2598	-1	10.35496790811328
599	1599	2599	-1	9.3705595647557
600	1600	2600	-1	10.808341870201835
601	1601	2601	-1	9.449805152333772
602	1602	2602	-1	10.012581174076525
603	1603	2603	-1	10.527218364123549
604	1604	2604	-1	8.163073119379991
605	1605	2605	-1	29.30476893087005
606	1606	2606	-1	10.353735880795453
607	1607	2607	-1	10.562426020417934
608	1608	2608	-1	12.46137709464648
609	1609	2609	-1	8.859118291834669
610	1610	2610	-1	7.773155571006118
611	1611	2611	-1	8.820396035120286
612	1612	2612	-1	8.443523727945527
613	1613	2613	-1	9.259570170083157
614	1614	2614	-1	10.4007451891016
615	1615	2615	-1	10.142234153108303
616	1616	2616	-1	8.686967527136582
617	1617	2617	-1	9.297432966557617
618	1618	2618	-1	9.5617950279637
619	1619	2619	-1	9.637080769920702
620	1620	2620	-1	10.080547340870302
621	1621	2621	-1	8.450316387211402
622	1622	2622	-1	29.26013321679885
623	1623	2623	-1	29.46457617162841
624	1624	2624	-1	11.650618497147871
625	1625	2625	-1	9.345691314846814
626	1626	2626	-1	11.665055807050766
627	1627	2627	-1	9.21625712938082
628	1628	2628	-1	10.685590839372736
629	1629	2629	-1	10.7569278816921
630	1630	2630	-1	9.817007220948296
631	1631	2631	-1	10.498897220723036
632	1632	2632	-1	8.94967153339314
633	1633	2633	-1	29.89899822062059
634	1634	2634	-1	9.260125336819536
635	1635	2635	-1	479.3365796447437
636	1636	2636	-1	11.769982331444453
637	1637	2637	-1	12.001758587705964
638	1638	2638	-1	10.669964526622183
639	1639	2639	-1	10.525202642379607
640	1640	2640	-1	8.25224300059298
641	1641	2641	-1	8.954206999144155
642	1642	2642	-1	29.615050700983037
643	1643	2643	-1	7.34831201744962
644	1644	2644	-1	8.959181586612585
645	1645	2645	-1	10.473035656569007
646	1646	2646	-1	8.792038703198962
647	1647	2647	-1	11.87422907726444
648	1648	2648	-1	29.384436712135987
649	1649	2649	-1	30.508187031404322
650	1650	2650	-1	10.618582260222441
651	1651	2651	-1	8.367661429530788
652	1652	2652	-1	10.267301427956951
653	1653	2653	-1	9.937238345795711
654	1654	2654	-1	10.720624034659712
655	1655	2655	-1	9.086893328960533
656	1656	2656	-1	9.6655956075129
657	1657	2657	-1	10.644713282212825
658	1658	2658	-1	11.660568273707124
659	1659	2659	-1	11.427983142493959
660	1660	2660	-1	10.082060994774404
661	1661	2661	-1	10.178409648608636
662	1662	2662	-1	11.137150754227804
663	1663	2663	-1	11.452714844102289
664	1664	2664	-1	11.373768561482954
665	1665	2665	-1	10.788530741854577
666	1666	2666	-1	11.34095725034906
667	1667	2667	-1	8.652849349398927
668	1668	2668	-1	11.088458370542531
669	1669	2669	-1	7.774481399018805
670	1670	2670	-1	160.56217593317632
671	1671	2671	-1	9.547472603175557
672	1672	2672	-1	10.960825701230164
673	1673	2673	-1	9.641365012374889
674	1674	2674	-1	11.217811130371945
675	1675	2675	-1	10.498510633823754
676	1676	2676	-1	10.263752485058246
677	1677	2677	-1	9.44646565330404
678	1678	2678	-1	9.720384601610165
679	1679	2679	-1	10.052412814921178
680	1680	2680	-1	8.643483092230833
681	1681	2681	-1	9.85023117592666
682	1682	2682	-1	10.223851678834698
683	1683	2683	-1	11.29088716902787
684	1684	2684	-1	11.303531214383604
685	1685	2685	-1	10.891297105959556
686	1686	2686	-1	10.220348777983949
687	1687	2687	-1	10.183667701767822
688	1688	2688	-1	10.10844850487768
689	1689	2689	-1	9.625372054293498
690	1690	2690	-1	9.303706637639621
691	1691	2691	-1	9.189707257611255
692	1692	2692	-1	9.144758582869711
693	1693	2693	-1	28.19418022046902
694	1694	2694	-1	8.794700252186527
695	1695	2695	-1	160.33285677524518
696	1696	2696	-1	11.536592970392713
697	1697	2697	-1	10.22406849465026
698	1698	2698	-1	8.395457376670878
699	1699	2699	-1	9.663742454383165
700	1700	2700	-1	9.732247984611478
701	1701	2701	-1	12.046038444427696
702	1702	2702	-1	8.56285875279271
703	1703	2703	-1	10.438487254834678
704	1704	2704	-1	11.13646587598656
705	1705	2705	-1	10.324091689056242
706	1706	2706	-1	241.3989052851079
707	1707	2707	-1	9.93414439679405
708	1708	2708	-1	10.535327792706868
709	1709	2709	-1	12.252613435066138
710	1710	2710	-1	31.196692375001657
711	1711	2711	-1	12.000558274460872
712	1712	2712	-1	10.105728933157165
713	1713	2713	-1	8.98770679828778
714	1714	2714	-1	10.050296949050981
715	1715	2715	-1	9.628160705166783
716	1716	2716	-1	9.865272019081665
717	1717	2717	-1	8.240456550607671
718	1718	2718	-1	10.515904612528027
719	1719	2719	-1	19.099708129005677
720	1720	2720	-1	9.665335489531016
721	1721	2721	-1	10.023737921594465
722	1722	2722	-1	10.088961680592785
723	1723	2723	-1	21.773810981677688
724	1724	2724	-1	11.129242323331617
725	1725	2725	-1	30.106725548176694
726	1726	2726	-1	9.147634400289343
727	1727	2727	-1	10.951478727562753
728	1728	2728	-1	10.382056652828918
729	1729	2729	-1	8.398664321248331
730	1730	2730	-1	10.727981460663571
731	1731	2731	-1	10.532720945292073
732	1732	2732	-1	29.40814074840607
733	1733	2733	-1	9.949821463942481
734	1734	2734	-1	10.951585225284086
735	1735	2735	-1	10.065639836906357
736	1736	2736	-1	10.548677070641173
737	1737	2737	-1	10.090925277720686
738	1738	2738	-1	9.560009444733897
739	1739	2739	-1	10.313954692359443
740	1740	2740	-1	8.14297773763794
741	1741	2741	-1	12.034581826695764
742	1742	2742	-1	11.478049943774923
743	1743	2743	-1	10.301828475221727
744	1744	2744	-1	8.56421980558442
745	1745	2745	-1	10.430884628845067
746	1746	2746	-1	11.168699997883465
747	1747	2747	-1	8.612746385227702
748	1748	2748	-1	9.034683569369417
749	1749	2749	-1	9.136443471060156
750	1750	2750	-1	9.205560406487965
751	1751	2751	-1	10.4072781898692
752	1752	2752	-1	11.98113183159202
753	1753	2753	-1	159.59787032575463
754	1754	2754	-1	9.29716819196728
755	1755	2755	-1	9.475926996917055
756	1756	2756	-1	8.843310081351655
757	1757	2757	-1	10.603388988923475
758	1758	2758	-1	9.80601598409613
759	1759	2759	-1	8.3391938676696
760	1760	2760	-1	5.0571726675115825
761	1761	2761	-1	10.953812903946465
762	1762	2762	-1	9.81658596512468
763	1763	2763	-1	11.17113587048251
764	1764	2764	-1	8.976001095546993
765	1765	2765	-1	9.689195242225729
766	1766	2766	-1	9.378635162307585
767	1767	2767	-1	29.814897782556496
768	1768	2768	-1	29.618148697290447
769	1769	2769	-1	7.752131732848901
770	1770	2770	-1	9.18900040590584
771	1771	2771	-1	28.723377970954374
772	1772	2772	-1	10.849088150305885
773	1773	2773	-1	12.023102151274937
774	1774	2774	-1	8.71007008696176
775	1775	2775	-1	10.137349935783792
776	1776	2776	-1	11.450325979041914
777	1777	2777	-1	10.215344519464846
778	1778	2778	-1	10.302605759829888
779	1779	2779	-1	30.731205033762148
780	1780	2780	-1	30.41500985577333
781	1781	2781	-1	11.511538662678344
782	1782	2782	-1	10.383221869546121
783	1783	2783	-1	10.429600884821747
784	1784	2784	-1	10.40270103354367
785	1785	2785	-1	8.603092860098988
786	1786	2786	-1	9.186084499510175
787	1787	2787	-1	10.275810786971828
788	1788	2788	-1	11.098435266833325
789	1789	2789	-1	8.838953824207232
790	1790	2790	-1	9.2037089586478
791	1791	2791	-1	10.12581907521402
792	1792	2792	-1	9.288219557588954
793	1793	2793	-1	11.905131824741122
794	1794	2794	-1	28.450385223251967
795	1795	2795	-1	10.846441008379056
796	1796	2796	-1	8.813168968017768
797	1797	2797	-1	9.456963995547229
798	1798	2798	-1	9.063460816919637
799	1799	2799	-1	11.010691430816838
800	1800	2800	-1	29.4323641878119
801	1801	2801	-1	11.009226744425387
802	1802	2802	-1	10.42960647104411
803	1803	2803	-1	12.24333759200482
804	1804	2804	-1	9.939893856380067
805	1805	2805	-1	9.202606512031595
806	1806	2806	-1	10.30298784751703
807	1807	2807	-1	10.103069331173973
808	1808	2808	-1	9.988146020417132
809	1809	2809	-1	11.437265452047615
810	1810	2810	-1	7.7863385700240215
811	1811	2811	-1	11.034144648747052
812	1812	2812	-1	8.222672486214861
813	1813	2813	-1	29.08553618334149
814	1814	2814	-1	8.905089542995821
815	1815	2815	-1	8.258650152953503
816	1816	2816	-1	7.4369843692784015
817	1817	2817	-1	10.578330768288058
818	1818	2818	-1	10.187185905916307
819	1819	2819	-1	8.893972413389477
820	1820	2820	-1	8.947651371324337
821	1821	2821	-1	9.961676658644476
822	1822	2822	-1	10.127415648318287
823	1823	2823	-1	9.332790810654103
824	1824	2824	-1	9.894554015123244
825	1825	2825	-1	9.684414572645515
826	1826	2826	-1	9.931485529883672
827	1827	2827	-1	9.422193937437754
828	1828	2828	-1	11.305633839564685
829	1829	2829	-1	28.068131221676637
830	1830	2830	-1	9.99779908517022
831	1831	2831	-1	10.89132494699642
832	1832	2832	-1	9.980645320997267
833	1833	2833	-1	10.24343832150734
834	1834	2834	-1	8.668097080588744
835	1835	2835	-1	8.217340613257374
836	1836	2836	-1	8.986072935235768
837	1837	2837	-1	12.263881397933222
838	1838	2838	-1	10.398072792476173
839	1839	2839	-1	11.409222595788405
840	1840	2840	-1	9.51480586893137
841	1841	2841	-1	29.83843074804428
842	1842	2842	-1	9.083589065172484
843	1843	2843	-1	8.809815382224743
844	1844	2844	-1	28.820791332568984
845	1845	2845	-1	9.199574182270366
846	1846	2846	-1	9.78198881925084
847	1847	2847	-1	9.186432189971876
848	1848	2848	-1	11.15274834757959
849	1849	2849	-1	10.814760411447878
850	1850	2850	-1	11.133053138307247
851	1851	2851	-1	19.186296165509397
852	1852	2852	-1	8.90410882354592
853	1853	2853	-1	8.727785764822363
854	1854	2854	-1	9.883691881009675
855	1855	2855	-1	9.161996910432302
856	1856	2856	-1	9.48670396434544
857	1857	2857	-1	11.243605356832447
858	1858	2858	-1	10.03423364758536
859	1859	2859	-1	8.989066924423387
860	1860	2860	-1	10.280334594296264
861	1861	2861	-1	9.997969237960216
862	1862	2862	-1	11.431246414962676
863	1863	2863	-1	11.274023239812093
864	1864	2864	-1	10.122517919438744
865	1865	2865	-1	9.404918050299042
866	1866	2866	-1	10.231712874067824
867	1867	2867	-1	8.369220862173647
868	1868	2868	-1	10.217359965742343
869	1869	2869	-1	10.054440271592163
870	1870	2870	-1	10.139256246404003
871	1871	2871	-1	9.367157510317444
872	1872	2872	-1	10.19856469542234
873	1873	2873	-1	8.111012615082954
874	1874	2874	-1	10.916818537946083
875	1875	2875	-1	10.090576393156445
876	1876	2876	-1	8.128545786157108
877	1877	2877	-1	10.906928733539209
878	1878	2878	-1	11.41815243662564
879	1879	2879	-1	11.737582390320213
880	1880	2880	-1	10.368093165534926
881	1881	2881	-1	9.801645557242429
882	1882	2882	-1	10.752722717754628
883	1883	2883	-1	8.992974067984282
884	1884	2884	-1	11.693186108121456
885	1885	2885	-1	8.274362884924955
886	1886	2886	-1	10.415837766063392
887	1887	2887	-1	160.36357107671117
888	1888	2888	-1	9.724779254327002
889	1889	2889	-1	8.623926075477904
890	1890	2890	-1	9.365857257060352
891	1891	2891	-1	11.12237495061116
892	1892	2892	-1	10.172305226379054
893	1893	2893	-1	9.565413281015367
894	1894	2894	-1	8.933308552069814
895	1895	2895	-1	29.118806338158645
896	1896	2896	-1	10.019036221810213
897	1897	2897	-1	9.883228962816066
898	1898	2898	-1	159.2707157041344
899	1899	2899	-1	12.569983656651063
900	1900	2900	-1	10.00907030653338
901	1901	2901	-1	9.772976030619912
902	1902	2902	-1	9.824420589657823
903	1903	2903	-1	158.9235677714584
904	1904	2904	-1	10.676560475871751
905	1905	2905	-1	10.07111343730793
906	1906	2906	-1	9.62727442317886
907	1907	2907	-1	29.321941095036333
908	1908	2908	-1	9.870356938962448
909	1909	2909	-1	8.937288484686437
910	1910	2910	-1	10.68517776731915
911	1911	2911	-1	4.84117065864458
912	1912	2912	-1	10.307027434295582
913	1913	2913	-1	10.128399870597264
914	1914	2914	-1	29.320948264298444
915	1915	2915	-1	9.589070369393298
916	1916	2916	-1	9.498683663848302
917	1917	2917	-1	10.335865940063826
918	1918	2918	-1	9.186127614006892
919	1919	2919	-1	8.578774038052355
920	1920	2920	-1	29.330026285553963
921	1921	2921	-1	11.108628066312464
922	1922	2922	-1	9.780465968288677
923	1923	2923	-1	8.47182391402636
924	1924	2924	-1	10.904802895495667
925	1925	2925	-1	11.238063348261969
926	1926	2926	-1	9.958023491617153
927	1927	2927	-1	8.453805990663561
928	1928	2928	-1	9.555022845551797
929	1929	2929	-1	8.069448211353812
930	1930	2930	-1	10.27232686329183
931	1931	2931	-1	9.408069492589131
932	1932	2932	-1	10.038036321252234
933	1933	2933	-1	10.959191107713924
934	1934	2934	-1	12.181518272878655
935	1935	2935	-1	10.30573378302474
936	1936	2936	-1	9.666695856267088
937	1937	2937	-1	10.805567317000994
938	1938	2938	-1	30.64033238349135
939	1939	2939	-1	9.646897167309119
940	1940	2940	-1	9.778210401025326
941	1941	2941	-1	27.837177870879703
942	1942	2942	-1	6.904574028384909
943	1943	2943	-1	29.5766158746386
944	1944	2944	-1	10.228765617664925
945	1945	2945	-1	11.379327473838893
946	1946	2946	-1	10.280536479470467
947	1947	2947	-1	10.253815636080754
948	1948	2948	-1	9.41338780393757
949	1949	2949	-1	9.085967340005855
950	1950	2950	-1	11.189206029255512
951	1951	2951	-1	12.018232538208588
952	1952	2952	-1	10.452724523798368
953	1953	2953	-1	10.793604266477573
954	1954	2954	-1	30.01161933097637
955	1955	2955	-1	10.965956895082439
956	1956	2956	-1	8.258709714582427
957	1957	2957	-1	10.122517502512576
958	1958	2958	-1	9.19373342139693
959	1959	2959	-1	9.587915595337675
960	1960	2960	-1	9.5880350588813
961	1961	2961	-1	11.079116022001857
962	1962	2962	-1	10.510605011408364
963	1963	2963	-1	10.154880938140733
964	1964	2964	-1	10.508750380825227
965	1965	2965	-1	9.028751949371907
966	1966	2966	-1	9.401051777039854
967	1967	2967	-1	30.580618151825234
968	1968	2968	-1	9.894647771222864
969	1969	2969	-1	160.91915676364704
970	1970	2970	-1	10.014130400324921
971	1971	2971	-1	10.011831048100543
972	1972	2972	-1	9.495045210962306
973	1973	2973	-1	481.1612688064636
974	1974	2974	-1	10.336673436136046
975	1975	2975	-1	9.870772370595782
976	1976	2976	-1	480.0764810921041
977	1977	2977	-1	9.52892860825289
978	1978	2978	-1	8.770652020104462
979	1979	2979	-1	9.010870319843553
980	1980	2980	-1	10.2241226987897
981	1981	2981	-1	11.615149655020998
982	1982	2982	-1	9.401337774364116
983	1983	2983	-1	11.315080654662761
984	1984	2984	-1	11.082880622684623
985	1985	2985	-1	10.28247901510419
986	1986	2986	-1	9.23509377096708
987	1987	2987	-1	9.50261776371265
988	1988	2988	-1	9.577339260230929
989	1989	2989	-1	10.880906889322732
990	1990	2990	-1	10.705161091876267
991	1991	2991	-1	8.022569471144832
992	1992	2992	-1	29.48450515743783
993	1993	2993	-1	32.16262165047458
994	1994	2994	-1	8.602774662819488
995	1995	2995	-1	8.456081795567526
996	1996	2996	-1	9.585342651777552
997	1997	2997	-1	8.604442358428786
998	1998	2998	-1	9.753620592609817
999	1999	2999	-1	31.084522565406726
