ind_ID	father_ID	mother_ID	Sex	Phenotype
0	1000	2000	-1	9.10865500483658
1	1001	2001	-1	8.297338211511416
2	1002	2002	-1	11.486395774610559
3	1003	2003	-1	10.316592429915756
4	1004	2004	-1	10.235245180766299
5	1005	2005	-1	8.323385164191324
6	1006	2006	-1	11.342629453429947
7	1007	2007	-1	9.725220846938237
8	1008	2008	-1	18.94330033157031
9	1009	2009	-1	9.91757680292438
10	1010	2010	-1	8.187849769332658
11	1011	2011	-1	10.237533732831995
12	1012	2012	-1	9.871853946825675
13	1013	2013	-1	9.952742110252448
14	1014	2014	-1	9.062738603210349
15	1015	2015	-1	10.15105051532309
16	1016	2016	-1	9.069572940837363
17	1017	2017	-1	11.491645986514069
18	1018	2018	-1	10.327068741866979
19	1019	2019	-1	10.559272911063006
20	1020	2020	-1	10.261835809867096
21	1021	2021	-1	9.032170414587714
22	1022	2022	-1	9.408478932461273
23	1023	2023	-1	11.509146234585018
24	1024	2024	-1	29.378323128188896
25	1025	2025	-1	77.46099771595684
26	1026	2026	-1	10.45961324666579
27	1027	2027	-1	10.492425169520029
28	1028	2028	-1	9.253290844868017
29	1029	2029	-1	11.843509576427785
30	1030	2030	-1	13.416579038544388
31	1031	2031	-1	10.42591639539091
32	1032	2032	-1	31.058112531275295
33	1033	2033	-1	8.566591712641518
34	1034	2034	-1	8.461626102195485
35	1035	2035	-1	10.093193084169961
36	1036	2036	-1	9.112646489715871
37	1037	2037	-1	11.841092218434271
38	1038	2038	-1	8.7849126942423
39	1039	2039	-1	8.230642990748779
40	1040	2040	-1	10.561102617436447
41	1041	2041	-1	9.919614945274425
42	1042	2042	-1	11.214956916446843
43	1043	2043	-1	11.459176218302341
44	1044	2044	-1	31.615794053062412
45	1045	2045	-1	11.275399371806442
46	1046	2046	-1	9.936096931760638
47	1047	2047	-1	9.613722019405575
48	1048	2048	-1	9.677038120708735
49	1049	2049	-1	9.54247711289245
50	1050	2050	-1	8.37847978194189
51	1051	2051	-1	11.988699309519406
52	1052	2052	-1	10.359367653130784
53	1053	2053	-1	11.628288168400521
54	1054	2054	-1	10.920531805316049
55	1055	2055	-1	10.730278021195216
56	1056	2056	-1	11.479138913855374
57	1057	2057	-1	11.147312132577277
58	1058	2058	-1	29.73788395636214
59	1059	2059	-1	10.911784485213351
60	1060	2060	-1	9.508370266192198
61	1061	2061	-1	10.839229708678541
62	1062	2062	-1	11.080824356758143
63	1063	2063	-1	20.050187225482635
64	1064	2064	-1	81.28862361614335
65	1065	2065	-1	11.18418996110827
66	1066	2066	-1	11.59085362469392
67	1067	2067	-1	9.299660073342125
68	1068	2068	-1	9.838748053653722
69	1069	2069	-1	11.70110864861246
70	1070	2070	-1	10.100256959248268
71	1071	2071	-1	11.808544838923597
72	1072	2072	-1	8.855698088521683
73	1073	2073	-1	9.106442375458858
74	1074	2074	-1	10.761686015280365
75	1075	2075	-1	9.073354048306069
76	1076	2076	-1	10.412387649469203
77	1077	2077	-1	9.74140819931169
78	1078	2078	-1	9.951434538837711
79	1079	2079	-1	30.076901828098208
80	1080	2080	-1	30.933910824201153
81	1081	2081	-1	10.14801031041681
82	1082	2082	-1	9.14541422399005
83	1083	2083	-1	9.428015612867847
84	1084	2084	-1	9.227079537173308
85	1085	2085	-1	9.954726644553302
86	1086	2086	-1	10.767620764380826
87	1087	2087	-1	8.980865259115859
88	1088	2088	-1	10.594265520055218
89	1089	2089	-1	9.434556994944295
90	1090	2090	-1	8.713798191365852
91	1091	2091	-1	9.503280816463361
92	1092	2092	-1	19.875814715847927
93	1093	2093	-1	10.948165511168916
94	1094	2094	-1	11.04994148104665
95	1095	2095	-1	10.375259885676652
96	1096	2096	-1	9.798398006025824
97	1097	2097	-1	11.022614596062231
98	1098	2098	-1	9.689128319406874
99	1099	2099	-1	10.888955601121069
100	1100	2100	-1	10.39280010450366
101	1101	2101	-1	8.564978473675941
102	1102	2102	-1	10.59672016982794
103	1103	2103	-1	9.619180951480102
104	1104	2104	-1	10.850876153649107
105	1105	2105	-1	11.82326505234675
106	1106	2106	-1	10.885036742685651
107	1107	2107	-1	9.587945232004095
108	1108	2108	-1	9.090980734736405
109	1109	2109	-1	9.485824452212103
110	1110	2110	-1	11.110535342777272
111	1111	2111	-1	8.191351491287387
112	1112	2112	-1	10.321111911479761
113	1113	2113	-1	11.144984191132785
114	1114	2114	-1	9.600745650651875
115	1115	2115	-1	8.58758308054665
116	1116	2116	-1	10.024512060739294
117	1117	2117	-1	10.438041562503026
118	1118	2118	-1	9.299792695436185
119	1119	2119	-1	29.76606809915959
120	1120	2120	-1	8.171799081269574
121	1121	2121	-1	9.177795301588281
122	1122	2122	-1	8.95835173501046
123	1123	2123	-1	9.26327241949394
124	1124	2124	-1	9.406657095923867
125	1125	2125	-1	10.503317907496125
126	1126	2126	-1	9.433239557637457
127	1127	2127	-1	9.45170238583413
128	1128	2128	-1	9.318145939670982
129	1129	2129	-1	10.228866137045928
130	1130	2130	-1	9.947133142206951
131	1131	2131	-1	10.074122970374225
132	1132	2132	-1	8.846772690642851
133	1133	2133	-1	30.109595842901907
134	1134	2134	-1	8.951257662331797
135	1135	2135	-1	8.264047774986027
136	1136	2136	-1	10.037248620226098
137	1137	2137	-1	30.148402823229535
138	1138	2138	-1	9.179470721710823
139	1139	2139	-1	10.385102765627096
140	1140	2140	-1	9.011369192585626
141	1141	2141	-1	30.03016657324916
142	1142	2142	-1	7.601843714396253
143	1143	2143	-1	30.655024913408585
144	1144	2144	-1	10.897839588729632
145	1145	2145	-1	11.702485965263937
146	1146	2146	-1	12.588585309943348
147	1147	2147	-1	10.41721437408985
148	1148	2148	-1	11.482617397814026
149	1149	2149	-1	8.781921876255868
150	1150	2150	-1	10.215579857009452
151	1151	2151	-1	9.792415477423168
152	1152	2152	-1	9.857967945537167
153	1153	2153	-1	8.37805513027513
154	1154	2154	-1	11.290507328042612
155	1155	2155	-1	10.584098071893576
156	1156	2156	-1	8.26608479995623
157	1157	2157	-1	7.761069048192065
158	1158	2158	-1	9.840748297849089
159	1159	2159	-1	8.722671444082229
160	1160	2160	-1	10.677903664885463
161	1161	2161	-1	10.035600737457958
162	1162	2162	-1	11.323108978723655
163	1163	2163	-1	9.37261793656291
164	1164	2164	-1	8.925953628643452
165	1165	2165	-1	30.596599970542865
166	1166	2166	-1	11.34144302392309
167	1167	2167	-1	9.566489410129337
168	1168	2168	-1	9.95624118591932
169	1169	2169	-1	8.088929454215272
170	1170	2170	-1	11.209482895838178
171	1171	2171	-1	8.833654629281794
172	1172	2172	-1	11.68826644135922
173	1173	2173	-1	10.155685457074656
174	1174	2174	-1	11.002146366913518
175	1175	2175	-1	9.962083528258782
176	1176	2176	-1	8.197478732685852
177	1177	2177	-1	9.568801296314888
178	1178	2178	-1	29.74903689207237
179	1179	2179	-1	9.079870438287605
180	1180	2180	-1	9.617652050684377
181	1181	2181	-1	9.480273202226059
182	1182	2182	-1	9.300596559640686
183	1183	2183	-1	30.917617040171447
184	1184	2184	-1	9.960344448619516
185	1185	2185	-1	8.261318954658146
186	1186	2186	-1	9.233969025814922
187	1187	2187	-1	10.587764364752244
188	1188	2188	-1	9.103530774978566
189	1189	2189	-1	80.18133930557765
190	1190	2190	-1	9.269524492904143
191	1191	2191	-1	10.032027551255748
192	1192	2192	-1	8.23195861006961
193	1193	2193	-1	9.189380206820879
194	1194	2194	-1	11.578677835840633
195	1195	2195	-1	8.989516404632456
196	1196	2196	-1	9.887210399379569
197	1197	2197	-1	9.187744777544555
198	1198	2198	-1	10.35044894646812
199	1199	2199	-1	30.773252380351405
200	1200	2200	-1	10.660629417337196
201	1201	2201	-1	9.897222682415054
202	1202	2202	-1	9.379513263188297
203	1203	2203	-1	11.815846171857796
204	1204	2204	-1	10.175220558632597
205	1205	2205	-1	29.086240278980668
206	1206	2206	-1	9.661048500925842
207	1207	2207	-1	9.018927881331864
208	1208	2208	-1	10.737935746792724
209	1209	2209	-1	10.484875714133839
210	1210	2210	-1	10.58142437263027
211	1211	2211	-1	7.936777856081353
212	1212	2212	-1	8.720192535398219
213	1213	2213	-1	9.378223849952374
214	1214	2214	-1	9.973164026218658
215	1215	2215	-1	29.58134584357686
216	1216	2216	-1	10.971099139948011
217	1217	2217	-1	10.028190370703795
218	1218	2218	-1	9.587162612839764
219	1219	2219	-1	9.233041280274048
220	1220	2220	-1	9.948230681641087
221	1221	2221	-1	10.231766539639676
222	1222	2222	-1	10.138993158577092
223	1223	2223	-1	9.005643641691117
224	1224	2224	-1	10.222220737502042
225	1225	2225	-1	8.652608529565452
226	1226	2226	-1	10.16636613898432
227	1227	2227	-1	10.893083971392066
228	1228	2228	-1	9.380008211307183
229	1229	2229	-1	9.932757172271865
230	1230	2230	-1	11.590047007273458
231	1231	2231	-1	10.411104129561457
232	1232	2232	-1	8.791535667847548
233	1233	2233	-1	9.724742878613156
234	1234	2234	-1	11.055426178146655
235	1235	2235	-1	9.238222760139108
236	1236	2236	-1	9.165212523760973
237	1237	2237	-1	9.623841335967342
238	1238	2238	-1	5.615615411191872
239	1239	2239	-1	29.20715615365905
240	1240	2240	-1	11.134516269824887
241	1241	2241	-1	10.591963566863635
242	1242	2242	-1	10.323988963407354
243	1243	2243	-1	8.772339248367441
244	1244	2244	-1	9.626560208775532
245	1245	2245	-1	11.743848480896087
246	1246	2246	-1	12.136439729124909
247	1247	2247	-1	10.052307479410159
248	1248	2248	-1	10.493801055411812
249	1249	2249	-1	9.685209902911177
250	1250	2250	-1	30.38693968861669
251	1251	2251	-1	9.936596538320229
252	1252	2252	-1	10.07328801949661
253	1253	2253	-1	9.273123872611313
254	1254	2254	-1	9.213648671792464
255	1255	2255	-1	9.734279521768787
256	1256	2256	-1	10.609286097339384
257	1257	2257	-1	5.235414521021216
258	1258	2258	-1	9.076699678787627
259	1259	2259	-1	10.545811964485354
260	1260	2260	-1	8.568555989032381
261	1261	2261	-1	11.561470834834351
262	1262	2262	-1	10.168677118883844
263	1263	2263	-1	8.508804917582122
264	1264	2264	-1	9.100632355385688
265	1265	2265	-1	11.812821994850761
266	1266	2266	-1	8.304640880236429
267	1267	2267	-1	11.688563511482258
268	1268	2268	-1	10.272930619611005
269	1269	2269	-1	8.323943424757584
270	1270	2270	-1	8.271723889273343
271	1271	2271	-1	9.739826365109002
272	1272	2272	-1	8.459590221288178
273	1273	2273	-1	11.735604489773708
274	1274	2274	-1	10.635384599148477
275	1275	2275	-1	9.114473420581888
276	1276	2276	-1	10.943405584539995
277	1277	2277	-1	10.45175571149736
278	1278	2278	-1	10.393316608717011
279	1279	2279	-1	9.454935228949966
280	1280	2280	-1	10.982278117391804
281	1281	2281	-1	9.216893777585748
282	1282	2282	-1	29.362252380780582
283	1283	2283	-1	10.02996448420627
284	1284	2284	-1	9.178103169798714
285	1285	2285	-1	10.682096925648196
286	1286	2286	-1	9.003463705565844
287	1287	2287	-1	9.900183422204591
288	1288	2288	-1	9.540295406739867
289	1289	2289	-1	11.31374979520223
290	1290	2290	-1	11.082731713911748
291	1291	2291	-1	9.903263581182108
292	1292	2292	-1	10.45384786181375
293	1293	2293	-1	9.245815293572262
294	1294	2294	-1	9.326659351419679
295	1295	2295	-1	10.262020618950844
296	1296	2296	-1	9.36519115938461
297	1297	2297	-1	28.952847087128326
298	1298	2298	-1	9.465862922699289
299	1299	2299	-1	11.172144913294822
300	1300	2300	-1	9.961519004568801
301	1301	2301	-1	8.299098145605798
302	1302	2302	-1	11.238367077937863
303	1303	2303	-1	9.820680863223819
304	1304	2304	-1	8.293794356423223
305	1305	2305	-1	10.934037699664902
306	1306	2306	-1	11.944016861276788
307	1307	2307	-1	9.073403741226285
308	1308	2308	-1	9.197578686265999
309	1309	2309	-1	30.46901998387881
310	1310	2310	-1	10.76741919326243
311	1311	2311	-1	9.537876754945595
312	1312	2312	-1	9.606706634206658
313	1313	2313	-1	11.477017651222877
314	1314	2314	-1	10.186968655146627
315	1315	2315	-1	10.431881630282586
316	1316	2316	-1	12.091232409868285
317	1317	2317	-1	9.788900667289528
318	1318	2318	-1	12.721269173077403
319	1319	2319	-1	10.002760353137846
320	1320	2320	-1	7.658109556161707
321	1321	2321	-1	10.386889846743287
322	1322	2322	-1	30.541916405576668
323	1323	2323	-1	11.546530749293902
324	1324	2324	-1	10.15625205508846
325	1325	2325	-1	10.012835340601935
326	1326	2326	-1	10.927843019729451
327	1327	2327	-1	10.6440252001838
328	1328	2328	-1	11.339046613274235
329	1329	2329	-1	9.062941905224024
330	1330	2330	-1	7.540999532501083
331	1331	2331	-1	9.879785326408516
332	1332	2332	-1	29.846327634277582
333	1333	2333	-1	9.082705039401134
334	1334	2334	-1	8.621210817757419
335	1335	2335	-1	8.843179894083743
336	1336	2336	-1	30.783305375751414
337	1337	2337	-1	10.118723970959257
338	1338	2338	-1	8.976212868254512
339	1339	2339	-1	10.05512350466732
340	1340	2340	-1	11.674929732694919
341	1341	2341	-1	11.309892820925016
342	1342	2342	-1	10.121040447071703
343	1343	2343	-1	11.08681183599009
344	1344	2344	-1	8.856480205508113
345	1345	2345	-1	11.073247472299009
346	1346	2346	-1	30.954055835794673
347	1347	2347	-1	10.656545455690326
348	1348	2348	-1	9.977061076123412
349	1349	2349	-1	11.508355763345776
350	1350	2350	-1	30.416388789874276
351	1351	2351	-1	8.916426532217004
352	1352	2352	-1	8.933087230718078
353	1353	2353	-1	8.63035772550401
354	1354	2354	-1	12.266283466893896
355	1355	2355	-1	9.90891366488488
356	1356	2356	-1	9.757967276726696
357	1357	2357	-1	9.672981021507828
358	1358	2358	-1	10.75775283925031
359	1359	2359	-1	9.327014082138763
360	1360	2360	-1	8.492692473172559
361	1361	2361	-1	12.674131980022622
362	1362	2362	-1	10.65388509872948
363	1363	2363	-1	10.570206330614496
364	1364	2364	-1	9.365583824798517
365	1365	2365	-1	9.650481145899874
366	1366	2366	-1	30.798768931430377
367	1367	2367	-1	29.719329681765544
368	1368	2368	-1	10.591653816038823
369	1369	2369	-1	9.77568542719417
370	1370	2370	-1	11.524191299723459
371	1371	2371	-1	10.543345209515754
372	1372	2372	-1	80.92237147866085
373	1373	2373	-1	9.583531063090266
374	1374	2374	-1	10.856180094262667
375	1375	2375	-1	10.860726329878936
376	1376	2376	-1	8.172098959588446
377	1377	2377	-1	10.757854185009482
378	1378	2378	-1	10.948827246094401
379	1379	2379	-1	9.7612239530517
380	1380	2380	-1	9.001052172246293
381	1381	2381	-1	10.132741007466537
382	1382	2382	-1	9.17799954087754
383	1383	2383	-1	9.925643257226355
384	1384	2384	-1	10.513868869979952
385	1385	2385	-1	9.456135006145606
386	1386	2386	-1	81.44573555276071
387	1387	2387	-1	8.33294929569931
388	1388	2388	-1	10.32897335759869
389	1389	2389	-1	10.749109339021675
390	1390	2390	-1	9.368291468733393
391	1391	2391	-1	9.622469607578228
392	1392	2392	-1	8.658654680005423
393	1393	2393	-1	11.117076335687653
394	1394	2394	-1	10.095285674287192
395	1395	2395	-1	3.701722312875799
396	1396	2396	-1	10.038065399591364
397	1397	2397	-1	10.613398901002855
398	1398	2398	-1	10.269961874043618
399	1399	2399	-1	9.797914087691888
400	1400	2400	-1	32.39771883326999
401	1401	2401	-1	9.135113381513102
402	1402	2402	-1	9.441342678504135
403	1403	2403	-1	8.070473766719683
404	1404	2404	-1	9.359669169290513
405	1405	2405	-1	12.018909923971464
406	1406	2406	-1	9.353283017805884
407	1407	2407	-1	12.08750029697543
408	1408	2408	-1	10.572138786256012
409	1409	2409	-1	9.28404925407389
410	1410	2410	-1	8.654509951147178
411	1411	2411	-1	9.840236606274523
412	1412	2412	-1	10.240661645112375
413	1413	2413	-1	10.061523530617533
414	1414	2414	-1	10.655539243321769
415	1415	2415	-1	12.016217659867337
416	1416	2416	-1	8.87662021852936
417	1417	2417	-1	81.53005046141655
418	1418	2418	-1	8.368795885241093
419	1419	2419	-1	30.510324305207433
420	1420	2420	-1	9.978511037899013
421	1421	2421	-1	10.229083940889577
422	1422	2422	-1	8.640159665094025
423	1423	2423	-1	9.240245916651922
424	1424	2424	-1	9.84772885118522
425	1425	2425	-1	8.33869344792262
426	1426	2426	-1	28.1356977318091
427	1427	2427	-1	10.012933145530976
428	1428	2428	-1	9.731075262963746
429	1429	2429	-1	9.271891344832813
430	1430	2430	-1	29.30017947382275
431	1431	2431	-1	10.315811467920284
432	1432	2432	-1	8.965341312546155
433	1433	2433	-1	9.24051096604492
434	1434	2434	-1	11.125800963199566
435	1435	2435	-1	9.45519685616763
436	1436	2436	-1	9.114766632528475
437	1437	2437	-1	11.784187971588224
438	1438	2438	-1	10.597992493566613
439	1439	2439	-1	8.798569507665725
440	1440	2440	-1	9.486275810213673
441	1441	2441	-1	10.078411067570622
442	1442	2442	-1	9.659972679733583
443	1443	2443	-1	30.447884917251507
444	1444	2444	-1	9.295589556506272
445	1445	2445	-1	10.794512391915577
446	1446	2446	-1	10.89642455264012
447	1447	2447	-1	10.024444769945138
448	1448	2448	-1	9.771076900882555
449	1449	2449	-1	10.251949040827082
450	1450	2450	-1	11.019872419615199
451	1451	2451	-1	29.548032625752807
452	1452	2452	-1	9.504929100834431
453	1453	2453	-1	19.168350047611874
454	1454	2454	-1	7.394400161352488
455	1455	2455	-1	8.126241894349754
456	1456	2456	-1	10.764903017476716
457	1457	2457	-1	9.31020472924466
458	1458	2458	-1	8.152574990241549
459	1459	2459	-1	10.44783905021168
460	1460	2460	-1	11.427206340856952
461	1461	2461	-1	11.147921514706152
462	1462	2462	-1	9.075520863737616
463	1463	2463	-1	8.995147967404318
464	1464	2464	-1	11.843260887700502
465	1465	2465	-1	27.693726249474736
466	1466	2466	-1	9.293949547315503
467	1467	2467	-1	10.364837132773419
468	1468	2468	-1	20.227303453215256
469	1469	2469	-1	10.81380517016285
470	1470	2470	-1	80.04626270775744
471	1471	2471	-1	8.202506199258286
472	1472	2472	-1	8.608985578401064
473	1473	2473	-1	10.33735535269871
474	1474	2474	-1	8.971103593595664
475	1475	2475	-1	29.970760037583585
476	1476	2476	-1	11.387124507764623
477	1477	2477	-1	10.40224873060449
478	1478	2478	-1	10.859856221501936
479	1479	2479	-1	8.809330750225476
480	1480	2480	-1	9.352780678556364
481	1481	2481	-1	9.439475925582595
482	1482	2482	-1	11.393440044437352
483	1483	2483	-1	10.902228529659068
484	1484	2484	-1	10.158653490489542
485	1485	2485	-1	8.872408441773782
486	1486	2486	-1	10.018069166530154
487	1487	2487	-1	30.475808164261252
488	1488	2488	-1	8.911358286241708
489	1489	2489	-1	9.801702036977325
490	1490	2490	-1	8.948828194446214
491	1491	2491	-1	10.038894607284108
492	1492	2492	-1	11.56157188718846
493	1493	2493	-1	8.674944299571514
494	1494	2494	-1	10.854034965697538
495	1495	2495	-1	9.823279639035903
496	1496	2496	-1	9.857047466496455
497	1497	2497	-1	9.965090017545483
498	1498	2498	-1	8.321292880518472
499	1499	2499	-1	9.914153521093894
500	1500	2500	-1	8.980807987056123
501	1501	2501	-1	10.253733569747302
502	1502	2502	-1	9.470295213659272
503	1503	2503	-1	10.182393566410928
504	1504	2504	-1	11.192795827810244
505	1505	2505	-1	10.348741039523011
506	1506	2506	-1	30.77843076345341
507	1507	2507	-1	9.72904634344249
508	1508	2508	-1	8.52127475390295
509	1509	2509	-1	10.839771528619252
510	1510	2510	-1	10.828511649124124
511	1511	2511	-1	9.06409850834546
512	1512	2512	-1	9.034788632774761
513	1513	2513	-1	10.72906255684372
514	1514	2514	-1	7.912513532633027
515	1515	2515	-1	9.752757654608116
516	1516	2516	-1	10.234695741331528
517	1517	2517	-1	9.807057177325074
518	1518	2518	-1	9.845425319125116
519	1519	2519	-1	10.051895300895307
520	1520	2520	-1	10.058281950472331
521	1521	2521	-1	11.18616927850323
522	1522	2522	-1	28.88922666583067
523	1523	2523	-1	9.176867116094831
524	1524	2524	-1	8.861062364412247
525	1525	2525	-1	10.740143562196197
526	1526	2526	-1	10.422946618785172
527	1527	2527	-1	10.259721504500941
528	1528	2528	-1	8.557277757381813
529	1529	2529	-1	30.886567141785775
530	1530	2530	-1	9.195708740378151
531	1531	2531	-1	10.409501573785716
532	1532	2532	-1	10.62867081823905
533	1533	2533	-1	9.617214222579854
534	1534	2534	-1	10.156005272618406
535	1535	2535	-1	8.427536273118504
536	1536	2536	-1	79.65631200308255
537	1537	2537	-1	9.44193518555205
538	1538	2538	-1	9.618986355074426
539	1539	2539	-1	29.891951669710995
540	1540	2540	-1	9.819163056262054
541	1541	2541	-1	9.877796513488459
542	1542	2542	-1	78.70243895882392
543	1543	2543	-1	10.133056593431785
544	1544	2544	-1	8.390465136662513
545	1545	2545	-1	30.79307679025705
546	1546	2546	-1	7.786790204253487
547	1547	2547	-1	9.515309024218938
548	1548	2548	-1	11.321336599003445
549	1549	2549	-1	9.79300182903516
550	1550	2550	-1	9.767896503469466
551	1551	2551	-1	11.449561312277288
552	1552	2552	-1	8.841597123612774
553	1553	2553	-1	11.210785214340287
554	1554	2554	-1	10.097133007470491
555	1555	2555	-1	9.965553518415465
556	1556	2556	-1	10.22300238855999
557	1557	2557	-1	10.878578690005915
558	1558	2558	-1	10.013647189494453
559	1559	2559	-1	10.40215414256973
560	1560	2560	-1	29.242653045387737
561	1561	2561	-1	8.416929750858491
562	1562	2562	-1	11.194653382984457
563	1563	2563	-1	10.695517942011794
564	1564	2564	-1	7.735135076426693
565	1565	2565	-1	8.88173670602286
566	1566	2566	-1	8.749398073313571
567	1567	2567	-1	10.854575044281997
568	1568	2568	-1	10.007641526955831
569	1569	2569	-1	9.75535977504185
570	1570	2570	-1	31.444053915182714
571	1571	2571	-1	5.403255741528671
572	1572	2572	-1	9.514405785426371
573	1573	2573	-1	8.822659857405156
574	1574	2574	-1	11.728360059093152
575	1575	2575	-1	12.365186453766992
576	1576	2576	-1	9.618871533033515
577	1577	2577	-1	9.996074820316217
578	1578	2578	-1	9.826856239846924
579	1579	2579	-1	9.717951170773766
580	1580	2580	-1	9.630899610842393
581	1581	2581	-1	9.371037127526977
582	1582	2582	-1	11.406751971150403
583	1583	2583	-1	10.379102890187959
584	1584	2584	-1	11.050959928252622
585	1585	2585	-1	9.727843453109605
586	1586	2586	-1	10.031072404483742
587	1587	2587	-1	10.148406261730198
588	1588	2588	-1	10.884896885736545
589	1589	2589	-1	10.3725499622111
590	1590	2590	-1	9.902156880230148
591	1591	2591	-1	7.852684295003728
592	1592	2592	-1	9.737994867512855
593	1593	2593	-1	8.416470816592087
594	1594	2594	-1	9.937145384564293
595	1595	2595	-1	9.604359826141437
596	1596	2596	-1	9.920994585370016
597	1597	2597	-1	28.95603609966238
598	1598	2598	-1	29.665636936705884
599	1599	2599	-1	31.85548383673161
600	1600	2600	-1	30.363034521570903
601	1601	2601	-1	9.165347189474522
602	1602	2602	-1	10.036163762057415
603	1603	2603	-1	9.785448713804946
604	1604	2604	-1	9.254080307335562
605	1605	2605	-1	9.888070090840264
606	1606	2606	-1	12.321406950400185
607	1607	2607	-1	11.746025936072375
608	1608	2608	-1	10.067194593004148
609	1609	2609	-1	10.264553868474376
610	1610	2610	-1	8.648234290773493
611	1611	2611	-1	10.169589025279475
612	1612	2612	-1	10.280780469288306
613	1613	2613	-1	9.934935763222196
614	1614	2614	-1	11.915487130998557
615	1615	2615	-1	9.751949385279016
616	1616	2616	-1	31.58800822778016
617	1617	2617	-1	10.972559390231298
618	1618	2618	-1	10.73062085071187
619	1619	2619	-1	8.927220470002254
620	1620	2620	-1	17.89273640212983
621	1621	2621	-1	10.33936334487
622	1622	2622	-1	10.42909219740869
623	1623	2623	-1	10.105231765741413
624	1624	2624	-1	7.926790316793758
625	1625	2625	-1	9.764298710531433
626	1626	2626	-1	10.364116137578298
627	1627	2627	-1	8.905958342992422
628	1628	2628	-1	9.700861897359777
629	1629	2629	-1	10.27309010255275
630	1630	2630	-1	10.200018071097738
631	1631	2631	-1	9.825929685272687
632	1632	2632	-1	9.320589889434078
633	1633	2633	-1	8.23356381224673
634	1634	2634	-1	8.429408462583968
635	1635	2635	-1	28.588085126647293
636	1636	2636	-1	9.677210607796168
637	1637	2637	-1	10.365963069411695
638	1638	2638	-1	9.77661858263183
639	1639	2639	-1	30.191758685584716
640	1640	2640	-1	59.18715981838439
641	1641	2641	-1	29.699273556993006
642	1642	2642	-1	10.330909284378993
643	1643	2643	-1	11.202765179985482
644	1644	2644	-1	10.053390204476795
645	1645	2645	-1	10.539391539949936
646	1646	2646	-1	9.736780950438858
647	1647	2647	-1	10.483517413233448
648	1648	2648	-1	9.476001527593251
649	1649	2649	-1	6.745322479292469
650	1650	2650	-1	10.608158277716013
651	1651	2651	-1	9.698579298543306
652	1652	2652	-1	10.346945493205997
653	1653	2653	-1	9.977442571156217
654	1654	2654	-1	10.012187716612779
655	1655	2655	-1	80.11489017635145
656	1656	2656	-1	9.744600824869625
657	1657	2657	-1	4.472504238682913
658	1658	2658	-1	10.52783613156921
659	1659	2659	-1	8.9298074040612
660	1660	2660	-1	9.218986837002873
661	1661	2661	-1	79.87813270806022
662	1662	2662	-1	10.48549417081454
663	1663	2663	-1	10.81233906978294
664	1664	2664	-1	11.098984903098446
665	1665	2665	-1	10.025343393033944
666	1666	2666	-1	9.983880908289692
667	1667	2667	-1	31.295609080397558
668	1668	2668	-1	9.4536546158955
669	1669	2669	-1	10.973400330166465
670	1670	2670	-1	9.387281707255873
671	1671	2671	-1	8.483432990870513
672	1672	2672	-1	9.478576238153831
673	1673	2673	-1	9.874609678006252
674	1674	2674	-1	10.146432735168682
675	1675	2675	-1	10.019941121703372
676	1676	2676	-1	8.962877534185251
677	1677	2677	-1	30.254090528760283
678	1678	2678	-1	10.04336552131884
679	1679	2679	-1	9.658367676785783
680	1680	2680	-1	9.941000183212337
681	1681	2681	-1	10.765183581358695
682	1682	2682	-1	8.224947566772526
683	1683	2683	-1	31.822794583791282
684	1684	2684	-1	10.313842443642304
685	1685	2685	-1	12.132547601506289
686	1686	2686	-1	30.752315342553985
687	1687	2687	-1	9.716479059094349
688	1688	2688	-1	10.309108215282514
689	1689	2689	-1	11.490386193222832
690	1690	2690	-1	8.446169487719828
691	1691	2691	-1	9.884282707279047
692	1692	2692	-1	10.326235625634055
693	1693	2693	-1	8.584878039892367
694	1694	2694	-1	8.869321367940387
695	1695	2695	-1	31.124188737575878
696	1696	2696	-1	11.66410248946254
697	1697	2697	-1	10.34326996798409
698	1698	2698	-1	10.467836083727866
699	1699	2699	-1	11.368216102204396
700	1700	2700	-1	10.116390310213026
701	1701	2701	-1	78.7067128099672
702	1702	2702	-1	9.130851446996163
703	1703	2703	-1	9.974638107297887
704	1704	2704	-1	20.376839013938962
705	1705	2705	-1	9.691095114864032
706	1706	2706	-1	10.66635932227221
707	1707	2707	-1	9.950967303145857
708	1708	2708	-1	8.87235007402522
709	1709	2709	-1	9.752768029480501
710	1710	2710	-1	8.383543114395582
711	1711	2711	-1	11.748579930939606
712	1712	2712	-1	10.136302357407583
713	1713	2713	-1	10.208697944237484
714	1714	2714	-1	10.23480678368563
715	1715	2715	-1	80.29359456801072
716	1716	2716	-1	9.555113996345735
717	1717	2717	-1	10.80650060940549
718	1718	2718	-1	9.056503840489116
719	1719	2719	-1	8.444393885875385
720	1720	2720	-1	10.398050202348802
721	1721	2721	-1	9.376182237632179
722	1722	2722	-1	10.505765646521311
723	1723	2723	-1	9.510704322100295
724	1724	2724	-1	9.923670368492688
725	1725	2725	-1	10.385524992069792
726	1726	2726	-1	9.904432748155873
727	1727	2727	-1	11.132454367551796
728	1728	2728	-1	9.585599194182802
729	1729	2729	-1	9.110163861128166
730	1730	2730	-1	9.939065445946646
731	1731	2731	-1	10.061982114554878
732	1732	2732	-1	10.354218174217657
733	1733	2733	-1	29.475263546077326
734	1734	2734	-1	10.117609009496666
735	1735	2735	-1	8.9372774184924
736	1736	2736	-1	8.893020758119121
737	1737	2737	-1	9.006658788474764
738	1738	2738	-1	8.443199631380276
739	1739	2739	-1	10.038470354258536
740	1740	2740	-1	9.411870098149368
741	1741	2741	-1	9.23027931540412
742	1742	2742	-1	11.016900279864952
743	1743	2743	-1	28.738901198320043
744	1744	2744	-1	11.258503843870388
745	1745	2745	-1	11.17723450098508
746	1746	2746	-1	10.479732242401619
747	1747	2747	-1	30.012094288732776
748	1748	2748	-1	79.80600653113648
749	1749	2749	-1	10.15185282032292
750	1750	2750	-1	9.658905027900666
751	1751	2751	-1	8.515642544946568
752	1752	2752	-1	11.507864965479213
753	1753	2753	-1	9.865094423595044
754	1754	2754	-1	30.924102083212983
755	1755	2755	-1	9.12166300084879
756	1756	2756	-1	9.246863190132533
757	1757	2757	-1	9.7767529374355
758	1758	2758	-1	8.999643006471779
759	1759	2759	-1	9.352240580224073
760	1760	2760	-1	10.223983772952344
761	1761	2761	-1	10.32465688235397
762	1762	2762	-1	11.431658228712127
763	1763	2763	-1	10.788989902433965
764	1764	2764	-1	8.42099614671528
765	1765	2765	-1	10.600890414633254
766	1766	2766	-1	29.17588492304205
767	1767	2767	-1	10.285327050055326
768	1768	2768	-1	10.274469955954396
769	1769	2769	-1	30.252321523106893
770	1770	2770	-1	9.9701127323295
771	1771	2771	-1	11.383131622093165
772	1772	2772	-1	10.074759257481066
773	1773	2773	-1	9.353167940802772
774	1774	2774	-1	9.962817074457083
775	1775	2775	-1	10.273106005128378
776	1776	2776	-1	9.87367622452362
777	1777	2777	-1	10.063470339449317
778	1778	2778	-1	10.042144153513874
779	1779	2779	-1	8.635039166901137
780	1780	2780	-1	10.406652589995165
781	1781	2781	-1	9.512980581864323
782	1782	2782	-1	10.67701111416516
783	1783	2783	-1	9.863094307169428
784	1784	2784	-1	8.740588512429722
785	1785	2785	-1	10.342278192257716
786	1786	2786	-1	8.899270451584641
787	1787	2787	-1	8.535451123989212
788	1788	2788	-1	7.997851915989612
789	1789	2789	-1	11.362170895045157
790	1790	2790	-1	9.581251211428729
791	1791	2791	-1	10.425376536780274
792	1792	2792	-1	8.301965552036203
793	1793	2793	-1	9.75976011897498
794	1794	2794	-1	10.980281619869787
795	1795	2795	-1	9.808775064603223
796	1796	2796	-1	30.950471734488158
797	1797	2797	-1	9.273892639284595
798	1798	2798	-1	11.764466604841289
799	1799	2799	-1	10.102642402665508
800	1800	2800	-1	8.674217713538575
801	1801	2801	-1	8.605304046841244
802	1802	2802	-1	10.597274575620537
803	1803	2803	-1	7.6280070057421
804	1804	2804	-1	9.65438939371557
805	1805	2805	-1	9.29093902136666
806	1806	2806	-1	9.786158846229624
807	1807	2807	-1	10.678247882472327
808	1808	2808	-1	30.27377033130888
809	1809	2809	-1	10.603865201315472
810	1810	2810	-1	10.98859650346736
811	1811	2811	-1	9.705984608196198
812	1812	2812	-1	9.776374120964116
813	1813	2813	-1	30.955423662626554
814	1814	2814	-1	8.152615999093868
815	1815	2815	-1	8.833987222857633
816	1816	2816	-1	9.457987427125612
817	1817	2817	-1	9.634698232973689
818	1818	2818	-1	8.827507625337084
819	1819	2819	-1	9.7654560274164
820	1820	2820	-1	9.35933625784737
821	1821	2821	-1	29.702562934765275
822	1822	2822	-1	11.615527889184927
823	1823	2823	-1	11.183108431700838
824	1824	2824	-1	10.46348918974454
825	1825	2825	-1	11.068504355115351
826	1826	2826	-1	10.983071897457082
827	1827	2827	-1	9.033961784975023
828	1828	2828	-1	9.304947035974662
829	1829	2829	-1	9.26698409675281
830	1830	2830	-1	11.546156059772796
831	1831	2831	-1	11.307856843624862
832	1832	2832	-1	29.589545344731462
833	1833	2833	-1	10.598133594131017
834	1834	2834	-1	9.76932393869647
835	1835	2835	-1	32.81895714816858
836	1836	2836	-1	11.439976668273413
837	1837	2837	-1	7.864578644700286
838	1838	2838	-1	11.25488105930151
839	1839	2839	-1	8.898860007675182
840	1840	2840	-1	11.067044609448521
841	1841	2841	-1	10.594655852978985
842	1842	2842	-1	11.770101900648553
843	1843	2843	-1	20.756996664012398
844	1844	2844	-1	5.697883004857633
845	1845	2845	-1	10.056757345698998
846	1846	2846	-1	9.480641907518432
847	1847	2847	-1	9.57438140184044
848	1848	2848	-1	9.628216497471971
849	1849	2849	-1	8.836968506272047
850	1850	2850	-1	10.891516888325647
851	1851	2851	-1	8.526137807263215
852	1852	2852	-1	10.1118783436737
853	1853	2853	-1	8.03349844288498
854	1854	2854	-1	9.126104592748536
855	1855	2855	-1	9.410560021283988
856	1856	2856	-1	9.047070748108968
857	1857	2857	-1	30.015788809807983
858	1858	2858	-1	10.148114981704254
859	1859	2859	-1	29.82253761519196
860	1860	2860	-1	8.708548125267926
861	1861	2861	-1	11.812019453966458
862	1862	2862	-1	10.022264503088195
863	1863	2863	-1	9.625222908509931
864	1864	2864	-1	9.396341894967223
865	1865	2865	-1	10.478599707991513
866	1866	2866	-1	10.241864405328247
867	1867	2867	-1	10.898507272677026
868	1868	2868	-1	30.27506859856096
869	1869	2869	-1	12.028704195181525
870	1870	2870	-1	10.640201923110578
871	1871	2871	-1	9.286587694058769
872	1872	2872	-1	10.787025288539903
873	1873	2873	-1	10.048080983154836
874	1874	2874	-1	28.72352613915043
875	1875	2875	-1	10.071113638327596
876	1876	2876	-1	10.021112679457566
877	1877	2877	-1	9.939249792366345
878	1878	2878	-1	9.74524142900105
879	1879	2879	-1	10.305133573339846
880	1880	2880	-1	9.566987641944449
881	1881	2881	-1	11.238829041153311
882	1882	2882	-1	11.79916420528261
883	1883	2883	-1	10.817984310453491
884	1884	2884	-1	9.131615298433
885	1885	2885	-1	8.557513063435554
886	1886	2886	-1	12.891365592645759
887	1887	2887	-1	9.318971618072865
888	1888	2888	-1	11.376467121249798
889	1889	2889	-1	10.175950120504433
890	1890	2890	-1	10.001308452774973
891	1891	2891	-1	13.162332866467352
892	1892	2892	-1	10.56672991898622
893	1893	2893	-1	7.985006080030754
894	1894	2894	-1	12.09750097013622
895	1895	2895	-1	10.385267674129953
896	1896	2896	-1	11.365644849421656
897	1897	2897	-1	10.578792038527855
898	1898	2898	-1	10.381232578769437
899	1899	2899	-1	11.583925365078974
900	1900	2900	-1	9.137895486255985
901	1901	2901	-1	11.141242044871163
902	1902	2902	-1	9.784385373761204
903	1903	2903	-1	9.676739075318814
904	1904	2904	-1	9.423191257712336
905	1905	2905	-1	11.232506514239157
906	1906	2906	-1	9.653566494478879
907	1907	2907	-1	11.151479329239953
908	1908	2908	-1	12.439184383958452
909	1909	2909	-1	9.84496647544879
910	1910	2910	-1	9.962501781218208
911	1911	2911	-1	8.816754488713679
912	1912	2912	-1	10.290597316033363
913	1913	2913	-1	28.680769745341657
914	1914	2914	-1	10.046279347458713
915	1915	2915	-1	29.80485894913278
916	1916	2916	-1	8.83336150510797
917	1917	2917	-1	9.634635060846282
918	1918	2918	-1	5.7654697441884055
919	1919	2919	-1	30.1206716149989
920	1920	2920	-1	10.042636729794292
921	1921	2921	-1	9.187797969646319
922	1922	2922	-1	30.04418261572381
923	1923	2923	-1	7.58744519749103
924	1924	2924	-1	28.71294297255361
925	1925	2925	-1	9.53110464070171
926	1926	2926	-1	9.60001079662593
927	1927	2927	-1	9.989786537074181
928	1928	2928	-1	9.34866715817927
929	1929	2929	-1	9.323549232628228
930	1930	2930	-1	10.031069311902225
931	1931	2931	-1	9.900753999588105
932	1932	2932	-1	8.60388838305486
933	1933	2933	-1	30.082527462437614
934	1934	2934	-1	9.52455472832518
935	1935	2935	-1	9.068129206537424
936	1936	2936	-1	8.874893250406911
937	1937	2937	-1	28.513300506549076
938	1938	2938	-1	10.411433019066905
939	1939	2939	-1	10.097832606771679
940	1940	2940	-1	9.859130501171498
941	1941	2941	-1	31.436590895223585
942	1942	2942	-1	10.136603635738316
943	1943	2943	-1	11.559575520761456
944	1944	2944	-1	9.46819400925195
945	1945	2945	-1	10.086607836402461
946	1946	2946	-1	9.82253197698373
947	1947	2947	-1	9.738425909475245
948	1948	2948	-1	7.320239400373493
949	1949	2949	-1	10.459797543745163
950	1950	2950	-1	10.262840406690607
951	1951	2951	-1	7.028678545156136
952	1952	2952	-1	11.026875873743087
953	1953	2953	-1	10.48611517551997
954	1954	2954	-1	30.383904110598102
955	1955	2955	-1	8.81671766213922
956	1956	2956	-1	10.250733382485299
957	1957	2957	-1	10.121996450768357
958	1958	2958	-1	11.685078378015685
959	1959	2959	-1	5.583993099052023
960	1960	2960	-1	11.06430555364417
961	1961	2961	-1	9.696226642579246
962	1962	2962	-1	11.885645505936061
963	1963	2963	-1	11.17534489556443
964	1964	2964	-1	11.566316701010978
965	1965	2965	-1	11.015633357769376
966	1966	2966	-1	10.416447305226574
967	1967	2967	-1	9.271337491869208
968	1968	2968	-1	9.528631519245524
969	1969	2969	-1	8.95420008007881
970	1970	2970	-1	10.780564357030421
971	1971	2971	-1	10.46862934147694
972	1972	2972	-1	8.971157720606143
973	1973	2973	-1	8.853711539233819
974	1974	2974	-1	9.643855349413705
975	1975	2975	-1	10.095635291673814
976	1976	2976	-1	11.212591668858071
977	1977	2977	-1	30.32750541305267
978	1978	2978	-1	8.848800892664196
979	1979	2979	-1	9.742951903906526
980	1980	2980	-1	10.693143499070406
981	1981	2981	-1	10.37941835906967
982	1982	2982	-1	12.009798778802038
983	1983	2983	-1	9.76722224164583
984	1984	2984	-1	9.658386943003217
985	1985	2985	-1	8.627913260702805
986	1986	2986	-1	10.135739492633139
987	1987	2987	-1	10.155437784327184
988	1988	2988	-1	10.32726744929741
989	1989	2989	-1	9.900436681621938
990	1990	2990	-1	8.756671766520553
991	1991	2991	-1	10.461445699287292
992	1992	2992	-1	10.305505859585635
993	1993	2993	-1	10.760125517879228
994	1994	2994	-1	10.586887811652781
995	1995	2995	-1	8.311021060613701
996	1996	2996	-1	10.324655697824664
997	1997	2997	-1	11.551656621839351
998	1998	2998	-1	12.287592054884858
999	1999	2999	-1	9.106285505751897
