ind_ID	father_ID	mother_ID	Sex	Phenotype
0	1000	2000	-1	15.230116975302197
1	1001	2001	-1	8.429154730299182
2	1002	2002	-1	31.15672744360408
3	1003	2003	-1	8.456445629782912
4	1004	2004	-1	9.146898767436438
5	1005	2005	-1	10.566334459575419
6	1006	2006	-1	11.030879648165397
7	1007	2007	-1	45.52997177915799
8	1008	2008	-1	14.665157555419901
9	1009	2009	-1	10.558197132311546
10	1010	2010	-1	10.359457410267826
11	1011	2011	-1	8.492718344441501
12	1012	2012	-1	16.808569241493622
13	1013	2013	-1	9.741449810763251
14	1014	2014	-1	20.848487770895936
15	1015	2015	-1	10.146358034455845
16	1016	2016	-1	14.987416522429916
17	1017	2017	-1	11.497745303799132
18	1018	2018	-1	9.02733884583567
19	1019	2019	-1	30.73189157957547
20	1020	2020	-1	10.05015313280075
21	1021	2021	-1	100.1429669900517
22	1022	2022	-1	16.198495622519108
23	1023	2023	-1	9.41963075052776
24	1024	2024	-1	9.49832119253862
25	1025	2025	-1	14.019353582225587
26	1026	2026	-1	22.065538884550726
27	1027	2027	-1	45.95291120864695
28	1028	2028	-1	8.382819805389838
29	1029	2029	-1	10.367516467445927
30	1030	2030	-1	14.194981207668082
31	1031	2031	-1	11.29191674890608
32	1032	2032	-1	29.742176985984507
33	1033	2033	-1	11.155173999264328
34	1034	2034	-1	30.23978923655825
35	1035	2035	-1	45.23657079631851
36	1036	2036	-1	22.506476732278106
37	1037	2037	-1	10.160177192735711
38	1038	2038	-1	14.850588350440223
39	1039	2039	-1	31.45081455858196
40	1040	2040	-1	10.128988494721876
41	1041	2041	-1	9.138218658966283
42	1042	2042	-1	14.137559178348068
43	1043	2043	-1	29.33509506536456
44	1044	2044	-1	8.382683376080639
45	1045	2045	-1	68.07179770106661
46	1046	2046	-1	44.60171620271516
47	1047	2047	-1	11.636070269440534
48	1048	2048	-1	10.35230276917021
49	1049	2049	-1	11.930754616887013
50	1050	2050	-1	13.21596247990713
51	1051	2051	-1	14.89781059422541
52	1052	2052	-1	13.735575570124611
53	1053	2053	-1	15.612503343505805
54	1054	2054	-1	14.951689224067675
55	1055	2055	-1	9.720876893956968
56	1056	2056	-1	14.657639320807398
57	1057	2057	-1	45.31319527771765
58	1058	2058	-1	30.488913203343188
59	1059	2059	-1	10.445490475873894
60	1060	2060	-1	8.894286574447712
61	1061	2061	-1	13.091500043146496
62	1062	2062	-1	14.260504982640839
63	1063	2063	-1	11.614161789955908
64	1064	2064	-1	11.090032531896586
65	1065	2065	-1	10.733495314457668
66	1066	2066	-1	14.33565339537145
67	1067	2067	-1	28.697059725093805
68	1068	2068	-1	15.638221320311697
69	1069	2069	-1	8.655178892625685
70	1070	2070	-1	8.772844987036356
71	1071	2071	-1	8.476937616358653
72	1072	2072	-1	9.722720819260049
73	1073	2073	-1	10.225291032993017
74	1074	2074	-1	15.331251378447138
75	1075	2075	-1	10.773901903224157
76	1076	2076	-1	9.17156369749964
77	1077	2077	-1	9.409408236636425
78	1078	2078	-1	9.269142370597233
79	1079	2079	-1	16.88152595317946
80	1080	2080	-1	21.511234776725075
81	1081	2081	-1	13.35216874348491
82	1082	2082	-1	9.333631569051883
83	1083	2083	-1	10.295059785449535
84	1084	2084	-1	9.492631185169992
85	1085	2085	-1	10.838721858844185
86	1086	2086	-1	9.929900176341969
87	1087	2087	-1	8.996738334246617
88	1088	2088	-1	13.140296497073374
89	1089	2089	-1	13.87271681566936
90	1090	2090	-1	15.181255546322047
91	1091	2091	-1	32.81986384445612
92	1092	2092	-1	13.447823130704437
93	1093	2093	-1	29.88544372162589
94	1094	2094	-1	7.9046559567060495
95	1095	2095	-1	21.00637786754453
96	1096	2096	-1	9.404647023670137
97	1097	2097	-1	15.318476010238516
98	1098	2098	-1	10.838697794698595
99	1099	2099	-1	17.15568220668143
100	1100	2100	-1	9.079526477245258
101	1101	2101	-1	15.823749885839252
102	1102	2102	-1	23.186013010266095
103	1103	2103	-1	10.241869502020469
104	1104	2104	-1	10.99654304712962
105	1105	2105	-1	8.55810838419639
106	1106	2106	-1	9.48130122656484
107	1107	2107	-1	10.180398042421327
108	1108	2108	-1	10.473408311643139
109	1109	2109	-1	9.815888902506257
110	1110	2110	-1	11.269239810552326
111	1111	2111	-1	15.15298554929845
112	1112	2112	-1	12.147792905831206
113	1113	2113	-1	9.25358223892522
114	1114	2114	-1	31.454864050434665
115	1115	2115	-1	10.323964243474286
116	1116	2116	-1	11.399848941691962
117	1117	2117	-1	9.607966235086794
118	1118	2118	-1	9.077700593070842
119	1119	2119	-1	10.200725473745038
120	1120	2120	-1	11.195178147853873
121	1121	2121	-1	14.87861241312609
122	1122	2122	-1	8.934756432631167
123	1123	2123	-1	10.128015005850246
124	1124	2124	-1	24.319620330584048
125	1125	2125	-1	15.703529620815866
126	1126	2126	-1	13.52829079794179
127	1127	2127	-1	10.00063442306131
128	1128	2128	-1	15.181424500209966
129	1129	2129	-1	43.96714128571044
130	1130	2130	-1	11.589302343886809
131	1131	2131	-1	43.74255245901821
132	1132	2132	-1	15.188996690716092
133	1133	2133	-1	34.00851162207452
134	1134	2134	-1	11.062305800775992
135	1135	2135	-1	16.20436169236619
136	1136	2136	-1	21.52357539889613
137	1137	2137	-1	14.991552081880796
138	1138	2138	-1	10.482259135470375
139	1139	2139	-1	10.307513598947393
140	1140	2140	-1	10.16671826268631
141	1141	2141	-1	9.56647720289557
142	1142	2142	-1	9.756541188461382
143	1143	2143	-1	11.106915935388688
144	1144	2144	-1	46.40312002445049
145	1145	2145	-1	23.014893780500415
146	1146	2146	-1	45.227147702578826
147	1147	2147	-1	10.273728542805607
148	1148	2148	-1	9.80713328399253
149	1149	2149	-1	15.259217046210546
150	1150	2150	-1	30.24104251837873
151	1151	2151	-1	15.784553153028645
152	1152	2152	-1	11.908945143258153
153	1153	2153	-1	9.502331402249611
154	1154	2154	-1	14.395216381505433
155	1155	2155	-1	13.247670975504763
156	1156	2156	-1	24.137753580261055
157	1157	2157	-1	14.465658855859479
158	1158	2158	-1	9.551666855844646
159	1159	2159	-1	18.598669805311
160	1160	2160	-1	10.481888086722664
161	1161	2161	-1	28.310110349248284
162	1162	2162	-1	10.917228395147777
163	1163	2163	-1	8.694137264460972
164	1164	2164	-1	9.1833163740274
165	1165	2165	-1	21.774052218483163
166	1166	2166	-1	14.794072245162498
167	1167	2167	-1	10.397454156486294
168	1168	2168	-1	13.426477093058553
169	1169	2169	-1	10.046162448744115
170	1170	2170	-1	8.515593852513225
171	1171	2171	-1	21.368477065029502
172	1172	2172	-1	10.540636159449917
173	1173	2173	-1	22.60706076918164
174	1174	2174	-1	13.636007635258233
175	1175	2175	-1	13.98286520256346
176	1176	2176	-1	21.197625419689338
177	1177	2177	-1	9.96599810084121
178	1178	2178	-1	9.478874358008836
179	1179	2179	-1	9.514275057786417
180	1180	2180	-1	10.517569976512975
181	1181	2181	-1	8.971843974022413
182	1182	2182	-1	30.796850769768728
183	1183	2183	-1	18.552346236631667
184	1184	2184	-1	15.274777641880222
185	1185	2185	-1	8.258389952216794
186	1186	2186	-1	9.979849361707915
187	1187	2187	-1	9.081288721061242
188	1188	2188	-1	9.854224034006048
189	1189	2189	-1	15.84701618454402
190	1190	2190	-1	9.873275119203262
191	1191	2191	-1	9.309124372423087
192	1192	2192	-1	14.057380142349693
193	1193	2193	-1	11.127806273827877
194	1194	2194	-1	9.604412093324802
195	1195	2195	-1	8.792772287184894
196	1196	2196	-1	8.547207845058674
197	1197	2197	-1	11.094092182678196
198	1198	2198	-1	14.669326673474272
199	1199	2199	-1	10.216988196263868
200	1200	2200	-1	21.127940263833654
201	1201	2201	-1	14.141166842592964
202	1202	2202	-1	102.28890298062457
203	1203	2203	-1	29.75134840616973
204	1204	2204	-1	14.722272895141598
205	1205	2205	-1	23.014647513020023
206	1206	2206	-1	9.35175474090452
207	1207	2207	-1	11.307773588378371
208	1208	2208	-1	8.964287463093322
209	1209	2209	-1	14.572293382240062
210	1210	2210	-1	35.08308482700177
211	1211	2211	-1	8.786523154689801
212	1212	2212	-1	13.722939451132856
213	1213	2213	-1	16.284231904103976
214	1214	2214	-1	15.222392355499965
215	1215	2215	-1	14.833516996843857
216	1216	2216	-1	15.952736530466757
217	1217	2217	-1	10.707514820557067
218	1218	2218	-1	10.195126077103367
219	1219	2219	-1	10.069445358333029
220	1220	2220	-1	9.01571678496223
221	1221	2221	-1	30.673185355538696
222	1222	2222	-1	15.86902805509965
223	1223	2223	-1	9.309015938234111
224	1224	2224	-1	30.450086032151333
225	1225	2225	-1	43.96461213996038
226	1226	2226	-1	13.112637766732895
227	1227	2227	-1	10.712700190290306
228	1228	2228	-1	16.348073531530357
229	1229	2229	-1	8.674312033841769
230	1230	2230	-1	9.988400183671661
231	1231	2231	-1	13.96372981993602
232	1232	2232	-1	10.05104196348367
233	1233	2233	-1	16.449068312988942
234	1234	2234	-1	8.93080452282808
235	1235	2235	-1	12.270012082803806
236	1236	2236	-1	15.78808572934196
237	1237	2237	-1	22.844572723222175
238	1238	2238	-1	10.351895694539692
239	1239	2239	-1	13.242632435072712
240	1240	2240	-1	29.924570711066966
241	1241	2241	-1	11.765059223607436
242	1242	2242	-1	11.717515633048425
243	1243	2243	-1	9.41944704431967
244	1244	2244	-1	30.85775933066353
245	1245	2245	-1	10.510491076949565
246	1246	2246	-1	29.82427081655159
247	1247	2247	-1	10.853915786653014
248	1248	2248	-1	23.008578318648624
249	1249	2249	-1	10.170786110829718
250	1250	2250	-1	22.74662051863302
251	1251	2251	-1	10.734874821373394
252	1252	2252	-1	17.160358061277712
253	1253	2253	-1	45.533535820884055
254	1254	2254	-1	8.388753315835793
255	1255	2255	-1	12.889731867670005
256	1256	2256	-1	14.285021302432032
257	1257	2257	-1	13.550633773909473
258	1258	2258	-1	14.350685016341806
259	1259	2259	-1	11.071963727707388
260	1260	2260	-1	10.645046029596744
261	1261	2261	-1	22.253689517406027
262	1262	2262	-1	9.149179474843633
263	1263	2263	-1	10.434532569367365
264	1264	2264	-1	14.0652678621113
265	1265	2265	-1	9.590680156246613
266	1266	2266	-1	15.470920005577478
267	1267	2267	-1	14.462317186977284
268	1268	2268	-1	9.131000223507858
269	1269	2269	-1	10.532659762602353
270	1270	2270	-1	29.571532501682682
271	1271	2271	-1	44.04858257203865
272	1272	2272	-1	7.972609457849522
273	1273	2273	-1	22.756413215432307
274	1274	2274	-1	51.665406634365574
275	1275	2275	-1	15.789224398689457
276	1276	2276	-1	11.301645189451197
277	1277	2277	-1	14.947251774511207
278	1278	2278	-1	14.238100740690863
279	1279	2279	-1	10.305872982538453
280	1280	2280	-1	22.02204315804187
281	1281	2281	-1	101.63380451098615
282	1282	2282	-1	14.653478367024668
283	1283	2283	-1	14.709652478307056
284	1284	2284	-1	14.923829275159054
285	1285	2285	-1	29.639331652995615
286	1286	2286	-1	29.275404322264876
287	1287	2287	-1	10.037698244178003
288	1288	2288	-1	15.967243584113882
289	1289	2289	-1	9.373757758209187
290	1290	2290	-1	16.0766084036177
291	1291	2291	-1	11.030634610303387
292	1292	2292	-1	15.251583653937972
293	1293	2293	-1	31.296554005178653
294	1294	2294	-1	33.67151345661167
295	1295	2295	-1	14.820130906098166
296	1296	2296	-1	22.859819587892034
297	1297	2297	-1	15.355381562795122
298	1298	2298	-1	10.695532204883719
299	1299	2299	-1	11.155879461521385
300	1300	2300	-1	30.091615858607614
301	1301	2301	-1	16.089432537515915
302	1302	2302	-1	45.05183964092044
303	1303	2303	-1	21.502494353221532
304	1304	2304	-1	11.650140458673802
305	1305	2305	-1	10.534148369343157
306	1306	2306	-1	10.265886117015484
307	1307	2307	-1	14.023026076776144
308	1308	2308	-1	13.817085727319826
309	1309	2309	-1	15.01584234477702
310	1310	2310	-1	23.803957185809548
311	1311	2311	-1	13.629452149118507
312	1312	2312	-1	10.014929317706104
313	1313	2313	-1	29.070334248673127
314	1314	2314	-1	9.807454813616891
315	1315	2315	-1	10.266256629107266
316	1316	2316	-1	11.317393680251065
317	1317	2317	-1	30.35267979395014
318	1318	2318	-1	11.228681762069051
319	1319	2319	-1	9.070909606769629
320	1320	2320	-1	10.413102604051263
321	1321	2321	-1	21.85329485493407
322	1322	2322	-1	10.310444671169495
323	1323	2323	-1	9.111422223568185
324	1324	2324	-1	10.749360387233468
325	1325	2325	-1	10.861830763324484
326	1326	2326	-1	11.247244567237574
327	1327	2327	-1	44.637661867754154
328	1328	2328	-1	203.72542578857528
329	1329	2329	-1	13.385794258464577
330	1330	2330	-1	17.983074737941326
331	1331	2331	-1	14.791718527949389
332	1332	2332	-1	45.26352939057166
333	1333	2333	-1	13.974105179317217
334	1334	2334	-1	8.448221037538183
335	1335	2335	-1	45.623821576239195
336	1336	2336	-1	34.487619646017954
337	1337	2337	-1	8.70156383164084
338	1338	2338	-1	10.501498311146463
339	1339	2339	-1	15.396298365929646
340	1340	2340	-1	9.642899322968933
341	1341	2341	-1	14.596269598002788
342	1342	2342	-1	10.477884004876243
343	1343	2343	-1	10.401173868797825
344	1344	2344	-1	9.766570051814645
345	1345	2345	-1	10.573032500174307
346	1346	2346	-1	15.196068117804426
347	1347	2347	-1	30.41624452800683
348	1348	2348	-1	13.70586508188611
349	1349	2349	-1	11.647065188773613
350	1350	2350	-1	14.972370674763349
351	1351	2351	-1	10.053628148310002
352	1352	2352	-1	29.326233759320157
353	1353	2353	-1	11.227931440991295
354	1354	2354	-1	11.347920649616142
355	1355	2355	-1	15.233474524391122
356	1356	2356	-1	14.07242267395291
357	1357	2357	-1	14.858544035834091
358	1358	2358	-1	16.028153218198312
359	1359	2359	-1	14.37158109255386
360	1360	2360	-1	10.305510125578705
361	1361	2361	-1	10.647903189932393
362	1362	2362	-1	8.672637002706827
363	1363	2363	-1	11.207056098938363
364	1364	2364	-1	8.7595943853601
365	1365	2365	-1	9.828047464905628
366	1366	2366	-1	14.011598326763979
367	1367	2367	-1	15.954810821843614
368	1368	2368	-1	24.28835671007603
369	1369	2369	-1	10.443380655886623
370	1370	2370	-1	13.458620583881379
371	1371	2371	-1	21.666588086737303
372	1372	2372	-1	15.675432621009906
373	1373	2373	-1	9.817991667151132
374	1374	2374	-1	11.380101357505206
375	1375	2375	-1	9.011042854969032
376	1376	2376	-1	14.495855939153538
377	1377	2377	-1	15.085458736937664
378	1378	2378	-1	30.871049969830096
379	1379	2379	-1	16.36548759948866
380	1380	2380	-1	13.602596681682636
381	1381	2381	-1	23.74047704107218
382	1382	2382	-1	13.810140258527186
383	1383	2383	-1	23.192679077157177
384	1384	2384	-1	10.053133914703293
385	1385	2385	-1	14.52713064001529
386	1386	2386	-1	10.494976093389203
387	1387	2387	-1	10.362679975547778
388	1388	2388	-1	10.652973459539409
389	1389	2389	-1	9.675313856090977
390	1390	2390	-1	31.025900973875867
391	1391	2391	-1	14.240581655944185
392	1392	2392	-1	11.853197195076442
393	1393	2393	-1	21.827254499606433
394	1394	2394	-1	14.887538512112618
395	1395	2395	-1	11.43374739629796
396	1396	2396	-1	15.601543166908254
397	1397	2397	-1	14.62330972458606
398	1398	2398	-1	10.880637654911471
399	1399	2399	-1	10.897193199768127
400	1400	2400	-1	14.546513739307573
401	1401	2401	-1	10.411643585810117
402	1402	2402	-1	23.72071191063818
403	1403	2403	-1	13.476786890733864
404	1404	2404	-1	11.5791580530625
405	1405	2405	-1	10.632187890755295
406	1406	2406	-1	16.372329369286863
407	1407	2407	-1	14.603911636045362
408	1408	2408	-1	15.28041272430864
409	1409	2409	-1	11.845883309646396
410	1410	2410	-1	8.585605587446016
411	1411	2411	-1	17.319992677255634
412	1412	2412	-1	10.779663694645492
413	1413	2413	-1	30.193907537153134
414	1414	2414	-1	9.606544650757947
415	1415	2415	-1	11.36356820546931
416	1416	2416	-1	27.970850771942334
417	1417	2417	-1	45.08502564113885
418	1418	2418	-1	16.13759275664403
419	1419	2419	-1	14.501397353543656
420	1420	2420	-1	10.095893229835248
421	1421	2421	-1	9.838463825673633
422	1422	2422	-1	14.85405816028925
423	1423	2423	-1	10.592444667721258
424	1424	2424	-1	31.920532835350162
425	1425	2425	-1	14.459740550553231
426	1426	2426	-1	29.983957007722452
427	1427	2427	-1	34.13712735234549
428	1428	2428	-1	10.499940476750846
429	1429	2429	-1	9.640459701202333
430	1430	2430	-1	10.688865673233455
431	1431	2431	-1	10.914706213032746
432	1432	2432	-1	10.547337763648308
433	1433	2433	-1	15.6878726206255
434	1434	2434	-1	10.232049856182673
435	1435	2435	-1	8.546753592568928
436	1436	2436	-1	13.934317041863283
437	1437	2437	-1	9.502903682043403
438	1438	2438	-1	7.826388607478128
439	1439	2439	-1	14.945486554914025
440	1440	2440	-1	9.978272968305397
441	1441	2441	-1	22.73681109709481
442	1442	2442	-1	16.304293023742623
443	1443	2443	-1	8.726602070732572
444	1444	2444	-1	9.952464005748503
445	1445	2445	-1	8.51732980590489
446	1446	2446	-1	9.723358339040686
447	1447	2447	-1	15.21004882279253
448	1448	2448	-1	10.439844401468072
449	1449	2449	-1	11.49595287615595
450	1450	2450	-1	10.371134722969943
451	1451	2451	-1	21.566566771083114
452	1452	2452	-1	8.582460431368892
453	1453	2453	-1	15.824492952480423
454	1454	2454	-1	9.735151018577245
455	1455	2455	-1	66.50517826194
456	1456	2456	-1	11.850943028717625
457	1457	2457	-1	10.670961812193214
458	1458	2458	-1	11.420367691763781
459	1459	2459	-1	9.312830731598956
460	1460	2460	-1	10.446726634319726
461	1461	2461	-1	11.051734785965458
462	1462	2462	-1	9.45742293195001
463	1463	2463	-1	17.65189590801672
464	1464	2464	-1	10.1391522552058
465	1465	2465	-1	14.463659837772033
466	1466	2466	-1	15.232257047273425
467	1467	2467	-1	9.895786435431729
468	1468	2468	-1	9.78195699206561
469	1469	2469	-1	8.636487935094177
470	1470	2470	-1	14.991035900032957
471	1471	2471	-1	11.281456177242656
472	1472	2472	-1	10.941771247487065
473	1473	2473	-1	14.049960161601843
474	1474	2474	-1	17.089999496506938
475	1475	2475	-1	16.906612686698168
476	1476	2476	-1	13.49443915408265
477	1477	2477	-1	13.552249299061016
478	1478	2478	-1	8.740027102186707
479	1479	2479	-1	9.238709303745852
480	1480	2480	-1	44.35515608253534
481	1481	2481	-1	11.247643932759964
482	1482	2482	-1	9.362386032821103
483	1483	2483	-1	9.031059505462396
484	1484	2484	-1	10.249513888186696
485	1485	2485	-1	45.23672159981954
486	1486	2486	-1	10.855356193007063
487	1487	2487	-1	22.621473158160832
488	1488	2488	-1	13.713616495431705
489	1489	2489	-1	9.390753112807042
490	1490	2490	-1	10.275353668266098
491	1491	2491	-1	15.106809373977551
492	1492	2492	-1	9.308606613659812
493	1493	2493	-1	11.025131765631732
494	1494	2494	-1	11.464472420193575
495	1495	2495	-1	9.980260976268351
496	1496	2496	-1	13.814580089990727
497	1497	2497	-1	9.420555520410971
498	1498	2498	-1	14.857120023413115
499	1499	2499	-1	9.071026961449382
500	1500	2500	-1	13.123494769676864
501	1501	2501	-1	9.200883719623594
502	1502	2502	-1	8.924645380213832
503	1503	2503	-1	14.09292739490117
504	1504	2504	-1	13.978580775988679
505	1505	2505	-1	15.06513981143116
506	1506	2506	-1	9.52080332040693
507	1507	2507	-1	10.376725741333697
508	1508	2508	-1	10.54203661058044
509	1509	2509	-1	9.214213205843588
510	1510	2510	-1	8.667564857729277
511	1511	2511	-1	46.35435463054349
512	1512	2512	-1	9.60743154142353
513	1513	2513	-1	11.232385168926088
514	1514	2514	-1	21.46085805861275
515	1515	2515	-1	10.719151605767117
516	1516	2516	-1	21.71448754216567
517	1517	2517	-1	11.173320101019243
518	1518	2518	-1	11.172464760652012
519	1519	2519	-1	9.11132532945234
520	1520	2520	-1	20.729195078503523
521	1521	2521	-1	15.453596999839121
522	1522	2522	-1	13.974302412616213
523	1523	2523	-1	8.900679328289808
524	1524	2524	-1	10.465626767792862
525	1525	2525	-1	33.704086830956875
526	1526	2526	-1	9.968806470157835
527	1527	2527	-1	15.51043128020424
528	1528	2528	-1	24.27985056976853
529	1529	2529	-1	9.212316914301697
530	1530	2530	-1	14.215336300493949
531	1531	2531	-1	13.338817021755286
532	1532	2532	-1	21.31370749509347
533	1533	2533	-1	135.00679803377736
534	1534	2534	-1	14.263272145433312
535	1535	2535	-1	11.23168925230769
536	1536	2536	-1	14.418150564150412
537	1537	2537	-1	66.49979937759716
538	1538	2538	-1	8.444334883519579
539	1539	2539	-1	15.781410255098168
540	1540	2540	-1	9.016756911362192
541	1541	2541	-1	15.480000852311434
542	1542	2542	-1	9.412877639996172
543	1543	2543	-1	14.002034282424365
544	1544	2544	-1	9.973300181251464
545	1545	2545	-1	10.513116784656
546	1546	2546	-1	10.857383843277145
547	1547	2547	-1	10.251857513030561
548	1548	2548	-1	18.991124658790497
549	1549	2549	-1	9.075149889774263
550	1550	2550	-1	11.179563619662943
551	1551	2551	-1	10.195340224418066
552	1552	2552	-1	22.317400466951923
553	1553	2553	-1	31.284404382700192
554	1554	2554	-1	16.591381586728158
555	1555	2555	-1	12.601218054554211
556	1556	2556	-1	9.821427811530477
557	1557	2557	-1	7.976620683257963
558	1558	2558	-1	15.640539741872521
559	1559	2559	-1	10.116168712723072
560	1560	2560	-1	9.181500949690397
561	1561	2561	-1	11.382071977695336
562	1562	2562	-1	11.442616056060851
563	1563	2563	-1	22.34507091029359
564	1564	2564	-1	14.895563536791284
565	1565	2565	-1	15.194219906458459
566	1566	2566	-1	14.36365877280582
567	1567	2567	-1	9.444279066193609
568	1568	2568	-1	10.168846545042529
569	1569	2569	-1	9.60340460941889
570	1570	2570	-1	10.408162373821225
571	1571	2571	-1	31.51159291524973
572	1572	2572	-1	8.907286022626907
573	1573	2573	-1	9.358924275184718
574	1574	2574	-1	10.989579236169654
575	1575	2575	-1	21.148002555535324
576	1576	2576	-1	9.34917567769393
577	1577	2577	-1	17.037563872895348
578	1578	2578	-1	8.592663368722148
579	1579	2579	-1	14.71274997610915
580	1580	2580	-1	9.93512631030817
581	1581	2581	-1	10.197830006586532
582	1582	2582	-1	15.770106348481036
583	1583	2583	-1	9.026677205860892
584	1584	2584	-1	44.93788349564557
585	1585	2585	-1	10.52862410313163
586	1586	2586	-1	10.467963399977926
587	1587	2587	-1	8.814393711457463
588	1588	2588	-1	67.64441098468349
589	1589	2589	-1	15.782589371897497
590	1590	2590	-1	13.952207077336476
591	1591	2591	-1	10.696073569931638
592	1592	2592	-1	15.949277982020192
593	1593	2593	-1	10.425660026134224
594	1594	2594	-1	7.944901320140908
595	1595	2595	-1	10.125474547169663
596	1596	2596	-1	10.180332878839183
597	1597	2597	-1	22.722491080995386
598	1598	2598	-1	14.955910612140745
599	1599	2599	-1	8.253150142210092
600	1600	2600	-1	29.76214098977921
601	1601	2601	-1	8.738262792899604
602	1602	2602	-1	69.32749489736103
603	1603	2603	-1	9.547071114881676
604	1604	2604	-1	68.20475663865554
605	1605	2605	-1	9.227424631310472
606	1606	2606	-1	30.8310448770473
607	1607	2607	-1	8.423801654574692
608	1608	2608	-1	15.976994892625537
609	1609	2609	-1	11.070006925119522
610	1610	2610	-1	15.061011270677486
611	1611	2611	-1	9.298934475651327
612	1612	2612	-1	15.152823890594746
613	1613	2613	-1	9.660841839918653
614	1614	2614	-1	43.54613465324883
615	1615	2615	-1	15.95115017506752
616	1616	2616	-1	10.800732833683783
617	1617	2617	-1	10.126971956916107
618	1618	2618	-1	8.70966484122643
619	1619	2619	-1	30.860954613500038
620	1620	2620	-1	66.49489116568354
621	1621	2621	-1	44.95310330274729
622	1622	2622	-1	9.54168222582914
623	1623	2623	-1	14.44475618493975
624	1624	2624	-1	23.89363877013872
625	1625	2625	-1	10.098135204630129
626	1626	2626	-1	29.005953969337625
627	1627	2627	-1	9.593679737955178
628	1628	2628	-1	8.280250222729308
629	1629	2629	-1	29.13609367642097
630	1630	2630	-1	16.569581012699288
631	1631	2631	-1	11.093155611064482
632	1632	2632	-1	14.643069878202331
633	1633	2633	-1	30.69699392291036
634	1634	2634	-1	10.21625070870764
635	1635	2635	-1	8.991634611728458
636	1636	2636	-1	14.717431263618781
637	1637	2637	-1	14.135858954921838
638	1638	2638	-1	21.445320626807735
639	1639	2639	-1	10.958651327839856
640	1640	2640	-1	11.451985208197534
641	1641	2641	-1	14.236298695292236
642	1642	2642	-1	13.85671915542436
643	1643	2643	-1	29.870036868982734
644	1644	2644	-1	9.239766437907733
645	1645	2645	-1	13.634156937428429
646	1646	2646	-1	8.513545377007464
647	1647	2647	-1	9.440846768076554
648	1648	2648	-1	30.494335794151837
649	1649	2649	-1	15.535092601833231
650	1650	2650	-1	46.23855944555177
651	1651	2651	-1	30.637430889778788
652	1652	2652	-1	13.852912801562232
653	1653	2653	-1	9.554287288283572
654	1654	2654	-1	10.521980201301062
655	1655	2655	-1	13.458362849754506
656	1656	2656	-1	10.027940156068828
657	1657	2657	-1	13.82119816419309
658	1658	2658	-1	9.470494819036988
659	1659	2659	-1	14.522710339985034
660	1660	2660	-1	9.060397426784483
661	1661	2661	-1	27.993469951261332
662	1662	2662	-1	23.38106132045792
663	1663	2663	-1	8.857999335363864
664	1664	2664	-1	12.505514864246873
665	1665	2665	-1	15.34533861591249
666	1666	2666	-1	11.565264854622887
667	1667	2667	-1	14.894662035107794
668	1668	2668	-1	10.954945245942092
669	1669	2669	-1	15.930417943285324
670	1670	2670	-1	10.00229844210666
671	1671	2671	-1	15.162168398913085
672	1672	2672	-1	14.550116186812074
673	1673	2673	-1	15.634356346413556
674	1674	2674	-1	9.979825573758665
675	1675	2675	-1	8.429926594188338
676	1676	2676	-1	9.989568586808938
677	1677	2677	-1	10.023260317275122
678	1678	2678	-1	14.119673930238918
679	1679	2679	-1	9.991841829881086
680	1680	2680	-1	29.404819522568683
681	1681	2681	-1	14.507323060093581
682	1682	2682	-1	10.60070437545933
683	1683	2683	-1	43.24989189770162
684	1684	2684	-1	15.605108987376202
685	1685	2685	-1	10.114189388225322
686	1686	2686	-1	14.996598062216746
687	1687	2687	-1	10.168564193152713
688	1688	2688	-1	11.479655844131656
689	1689	2689	-1	49.89444990894254
690	1690	2690	-1	11.672479508476348
691	1691	2691	-1	9.874187216593956
692	1692	2692	-1	10.802830344701436
693	1693	2693	-1	16.520993503454953
694	1694	2694	-1	15.478427934812247
695	1695	2695	-1	17.303652391713364
696	1696	2696	-1	10.73948797169066
697	1697	2697	-1	17.01941677854586
698	1698	2698	-1	8.21406052623006
699	1699	2699	-1	13.918315468200234
700	1700	2700	-1	22.540378321286617
701	1701	2701	-1	10.862349192251765
702	1702	2702	-1	15.304854361772984
703	1703	2703	-1	11.275469269745404
704	1704	2704	-1	11.099557613707976
705	1705	2705	-1	8.306902974761481
706	1706	2706	-1	14.881417075556726
707	1707	2707	-1	10.525755838786594
708	1708	2708	-1	10.149784785080362
709	1709	2709	-1	9.843476532696183
710	1710	2710	-1	23.112862990699337
711	1711	2711	-1	69.03833013398283
712	1712	2712	-1	21.85710228681657
713	1713	2713	-1	13.237072142126433
714	1714	2714	-1	10.12854009714024
715	1715	2715	-1	10.10898425476171
716	1716	2716	-1	13.501099648898332
717	1717	2717	-1	14.980941597595363
718	1718	2718	-1	10.119454932340572
719	1719	2719	-1	30.59817031827968
720	1720	2720	-1	22.012812415556652
721	1721	2721	-1	15.43204705383762
722	1722	2722	-1	23.63664979020653
723	1723	2723	-1	23.585515522445867
724	1724	2724	-1	8.892662286908045
725	1725	2725	-1	10.172055967291888
726	1726	2726	-1	8.845891376772556
727	1727	2727	-1	9.446340633899117
728	1728	2728	-1	14.530603381155615
729	1729	2729	-1	14.142738899928982
730	1730	2730	-1	15.132368986057621
731	1731	2731	-1	9.960098292997577
732	1732	2732	-1	14.27848023817755
733	1733	2733	-1	10.198496028309334
734	1734	2734	-1	30.752272038232984
735	1735	2735	-1	14.787545451350386
736	1736	2736	-1	15.075960506575228
737	1737	2737	-1	14.509517446957563
738	1738	2738	-1	21.8905912346514
739	1739	2739	-1	15.271353786666152
740	1740	2740	-1	15.775489520682692
741	1741	2741	-1	24.121647463573048
742	1742	2742	-1	10.48149835005586
743	1743	2743	-1	45.07579470609584
744	1744	2744	-1	14.512076098242046
745	1745	2745	-1	10.172757531335508
746	1746	2746	-1	7.3005639058183185
747	1747	2747	-1	11.279124966598465
748	1748	2748	-1	24.121790756486742
749	1749	2749	-1	44.75229575941945
750	1750	2750	-1	8.933063977468107
751	1751	2751	-1	43.32506195182287
752	1752	2752	-1	16.217422879397187
753	1753	2753	-1	8.916342832790157
754	1754	2754	-1	8.921874890766569
755	1755	2755	-1	9.970689783403337
756	1756	2756	-1	7.831437566923425
757	1757	2757	-1	9.980714235915832
758	1758	2758	-1	9.504657535508283
759	1759	2759	-1	10.667083377633451
760	1760	2760	-1	16.58074755162543
761	1761	2761	-1	22.624623613211906
762	1762	2762	-1	14.82257049855722
763	1763	2763	-1	10.209737691056883
764	1764	2764	-1	19.66485147473488
765	1765	2765	-1	9.666635600035509
766	1766	2766	-1	10.408048440695469
767	1767	2767	-1	9.871459462611485
768	1768	2768	-1	10.023789807923592
769	1769	2769	-1	14.72671946708846
770	1770	2770	-1	9.286681172333905
771	1771	2771	-1	11.116204583352495
772	1772	2772	-1	10.607294419595757
773	1773	2773	-1	16.057125035318993
774	1774	2774	-1	9.742182745075832
775	1775	2775	-1	9.868269987962993
776	1776	2776	-1	10.238906549492254
777	1777	2777	-1	30.989147894178803
778	1778	2778	-1	68.77989328707832
779	1779	2779	-1	11.321331996935774
780	1780	2780	-1	11.349235353695065
781	1781	2781	-1	23.79928820835906
782	1782	2782	-1	14.796733731494433
783	1783	2783	-1	11.019499153981407
784	1784	2784	-1	9.830971406958797
785	1785	2785	-1	14.719501711135301
786	1786	2786	-1	10.417364104084925
787	1787	2787	-1	8.889128152805498
788	1788	2788	-1	22.49210639278323
789	1789	2789	-1	8.632950707573222
790	1790	2790	-1	9.817021718533322
791	1791	2791	-1	9.279094045284536
792	1792	2792	-1	15.889417454053275
793	1793	2793	-1	16.885229814283466
794	1794	2794	-1	21.46269718498968
795	1795	2795	-1	10.436615148874344
796	1796	2796	-1	14.49809981531626
797	1797	2797	-1	13.489876879191959
798	1798	2798	-1	8.530176056172778
799	1799	2799	-1	29.477782091839053
800	1800	2800	-1	9.346581332520822
801	1801	2801	-1	10.156519026038012
802	1802	2802	-1	15.776321458190562
803	1803	2803	-1	14.619083432087786
804	1804	2804	-1	30.26460342902191
805	1805	2805	-1	9.058947923805926
806	1806	2806	-1	21.054117314424303
807	1807	2807	-1	14.458252705147272
808	1808	2808	-1	14.53404564562965
809	1809	2809	-1	45.36937697875443
810	1810	2810	-1	11.700272018641662
811	1811	2811	-1	8.154002556564105
812	1812	2812	-1	13.570924947812387
813	1813	2813	-1	16.335841246107726
814	1814	2814	-1	13.498142625888246
815	1815	2815	-1	15.322684548885862
816	1816	2816	-1	11.239663459741402
817	1817	2817	-1	10.900753618783828
818	1818	2818	-1	8.980029865179906
819	1819	2819	-1	9.696640791974472
820	1820	2820	-1	44.42706403418849
821	1821	2821	-1	14.970118542204613
822	1822	2822	-1	14.381475568390766
823	1823	2823	-1	10.350167301808478
824	1824	2824	-1	14.890494639986526
825	1825	2825	-1	15.753144591803279
826	1826	2826	-1	13.655185127238362
827	1827	2827	-1	23.322516943719336
828	1828	2828	-1	22.84004063842505
829	1829	2829	-1	13.631948424613777
830	1830	2830	-1	10.389087708286816
831	1831	2831	-1	9.58968051936678
832	1832	2832	-1	10.293707878423497
833	1833	2833	-1	11.045756376762494
834	1834	2834	-1	9.5189542584564
835	1835	2835	-1	10.481499873449359
836	1836	2836	-1	11.14488583433587
837	1837	2837	-1	10.158561252953362
838	1838	2838	-1	10.653012047751867
839	1839	2839	-1	13.389701702115165
840	1840	2840	-1	9.561791787610327
841	1841	2841	-1	10.322823702221083
842	1842	2842	-1	9.10155599156167
843	1843	2843	-1	13.86114954263826
844	1844	2844	-1	20.96909835743111
845	1845	2845	-1	9.395749599012422
846	1846	2846	-1	15.670427375553832
847	1847	2847	-1	13.324774426329624
848	1848	2848	-1	11.686017136340695
849	1849	2849	-1	8.446324242983444
850	1850	2850	-1	29.734192421149526
851	1851	2851	-1	9.552220484171748
852	1852	2852	-1	22.76708284485738
853	1853	2853	-1	15.70795530384112
854	1854	2854	-1	15.055764367088399
855	1855	2855	-1	8.824802597444332
856	1856	2856	-1	44.93482830771926
857	1857	2857	-1	11.482432234991016
858	1858	2858	-1	14.673117973467662
859	1859	2859	-1	16.60124640733592
860	1860	2860	-1	15.521153663794221
861	1861	2861	-1	14.222361625912214
862	1862	2862	-1	13.965141548635994
863	1863	2863	-1	17.278027568091108
864	1864	2864	-1	31.07327485701961
865	1865	2865	-1	23.398735289046947
866	1866	2866	-1	31.61445895968557
867	1867	2867	-1	13.291133457874842
868	1868	2868	-1	9.80819982987538
869	1869	2869	-1	16.03641571500581
870	1870	2870	-1	16.738998224853244
871	1871	2871	-1	45.545317794933794
872	1872	2872	-1	14.367568694806325
873	1873	2873	-1	17.27678328620019
874	1874	2874	-1	12.64885179300122
875	1875	2875	-1	9.637065983573343
876	1876	2876	-1	15.740506606796083
877	1877	2877	-1	10.669630822645304
878	1878	2878	-1	21.658532060287424
879	1879	2879	-1	16.041628127138488
880	1880	2880	-1	12.645774715931324
881	1881	2881	-1	11.943349770819871
882	1882	2882	-1	9.591779793578263
883	1883	2883	-1	8.109271666934895
884	1884	2884	-1	15.572262362438133
885	1885	2885	-1	22.775880342210858
886	1886	2886	-1	9.869376919795732
887	1887	2887	-1	15.008134166030437
888	1888	2888	-1	9.578079305182552
889	1889	2889	-1	8.496075406186671
890	1890	2890	-1	29.392596297252137
891	1891	2891	-1	13.157286506282894
892	1892	2892	-1	14.362124990984976
893	1893	2893	-1	10.79680279965666
894	1894	2894	-1	15.92076189368948
895	1895	2895	-1	9.1543558650312
896	1896	2896	-1	21.33642732110886
897	1897	2897	-1	9.410750444168166
898	1898	2898	-1	8.912523599382332
899	1899	2899	-1	13.544254535115487
900	1900	2900	-1	9.50893963798363
901	1901	2901	-1	9.573902621242794
902	1902	2902	-1	15.84815310693973
903	1903	2903	-1	16.598451738881607
904	1904	2904	-1	10.459229381102407
905	1905	2905	-1	10.808442407778392
906	1906	2906	-1	8.513906049097141
907	1907	2907	-1	44.322906104493896
908	1908	2908	-1	9.162887629174838
909	1909	2909	-1	11.24548682669835
910	1910	2910	-1	9.983590339203836
911	1911	2911	-1	15.418273047997419
912	1912	2912	-1	22.585486873656947
913	1913	2913	-1	14.963064422334492
914	1914	2914	-1	45.67973040511708
915	1915	2915	-1	14.973289995418062
916	1916	2916	-1	13.390561135722365
917	1917	2917	-1	10.442453021473607
918	1918	2918	-1	11.763099400467192
919	1919	2919	-1	16.493768667755653
920	1920	2920	-1	12.641928530807387
921	1921	2921	-1	9.633748033760106
922	1922	2922	-1	16.18647069702956
923	1923	2923	-1	10.785913937510285
924	1924	2924	-1	12.961695101522784
925	1925	2925	-1	8.567127083928273
926	1926	2926	-1	13.998449071966526
927	1927	2927	-1	9.488257886735953
928	1928	2928	-1	14.776748741967271
929	1929	2929	-1	9.577408169827253
930	1930	2930	-1	21.652658946795913
931	1931	2931	-1	11.09650139769732
932	1932	2932	-1	11.058323290495604
933	1933	2933	-1	10.216068128732033
934	1934	2934	-1	30.6679203881971
935	1935	2935	-1	9.436979987447806
936	1936	2936	-1	10.128751931725663
937	1937	2937	-1	11.762176937942305
938	1938	2938	-1	14.294203743544667
939	1939	2939	-1	16.00229580913577
940	1940	2940	-1	16.22808786308921
941	1941	2941	-1	14.853577086927084
942	1942	2942	-1	33.74889146789532
943	1943	2943	-1	15.770100452454866
944	1944	2944	-1	10.466480524828102
945	1945	2945	-1	10.255629418697454
946	1946	2946	-1	8.920879823565127
947	1947	2947	-1	9.181614016410686
948	1948	2948	-1	23.36829825855526
949	1949	2949	-1	15.932746465007279
950	1950	2950	-1	29.490108254126806
951	1951	2951	-1	22.189111923437157
952	1952	2952	-1	15.872573679716009
953	1953	2953	-1	9.67937197755419
954	1954	2954	-1	14.369702115584635
955	1955	2955	-1	21.3569035581282
956	1956	2956	-1	68.1464149290441
957	1957	2957	-1	14.20831668945442
958	1958	2958	-1	13.843733585976098
959	1959	2959	-1	10.06953012996912
960	1960	2960	-1	30.1592057617505
961	1961	2961	-1	7.999238249084792
962	1962	2962	-1	9.590447621232585
963	1963	2963	-1	15.402110807619659
964	1964	2964	-1	65.58690865256088
965	1965	2965	-1	43.9306426534066
966	1966	2966	-1	10.533095266243917
967	1967	2967	-1	9.876841310641431
968	1968	2968	-1	8.794563706306558
969	1969	2969	-1	15.059230441924733
970	1970	2970	-1	9.781532089962846
971	1971	2971	-1	10.513538880954604
972	1972	2972	-1	9.822462118830673
973	1973	2973	-1	14.106756972551263
974	1974	2974	-1	15.351608289361295
975	1975	2975	-1	16.31710531438497
976	1976	2976	-1	10.037071540130873
977	1977	2977	-1	11.4354174780675
978	1978	2978	-1	14.3877796781065
979	1979	2979	-1	11.696313116823736
980	1980	2980	-1	22.584375070538456
981	1981	2981	-1	16.680465458986248
982	1982	2982	-1	14.26566363862923
983	1983	2983	-1	15.241124167733593
984	1984	2984	-1	9.125226442304626
985	1985	2985	-1	12.297959214625362
986	1986	2986	-1	15.807699564991767
987	1987	2987	-1	15.878052103443066
988	1988	2988	-1	45.02423382135372
989	1989	2989	-1	9.173945587749406
990	1990	2990	-1	14.544343966820218
991	1991	2991	-1	9.045706542034264
992	1992	2992	-1	66.40687391086578
993	1993	2993	-1	8.064852643018062
994	1994	2994	-1	28.744720957159977
995	1995	2995	-1	15.197452170564818
996	1996	2996	-1	9.922207430070245
997	1997	2997	-1	9.438436165694563
998	1998	2998	-1	15.174147363764805
999	1999	2999	-1	14.721102646563654
