ind_ID	father_ID	mother_ID	Sex	Phenotype
0	1000	2000	-1	29.438504263603193
1	1001	2001	-1	18.05298330123992
2	1002	2002	-1	8.423580039093062
3	1003	2003	-1	30.01582391386518
4	1004	2004	-1	30.87931156290775
5	1005	2005	-1	9.494404791741301
6	1006	2006	-1	11.040104876462275
7	1007	2007	-1	11.600954271656148
8	1008	2008	-1	8.52092072576306
9	1009	2009	-1	10.275322758228368
10	1010	2010	-1	9.122339488020057
11	1011	2011	-1	11.766610006683408
12	1012	2012	-1	11.493900215276943
13	1013	2013	-1	10.492608121666937
14	1014	2014	-1	18.32458702002085
15	1015	2015	-1	10.771621701909064
16	1016	2016	-1	61.733016751131125
17	1017	2017	-1	18.687111264173907
18	1018	2018	-1	59.10328355791223
19	1019	2019	-1	9.116185723720436
20	1020	2020	-1	40.755632283623356
21	1021	2021	-1	9.362920384602404
22	1022	2022	-1	10.501072630349654
23	1023	2023	-1	11.054565021601945
24	1024	2024	-1	30.944611475693172
25	1025	2025	-1	10.979425356345441
26	1026	2026	-1	18.63603604048862
27	1027	2027	-1	8.338695005921245
28	1028	2028	-1	10.936090515733074
29	1029	2029	-1	11.755893732357913
30	1030	2030	-1	8.545831640304247
31	1031	2031	-1	59.684767718724345
32	1032	2032	-1	9.810166866210208
33	1033	2033	-1	29.902009125854224
34	1034	2034	-1	10.292996952774503
35	1035	2035	-1	61.206407637091935
36	1036	2036	-1	10.952136944143414
37	1037	2037	-1	30.044389536463743
38	1038	2038	-1	11.402623664981252
39	1039	2039	-1	11.390884038095061
40	1040	2040	-1	9.788432508614937
41	1041	2041	-1	9.65800396234618
42	1042	2042	-1	20.1924447282909
43	1043	2043	-1	30.75656155260616
44	1044	2044	-1	28.84133964662621
45	1045	2045	-1	31.262748043655186
46	1046	2046	-1	9.593606831798345
47	1047	2047	-1	11.27405957451476
48	1048	2048	-1	10.648981875158643
49	1049	2049	-1	10.27322834570003
50	1050	2050	-1	31.20144489097933
51	1051	2051	-1	10.886323875484042
52	1052	2052	-1	11.739203089170688
53	1053	2053	-1	20.30489515502047
54	1054	2054	-1	30.215213387090568
55	1055	2055	-1	21.143673265525912
56	1056	2056	-1	29.87700095270785
57	1057	2057	-1	10.283772591401815
58	1058	2058	-1	10.98237394826735
59	1059	2059	-1	9.646898148874202
60	1060	2060	-1	30.424942557489842
61	1061	2061	-1	9.120647474818016
62	1062	2062	-1	11.712207461213985
63	1063	2063	-1	10.925125573947877
64	1064	2064	-1	59.09765235058149
65	1065	2065	-1	8.7428917384839
66	1066	2066	-1	10.997707437860823
67	1067	2067	-1	11.765922399278187
68	1068	2068	-1	20.005599250033434
69	1069	2069	-1	9.319988447632916
70	1070	2070	-1	10.424099211708606
71	1071	2071	-1	10.528652405206499
72	1072	2072	-1	21.27753442187741
73	1073	2073	-1	19.003165732913967
74	1074	2074	-1	29.376978236158045
75	1075	2075	-1	61.77509971808481
76	1076	2076	-1	9.707202792946894
77	1077	2077	-1	12.031349971829542
78	1078	2078	-1	30.35383442108836
79	1079	2079	-1	20.377037686175356
80	1080	2080	-1	8.569963261974893
81	1081	2081	-1	9.693503398487014
82	1082	2082	-1	20.86327840811064
83	1083	2083	-1	10.102193638069336
84	1084	2084	-1	9.579524530891725
85	1085	2085	-1	11.852518280040286
86	1086	2086	-1	9.347831877033709
87	1087	2087	-1	9.816521819151292
88	1088	2088	-1	27.299154092205658
89	1089	2089	-1	27.881977381664104
90	1090	2090	-1	7.991384730147425
91	1091	2091	-1	29.128079168402323
92	1092	2092	-1	8.277595201801278
93	1093	2093	-1	11.216319458652157
94	1094	2094	-1	19.67853388506045
95	1095	2095	-1	10.162241278632235
96	1096	2096	-1	30.3283553750856
97	1097	2097	-1	19.42777489098362
98	1098	2098	-1	28.854171960296263
99	1099	2099	-1	29.761730336958404
100	1100	2100	-1	19.168932817959536
101	1101	2101	-1	11.334417768504327
102	1102	2102	-1	8.944986528273102
103	1103	2103	-1	10.696589713408917
104	1104	2104	-1	19.56509781297409
105	1105	2105	-1	10.609105877359678
106	1106	2106	-1	10.77023815471365
107	1107	2107	-1	9.743159600458869
108	1108	2108	-1	10.874166945679441
109	1109	2109	-1	21.80850790368636
110	1110	2110	-1	9.697672140284473
111	1111	2111	-1	12.096372095440152
112	1112	2112	-1	9.372353058453262
113	1113	2113	-1	9.011354593530903
114	1114	2114	-1	11.339773211208774
115	1115	2115	-1	8.653728032011037
116	1116	2116	-1	9.641318252937682
117	1117	2117	-1	28.996946452358095
118	1118	2118	-1	11.345401747237602
119	1119	2119	-1	9.106634085849988
120	1120	2120	-1	20.178860365344345
121	1121	2121	-1	30.844783832810567
122	1122	2122	-1	9.970370642261425
123	1123	2123	-1	29.950599552480142
124	1124	2124	-1	9.547709050403908
125	1125	2125	-1	11.592485060293024
126	1126	2126	-1	11.129460296677385
127	1127	2127	-1	10.695492144319827
128	1128	2128	-1	9.250153850199244
129	1129	2129	-1	30.700162829643894
130	1130	2130	-1	10.342589250017506
131	1131	2131	-1	9.349840950240917
132	1132	2132	-1	60.21110455416081
133	1133	2133	-1	9.963372830469867
134	1134	2134	-1	10.388900455829125
135	1135	2135	-1	20.48417142780323
136	1136	2136	-1	9.1584433906561
137	1137	2137	-1	18.74647728196944
138	1138	2138	-1	21.307486377428898
139	1139	2139	-1	30.66783716813744
140	1140	2140	-1	31.053927431671266
141	1141	2141	-1	21.878285032204598
142	1142	2142	-1	21.003499372808996
143	1143	2143	-1	9.613258642440217
144	1144	2144	-1	9.510434796576394
145	1145	2145	-1	8.493350078920633
146	1146	2146	-1	9.581266754040136
147	1147	2147	-1	31.196509745429285
148	1148	2148	-1	11.08487469360616
149	1149	2149	-1	30.218995264088583
150	1150	2150	-1	9.651235203591611
151	1151	2151	-1	11.122538907696482
152	1152	2152	-1	18.28095045445686
153	1153	2153	-1	18.91214778060541
154	1154	2154	-1	10.57369051513864
155	1155	2155	-1	28.96879850397525
156	1156	2156	-1	20.634684641838472
157	1157	2157	-1	9.37303377993164
158	1158	2158	-1	10.016704160926178
159	1159	2159	-1	9.64050587718428
160	1160	2160	-1	21.89887731483305
161	1161	2161	-1	21.45081938677137
162	1162	2162	-1	8.786757086882726
163	1163	2163	-1	10.115773854211744
164	1164	2164	-1	11.053080528764582
165	1165	2165	-1	29.82925845638204
166	1166	2166	-1	20.20319905558914
167	1167	2167	-1	19.951612675901625
168	1168	2168	-1	10.50641966581078
169	1169	2169	-1	22.211729637389475
170	1170	2170	-1	10.307087033853593
171	1171	2171	-1	10.571425425017484
172	1172	2172	-1	11.565766926812676
173	1173	2173	-1	10.769340358458438
174	1174	2174	-1	9.734419522836411
175	1175	2175	-1	29.21784405814173
176	1176	2176	-1	29.859670066498285
177	1177	2177	-1	9.482084050629668
178	1178	2178	-1	59.9238306877638
179	1179	2179	-1	10.319398200284425
180	1180	2180	-1	30.2925808580289
181	1181	2181	-1	10.29587097308925
182	1182	2182	-1	9.283949482789426
183	1183	2183	-1	9.833199900873977
184	1184	2184	-1	10.017572835045112
185	1185	2185	-1	10.72822889012129
186	1186	2186	-1	11.678862350665753
187	1187	2187	-1	10.22763237832577
188	1188	2188	-1	11.15763510233882
189	1189	2189	-1	10.777440005412094
190	1190	2190	-1	9.701874248118552
191	1191	2191	-1	11.228662818307038
192	1192	2192	-1	30.08500916448682
193	1193	2193	-1	9.291758013407888
194	1194	2194	-1	8.735269071013693
195	1195	2195	-1	8.290591664627168
196	1196	2196	-1	9.348116356288754
197	1197	2197	-1	10.76750076505921
198	1198	2198	-1	12.744875240510787
199	1199	2199	-1	10.692298589926287
200	1200	2200	-1	8.395581303652655
201	1201	2201	-1	8.65307199516075
202	1202	2202	-1	8.588853021529252
203	1203	2203	-1	8.448761794297939
204	1204	2204	-1	10.428645069048239
205	1205	2205	-1	8.228023675021623
206	1206	2206	-1	9.924292512499608
207	1207	2207	-1	30.684361769558446
208	1208	2208	-1	19.178207174758253
209	1209	2209	-1	22.042659114716326
210	1210	2210	-1	9.45756652151938
211	1211	2211	-1	20.01720844735978
212	1212	2212	-1	8.616516818098804
213	1213	2213	-1	11.024031297138299
214	1214	2214	-1	10.496393136555167
215	1215	2215	-1	10.711765618631498
216	1216	2216	-1	29.353701080385804
217	1217	2217	-1	8.603403985570553
218	1218	2218	-1	11.48769470642509
219	1219	2219	-1	20.592096632498606
220	1220	2220	-1	19.389288502168416
221	1221	2221	-1	20.07684845734974
222	1222	2222	-1	10.031015140111423
223	1223	2223	-1	9.783363953213902
224	1224	2224	-1	10.435885687446046
225	1225	2225	-1	20.462950463109966
226	1226	2226	-1	8.634804753378154
227	1227	2227	-1	10.409384210773414
228	1228	2228	-1	18.9906007904355
229	1229	2229	-1	9.816147429584559
230	1230	2230	-1	19.984986386313988
231	1231	2231	-1	61.14753416989719
232	1232	2232	-1	9.153829582770415
233	1233	2233	-1	19.681936585807396
234	1234	2234	-1	60.3008808122585
235	1235	2235	-1	10.355651165507187
236	1236	2236	-1	20.530969532489173
237	1237	2237	-1	8.775741389310353
238	1238	2238	-1	10.129952425746366
239	1239	2239	-1	10.630054001465894
240	1240	2240	-1	9.52168705754785
241	1241	2241	-1	10.79959603160747
242	1242	2242	-1	10.584026863849546
243	1243	2243	-1	10.188428306371408
244	1244	2244	-1	20.46585895188266
245	1245	2245	-1	19.490429024363287
246	1246	2246	-1	11.618246702508316
247	1247	2247	-1	40.02689644650769
248	1248	2248	-1	29.30267990203355
249	1249	2249	-1	10.148551284420833
250	1250	2250	-1	10.665748579124786
251	1251	2251	-1	10.596884968254278
252	1252	2252	-1	30.506335823949517
253	1253	2253	-1	30.356816964606004
254	1254	2254	-1	29.857373662736148
255	1255	2255	-1	9.420124080758397
256	1256	2256	-1	31.22901761102423
257	1257	2257	-1	28.48305657455099
258	1258	2258	-1	18.352475235934463
259	1259	2259	-1	60.73687041600314
260	1260	2260	-1	10.982100942908753
261	1261	2261	-1	19.30067448319391
262	1262	2262	-1	59.754220888035064
263	1263	2263	-1	59.136992034976295
264	1264	2264	-1	10.67622496432009
265	1265	2265	-1	9.377931913362296
266	1266	2266	-1	9.257377191553077
267	1267	2267	-1	31.897168356739318
268	1268	2268	-1	10.66277858580519
269	1269	2269	-1	10.20649774141397
270	1270	2270	-1	9.632426133902285
271	1271	2271	-1	31.26133914284452
272	1272	2272	-1	7.9761838962115945
273	1273	2273	-1	59.26574141960369
274	1274	2274	-1	10.546709537301018
275	1275	2275	-1	21.247506509346838
276	1276	2276	-1	9.57602101055323
277	1277	2277	-1	9.547015233516241
278	1278	2278	-1	10.418061438985932
279	1279	2279	-1	9.051795106296536
280	1280	2280	-1	11.270288551905134
281	1281	2281	-1	59.122140503021406
282	1282	2282	-1	29.073519680356593
283	1283	2283	-1	9.475981319950419
284	1284	2284	-1	9.33506018805862
285	1285	2285	-1	9.889474274721218
286	1286	2286	-1	9.673560442304737
287	1287	2287	-1	39.6813487531402
288	1288	2288	-1	10.057710398926707
289	1289	2289	-1	59.04126475551662
290	1290	2290	-1	9.635261433411479
291	1291	2291	-1	19.821563035430227
292	1292	2292	-1	8.729440149852794
293	1293	2293	-1	8.474536308951905
294	1294	2294	-1	9.866159960699278
295	1295	2295	-1	10.417887825290547
296	1296	2296	-1	11.381605127426305
297	1297	2297	-1	20.20383089035902
298	1298	2298	-1	32.53839159733493
299	1299	2299	-1	27.825872369866623
300	1300	2300	-1	10.3779849018847
301	1301	2301	-1	19.71566852835207
302	1302	2302	-1	18.120830542248747
303	1303	2303	-1	10.776175489224158
304	1304	2304	-1	28.23315825441881
305	1305	2305	-1	11.247902135371028
306	1306	2306	-1	10.49317473309116
307	1307	2307	-1	8.444346836278287
308	1308	2308	-1	9.022831510830931
309	1309	2309	-1	30.2095658827709
310	1310	2310	-1	21.462642608840973
311	1311	2311	-1	20.3580400345883
312	1312	2312	-1	10.432318342139258
313	1313	2313	-1	30.369024299806888
314	1314	2314	-1	42.01161206799759
315	1315	2315	-1	9.545116668902757
316	1316	2316	-1	9.488421117611814
317	1317	2317	-1	18.337573900209765
318	1318	2318	-1	9.097940426151823
319	1319	2319	-1	8.737490242760078
320	1320	2320	-1	10.505288512714337
321	1321	2321	-1	10.665800587783577
322	1322	2322	-1	10.042376268956021
323	1323	2323	-1	9.405887162842918
324	1324	2324	-1	10.226166861666915
325	1325	2325	-1	19.21403342635639
326	1326	2326	-1	9.12641953545721
327	1327	2327	-1	9.27276392172381
328	1328	2328	-1	18.90594221057599
329	1329	2329	-1	11.631002653496656
330	1330	2330	-1	10.659189487787039
331	1331	2331	-1	11.23471425218237
332	1332	2332	-1	10.452977024507733
333	1333	2333	-1	10.657214709349226
334	1334	2334	-1	10.267304034220704
335	1335	2335	-1	10.555402575526346
336	1336	2336	-1	10.069967615272231
337	1337	2337	-1	9.995168071335453
338	1338	2338	-1	8.1966803831855
339	1339	2339	-1	11.468623256126635
340	1340	2340	-1	10.952746748860385
341	1341	2341	-1	10.749716920022504
342	1342	2342	-1	19.757402139596046
343	1343	2343	-1	10.003215584114034
344	1344	2344	-1	20.11565668837562
345	1345	2345	-1	10.555666840798429
346	1346	2346	-1	8.835001745904355
347	1347	2347	-1	21.209095259879287
348	1348	2348	-1	30.64241098124587
349	1349	2349	-1	10.313798265488586
350	1350	2350	-1	59.943992867223294
351	1351	2351	-1	9.384645592707447
352	1352	2352	-1	19.13577357829489
353	1353	2353	-1	60.30963849477702
354	1354	2354	-1	8.59791175257277
355	1355	2355	-1	9.435616689045982
356	1356	2356	-1	9.66025171454546
357	1357	2357	-1	20.19417015124021
358	1358	2358	-1	19.79206665611696
359	1359	2359	-1	12.594351067659774
360	1360	2360	-1	8.856701295655517
361	1361	2361	-1	19.949044590907054
362	1362	2362	-1	8.36508279617193
363	1363	2363	-1	10.408727568385848
364	1364	2364	-1	59.739390231650766
365	1365	2365	-1	28.557575937593985
366	1366	2366	-1	10.804183314274072
367	1367	2367	-1	11.24667879195675
368	1368	2368	-1	20.56457302103857
369	1369	2369	-1	10.471811082245996
370	1370	2370	-1	18.665503187200596
371	1371	2371	-1	10.558295397521245
372	1372	2372	-1	30.871665300955144
373	1373	2373	-1	9.024117777658144
374	1374	2374	-1	20.352149136653658
375	1375	2375	-1	9.454269122124265
376	1376	2376	-1	9.26440548175167
377	1377	2377	-1	120.90152206897363
378	1378	2378	-1	9.774325878335164
379	1379	2379	-1	20.12803387806859
380	1380	2380	-1	10.962205710876816
381	1381	2381	-1	10.226188602706278
382	1382	2382	-1	9.839304937775124
383	1383	2383	-1	9.10899260318324
384	1384	2384	-1	30.583599854080155
385	1385	2385	-1	30.78157155007679
386	1386	2386	-1	30.337078179565513
387	1387	2387	-1	30.398032706707646
388	1388	2388	-1	10.654308296291632
389	1389	2389	-1	29.357947783326395
390	1390	2390	-1	10.539381210858323
391	1391	2391	-1	21.82434954788454
392	1392	2392	-1	9.815386261241182
393	1393	2393	-1	32.000366536454635
394	1394	2394	-1	10.022408991622864
395	1395	2395	-1	30.05704624591151
396	1396	2396	-1	10.67058063279586
397	1397	2397	-1	19.151863308218044
398	1398	2398	-1	10.646803390000219
399	1399	2399	-1	19.957288575412235
400	1400	2400	-1	9.354236589600722
401	1401	2401	-1	11.028963005185496
402	1402	2402	-1	11.107355289953206
403	1403	2403	-1	9.557602866103439
404	1404	2404	-1	9.716677359390971
405	1405	2405	-1	59.37184578284358
406	1406	2406	-1	29.116865738328357
407	1407	2407	-1	30.649088479218708
408	1408	2408	-1	21.18953628718367
409	1409	2409	-1	29.412188055506647
410	1410	2410	-1	11.248017990773198
411	1411	2411	-1	7.909716474066576
412	1412	2412	-1	10.339324308492747
413	1413	2413	-1	19.66906738768459
414	1414	2414	-1	9.827634376259423
415	1415	2415	-1	10.618443275525083
416	1416	2416	-1	9.944094125581369
417	1417	2417	-1	20.260287846376922
418	1418	2418	-1	11.576223454145735
419	1419	2419	-1	10.980056166214927
420	1420	2420	-1	10.699506223111921
421	1421	2421	-1	62.968535601505394
422	1422	2422	-1	10.036425805345008
423	1423	2423	-1	10.331843085750824
424	1424	2424	-1	10.333903575904609
425	1425	2425	-1	9.511390384012907
426	1426	2426	-1	9.963459893214242
427	1427	2427	-1	58.743812811067016
428	1428	2428	-1	9.815127192177851
429	1429	2429	-1	7.93877647112145
430	1430	2430	-1	8.608313914860918
431	1431	2431	-1	21.61463973964447
432	1432	2432	-1	10.239347197315523
433	1433	2433	-1	40.527763847419365
434	1434	2434	-1	20.81181807571187
435	1435	2435	-1	10.396744943908034
436	1436	2436	-1	10.14289638311633
437	1437	2437	-1	8.612894485738362
438	1438	2438	-1	31.002027629430707
439	1439	2439	-1	9.714517687387605
440	1440	2440	-1	10.619961019516225
441	1441	2441	-1	10.827681387246185
442	1442	2442	-1	19.54533665655924
443	1443	2443	-1	30.847300601333423
444	1444	2444	-1	30.980540836202692
445	1445	2445	-1	28.32985054092396
446	1446	2446	-1	9.649886946286893
447	1447	2447	-1	9.052958330288941
448	1448	2448	-1	9.238758438555578
449	1449	2449	-1	9.757411600278237
450	1450	2450	-1	9.19331391836519
451	1451	2451	-1	8.583598110548198
452	1452	2452	-1	10.375904277244906
453	1453	2453	-1	9.376003706145207
454	1454	2454	-1	11.683207558754324
455	1455	2455	-1	8.101306501661918
456	1456	2456	-1	10.75116888623578
457	1457	2457	-1	9.961537362603877
458	1458	2458	-1	11.105447264300919
459	1459	2459	-1	10.140012356117872
460	1460	2460	-1	11.45247499326012
461	1461	2461	-1	9.994072957422192
462	1462	2462	-1	11.12274199721109
463	1463	2463	-1	10.714479913198295
464	1464	2464	-1	8.352000567806233
465	1465	2465	-1	8.743902071655876
466	1466	2466	-1	10.170054477096
467	1467	2467	-1	20.868704395332088
468	1468	2468	-1	11.400451289111913
469	1469	2469	-1	9.294015098251412
470	1470	2470	-1	60.52749629355325
471	1471	2471	-1	10.078511381447791
472	1472	2472	-1	30.346666399029303
473	1473	2473	-1	8.545363623835481
474	1474	2474	-1	9.524038643692027
475	1475	2475	-1	20.561049207761087
476	1476	2476	-1	10.90341939918124
477	1477	2477	-1	27.727549867468653
478	1478	2478	-1	9.034049810832666
479	1479	2479	-1	9.26230478225782
480	1480	2480	-1	29.850775877552064
481	1481	2481	-1	40.264777962999986
482	1482	2482	-1	9.655368049956609
483	1483	2483	-1	10.321461728621232
484	1484	2484	-1	19.778622319090108
485	1485	2485	-1	9.011848753429014
486	1486	2486	-1	30.578270134870248
487	1487	2487	-1	10.015672899580053
488	1488	2488	-1	10.106012321571578
489	1489	2489	-1	59.44063465743151
490	1490	2490	-1	11.854487384786712
491	1491	2491	-1	8.900762807483607
492	1492	2492	-1	10.38431731084628
493	1493	2493	-1	21.23629761531105
494	1494	2494	-1	10.560117326472774
495	1495	2495	-1	20.013751904520003
496	1496	2496	-1	39.392521396930604
497	1497	2497	-1	29.594032185768075
498	1498	2498	-1	28.45400633971038
499	1499	2499	-1	29.560489442584142
500	1500	2500	-1	18.600525994664018
501	1501	2501	-1	9.96898108886318
502	1502	2502	-1	8.791627169586548
503	1503	2503	-1	38.58539793254051
504	1504	2504	-1	20.453509362876037
505	1505	2505	-1	31.047756890573954
506	1506	2506	-1	11.636641662174128
507	1507	2507	-1	30.5664258643202
508	1508	2508	-1	21.875025869695875
509	1509	2509	-1	31.620095284248528
510	1510	2510	-1	9.607275672905299
511	1511	2511	-1	10.635543346955748
512	1512	2512	-1	10.327856377551385
513	1513	2513	-1	11.98644808912861
514	1514	2514	-1	9.310267294946396
515	1515	2515	-1	7.622339588261773
516	1516	2516	-1	10.16202211649398
517	1517	2517	-1	10.012127451056413
518	1518	2518	-1	9.962056806216884
519	1519	2519	-1	8.655455035558823
520	1520	2520	-1	20.76789924478497
521	1521	2521	-1	10.11759259114216
522	1522	2522	-1	9.663348444542576
523	1523	2523	-1	19.84196413246784
524	1524	2524	-1	9.432001329348381
525	1525	2525	-1	11.352327234696846
526	1526	2526	-1	9.32976785133063
527	1527	2527	-1	9.296470530706884
528	1528	2528	-1	23.304446469823354
529	1529	2529	-1	10.251914998240913
530	1530	2530	-1	10.635804951994999
531	1531	2531	-1	9.690791403478825
532	1532	2532	-1	9.366702459015848
533	1533	2533	-1	7.97241916344549
534	1534	2534	-1	10.545124988372594
535	1535	2535	-1	19.734637887904334
536	1536	2536	-1	10.853018161982792
537	1537	2537	-1	10.913637689938437
538	1538	2538	-1	20.015907488466926
539	1539	2539	-1	11.236826000422116
540	1540	2540	-1	11.169515404845809
541	1541	2541	-1	10.234001105090071
542	1542	2542	-1	9.514755980469342
543	1543	2543	-1	9.521320989247627
544	1544	2544	-1	9.529223031997434
545	1545	2545	-1	10.567603482805051
546	1546	2546	-1	31.458603837607697
547	1547	2547	-1	10.844741759990823
548	1548	2548	-1	60.08054860609392
549	1549	2549	-1	59.653565813748486
550	1550	2550	-1	9.398622857804238
551	1551	2551	-1	12.826529421861022
552	1552	2552	-1	9.589154699652264
553	1553	2553	-1	29.947229016658163
554	1554	2554	-1	10.070707458782826
555	1555	2555	-1	39.827659385659985
556	1556	2556	-1	10.999728494777365
557	1557	2557	-1	10.434072430844664
558	1558	2558	-1	8.75991922987618
559	1559	2559	-1	10.43750732313751
560	1560	2560	-1	11.456126425108199
561	1561	2561	-1	29.705531563567362
562	1562	2562	-1	18.552777379170617
563	1563	2563	-1	8.99549886812859
564	1564	2564	-1	9.38490333029847
565	1565	2565	-1	10.193211097003644
566	1566	2566	-1	18.556122444368867
567	1567	2567	-1	9.725190387805615
568	1568	2568	-1	29.537620374708123
569	1569	2569	-1	10.175378548556708
570	1570	2570	-1	10.58739456218456
571	1571	2571	-1	9.211754541966622
572	1572	2572	-1	8.929498077167736
573	1573	2573	-1	9.704917166423684
574	1574	2574	-1	9.054016979513655
575	1575	2575	-1	8.142862509267845
576	1576	2576	-1	9.538260492145668
577	1577	2577	-1	19.067799893412392
578	1578	2578	-1	29.879862578960097
579	1579	2579	-1	21.86673114411326
580	1580	2580	-1	20.14879501367799
581	1581	2581	-1	10.369163184312153
582	1582	2582	-1	19.204240109524278
583	1583	2583	-1	29.44105697172687
584	1584	2584	-1	10.51708988860323
585	1585	2585	-1	10.917576946361942
586	1586	2586	-1	19.76095382046774
587	1587	2587	-1	21.282345653697732
588	1588	2588	-1	10.236860362208311
589	1589	2589	-1	10.129919658894309
590	1590	2590	-1	20.332218495655404
591	1591	2591	-1	20.664834942619407
592	1592	2592	-1	31.550632685960124
593	1593	2593	-1	10.70997624557178
594	1594	2594	-1	9.74536725032943
595	1595	2595	-1	10.812367796335911
596	1596	2596	-1	9.902715841624861
597	1597	2597	-1	60.8286795738251
598	1598	2598	-1	19.628501261480668
599	1599	2599	-1	9.578305059489491
600	1600	2600	-1	9.841835092171882
601	1601	2601	-1	11.074151207823688
602	1602	2602	-1	31.18144428639373
603	1603	2603	-1	8.678734683546555
604	1604	2604	-1	10.174883889876531
605	1605	2605	-1	10.580083929741978
606	1606	2606	-1	10.334032457093906
607	1607	2607	-1	28.894275967877526
608	1608	2608	-1	9.453689435461476
609	1609	2609	-1	11.023668176876278
610	1610	2610	-1	9.257391738112533
611	1611	2611	-1	10.229045913546871
612	1612	2612	-1	10.676327810506978
613	1613	2613	-1	32.01630260246483
614	1614	2614	-1	29.305612403210226
615	1615	2615	-1	31.27251563057234
616	1616	2616	-1	8.85922227353111
617	1617	2617	-1	10.593824075949078
618	1618	2618	-1	8.688277296267248
619	1619	2619	-1	9.476059487473659
620	1620	2620	-1	30.42390811564063
621	1621	2621	-1	22.80188221025257
622	1622	2622	-1	20.217375014385347
623	1623	2623	-1	10.168965641798522
624	1624	2624	-1	29.907442845588758
625	1625	2625	-1	9.966757644247101
626	1626	2626	-1	20.05463651432631
627	1627	2627	-1	28.674339999771956
628	1628	2628	-1	9.133004530777665
629	1629	2629	-1	9.38819994297599
630	1630	2630	-1	7.6008968935771275
631	1631	2631	-1	19.638813043505543
632	1632	2632	-1	10.24796815476663
633	1633	2633	-1	9.812730130516886
634	1634	2634	-1	10.579091362701973
635	1635	2635	-1	19.491487832390604
636	1636	2636	-1	29.903464492278463
637	1637	2637	-1	18.88788436504916
638	1638	2638	-1	39.24746911571471
639	1639	2639	-1	18.775854030331992
640	1640	2640	-1	21.50710495007467
641	1641	2641	-1	9.426798966927187
642	1642	2642	-1	11.718642211078592
643	1643	2643	-1	10.104779563917559
644	1644	2644	-1	9.298606378291952
645	1645	2645	-1	8.83011524728705
646	1646	2646	-1	8.65754506042271
647	1647	2647	-1	20.954543085941786
648	1648	2648	-1	11.212919070567377
649	1649	2649	-1	19.753503797809557
650	1650	2650	-1	7.532350997631346
651	1651	2651	-1	10.26923070989796
652	1652	2652	-1	19.435325022733203
653	1653	2653	-1	8.760388309690107
654	1654	2654	-1	61.89816082046479
655	1655	2655	-1	9.886059540268459
656	1656	2656	-1	19.230051187729472
657	1657	2657	-1	19.79982702108018
658	1658	2658	-1	9.365428737715371
659	1659	2659	-1	10.022325747222276
660	1660	2660	-1	20.167379761936868
661	1661	2661	-1	60.72102759881299
662	1662	2662	-1	20.273082555299546
663	1663	2663	-1	8.918114616719368
664	1664	2664	-1	29.05991749980293
665	1665	2665	-1	18.854544138112
666	1666	2666	-1	8.379664465456774
667	1667	2667	-1	28.540038785823153
668	1668	2668	-1	10.458379050762316
669	1669	2669	-1	11.100392479504267
670	1670	2670	-1	9.546929881811172
671	1671	2671	-1	18.500433279603424
672	1672	2672	-1	30.350857553511457
673	1673	2673	-1	11.096130830465466
674	1674	2674	-1	30.81392491120334
675	1675	2675	-1	8.67131496492915
676	1676	2676	-1	10.370820944167065
677	1677	2677	-1	20.652356758455934
678	1678	2678	-1	31.319395130854875
679	1679	2679	-1	9.795050168678662
680	1680	2680	-1	30.330557711480076
681	1681	2681	-1	31.7310089399578
682	1682	2682	-1	10.273477638889362
683	1683	2683	-1	18.74869083378898
684	1684	2684	-1	20.361772979271556
685	1685	2685	-1	10.138684175149953
686	1686	2686	-1	10.956411493240877
687	1687	2687	-1	8.363745955720368
688	1688	2688	-1	9.327352907435051
689	1689	2689	-1	8.741227330008012
690	1690	2690	-1	21.975418435294493
691	1691	2691	-1	10.30345550905042
692	1692	2692	-1	28.214229836505062
693	1693	2693	-1	9.889825135814245
694	1694	2694	-1	9.51698569130946
695	1695	2695	-1	30.41586371835226
696	1696	2696	-1	10.29915061204777
697	1697	2697	-1	20.270444027644743
698	1698	2698	-1	9.622654279364804
699	1699	2699	-1	10.81658061229187
700	1700	2700	-1	31.48160137351874
701	1701	2701	-1	9.377183833006024
702	1702	2702	-1	19.348423344321088
703	1703	2703	-1	29.887552265494556
704	1704	2704	-1	18.411938975032218
705	1705	2705	-1	10.450152428758479
706	1706	2706	-1	59.83392520815085
707	1707	2707	-1	10.858923420071637
708	1708	2708	-1	31.32622199834718
709	1709	2709	-1	10.359571677316243
710	1710	2710	-1	30.942675440987156
711	1711	2711	-1	30.713979186311118
712	1712	2712	-1	11.452977755230062
713	1713	2713	-1	10.797370445788394
714	1714	2714	-1	10.522422502999726
715	1715	2715	-1	28.9010845736913
716	1716	2716	-1	19.948858035344134
717	1717	2717	-1	10.987533747176512
718	1718	2718	-1	31.288686759539225
719	1719	2719	-1	19.175712955003785
720	1720	2720	-1	18.41037947955453
721	1721	2721	-1	9.85981893314812
722	1722	2722	-1	8.932684605600645
723	1723	2723	-1	19.40653191594808
724	1724	2724	-1	10.094317280881315
725	1725	2725	-1	10.573254870458138
726	1726	2726	-1	10.687761224417958
727	1727	2727	-1	29.52876736499823
728	1728	2728	-1	20.55063439998923
729	1729	2729	-1	19.69186285919538
730	1730	2730	-1	9.992624669427679
731	1731	2731	-1	29.975506156231447
732	1732	2732	-1	60.61693327948175
733	1733	2733	-1	30.33690331035676
734	1734	2734	-1	60.99259406127733
735	1735	2735	-1	9.769166144152653
736	1736	2736	-1	9.201327348105096
737	1737	2737	-1	31.290416049690336
738	1738	2738	-1	12.329277492750183
739	1739	2739	-1	9.87081076744126
740	1740	2740	-1	9.433564653437868
741	1741	2741	-1	9.79236924289719
742	1742	2742	-1	19.232622209660455
743	1743	2743	-1	9.48839489915763
744	1744	2744	-1	30.865533894988427
745	1745	2745	-1	8.823586552811152
746	1746	2746	-1	17.463076959860416
747	1747	2747	-1	59.80301799103746
748	1748	2748	-1	58.9888353653438
749	1749	2749	-1	12.678980215987275
750	1750	2750	-1	8.523479572068387
751	1751	2751	-1	19.56064566631335
752	1752	2752	-1	9.53728841811053
753	1753	2753	-1	10.933961708476371
754	1754	2754	-1	21.078477099911737
755	1755	2755	-1	27.943335900663442
756	1756	2756	-1	59.765860224388476
757	1757	2757	-1	8.444276171923207
758	1758	2758	-1	59.959354873154126
759	1759	2759	-1	31.371181175564463
760	1760	2760	-1	9.440162810692037
761	1761	2761	-1	19.616681673297883
762	1762	2762	-1	8.59931114486322
763	1763	2763	-1	10.056151988692477
764	1764	2764	-1	29.028536727456334
765	1765	2765	-1	11.25358378755431
766	1766	2766	-1	9.720807000354391
767	1767	2767	-1	10.213904056360604
768	1768	2768	-1	19.806665694049215
769	1769	2769	-1	10.346772570412098
770	1770	2770	-1	60.4197739144797
771	1771	2771	-1	11.762126615294978
772	1772	2772	-1	9.034940579255727
773	1773	2773	-1	10.006137468364072
774	1774	2774	-1	30.901901032550118
775	1775	2775	-1	9.914085734487664
776	1776	2776	-1	60.440838345581106
777	1777	2777	-1	19.58643693905591
778	1778	2778	-1	9.874461837697224
779	1779	2779	-1	10.090880457112148
780	1780	2780	-1	9.860329760789849
781	1781	2781	-1	10.42110170912651
782	1782	2782	-1	9.091993871431287
783	1783	2783	-1	10.295753563302574
784	1784	2784	-1	11.848911797130128
785	1785	2785	-1	9.037573634393414
786	1786	2786	-1	7.602185573756354
787	1787	2787	-1	8.694657680836455
788	1788	2788	-1	23.008762536618672
789	1789	2789	-1	9.030555372356938
790	1790	2790	-1	20.933741272216693
791	1791	2791	-1	9.600872144358036
792	1792	2792	-1	10.310638111787943
793	1793	2793	-1	11.70303013547291
794	1794	2794	-1	10.10008546014222
795	1795	2795	-1	11.04235406455042
796	1796	2796	-1	9.70738076403352
797	1797	2797	-1	19.132305804666135
798	1798	2798	-1	8.569000982747067
799	1799	2799	-1	11.431941217327488
800	1800	2800	-1	20.197616544538505
801	1801	2801	-1	10.726768321883148
802	1802	2802	-1	19.252656779061155
803	1803	2803	-1	9.726971946405552
804	1804	2804	-1	12.640194683926586
805	1805	2805	-1	9.834893202036909
806	1806	2806	-1	9.044318777469067
807	1807	2807	-1	9.056432531715842
808	1808	2808	-1	30.85122148979343
809	1809	2809	-1	10.19337923608035
810	1810	2810	-1	19.854619827610563
811	1811	2811	-1	19.476503179706192
812	1812	2812	-1	11.073525024599746
813	1813	2813	-1	10.004344434589767
814	1814	2814	-1	9.757535819240514
815	1815	2815	-1	10.09978532488672
816	1816	2816	-1	19.60187139458183
817	1817	2817	-1	21.42907498096559
818	1818	2818	-1	19.471182780083602
819	1819	2819	-1	9.423439391713032
820	1820	2820	-1	9.702446077359077
821	1821	2821	-1	11.230563479511277
822	1822	2822	-1	11.462524765251668
823	1823	2823	-1	21.355832450170624
824	1824	2824	-1	11.040442446196462
825	1825	2825	-1	29.539260179132445
826	1826	2826	-1	29.373362070043445
827	1827	2827	-1	30.390342495152307
828	1828	2828	-1	19.065146917601137
829	1829	2829	-1	10.037395132942493
830	1830	2830	-1	29.77378695236623
831	1831	2831	-1	28.98091880676532
832	1832	2832	-1	59.78004019245741
833	1833	2833	-1	9.654413659917525
834	1834	2834	-1	8.576728297134423
835	1835	2835	-1	10.20267071970057
836	1836	2836	-1	61.38233196636254
837	1837	2837	-1	9.851404549551805
838	1838	2838	-1	28.653719502311194
839	1839	2839	-1	29.673053451288904
840	1840	2840	-1	10.089280049850911
841	1841	2841	-1	10.954630969707312
842	1842	2842	-1	10.65794612881831
843	1843	2843	-1	10.649182981122822
844	1844	2844	-1	9.772891494308666
845	1845	2845	-1	31.531691620339686
846	1846	2846	-1	9.505916223988855
847	1847	2847	-1	11.781480574007643
848	1848	2848	-1	59.1726415139692
849	1849	2849	-1	9.308971414643405
850	1850	2850	-1	18.86299138795307
851	1851	2851	-1	59.70009679817156
852	1852	2852	-1	28.77898660542971
853	1853	2853	-1	8.22623865483307
854	1854	2854	-1	10.64396048861534
855	1855	2855	-1	9.19492599968732
856	1856	2856	-1	9.91820227670756
857	1857	2857	-1	9.091801318576064
858	1858	2858	-1	19.453770916183927
859	1859	2859	-1	39.61622617768226
860	1860	2860	-1	8.368835928860092
861	1861	2861	-1	11.02019654199176
862	1862	2862	-1	10.00265950798901
863	1863	2863	-1	8.48005336573332
864	1864	2864	-1	11.213991468571212
865	1865	2865	-1	8.323292565413054
866	1866	2866	-1	10.341282676151867
867	1867	2867	-1	11.030356324394425
868	1868	2868	-1	9.397153901746941
869	1869	2869	-1	19.379229261957907
870	1870	2870	-1	30.469685953271338
871	1871	2871	-1	10.216000600647227
872	1872	2872	-1	60.65400690945575
873	1873	2873	-1	28.673705160971178
874	1874	2874	-1	10.079716358278333
875	1875	2875	-1	18.44273290932011
876	1876	2876	-1	19.008784302606003
877	1877	2877	-1	9.463748796846993
878	1878	2878	-1	10.547985677016829
879	1879	2879	-1	8.730338517052079
880	1880	2880	-1	9.750862606001574
881	1881	2881	-1	8.292100734954946
882	1882	2882	-1	9.960435358371814
883	1883	2883	-1	9.973896646276996
884	1884	2884	-1	29.837643590507057
885	1885	2885	-1	10.471479341242624
886	1886	2886	-1	9.481441287476216
887	1887	2887	-1	20.5737893054492
888	1888	2888	-1	9.146678105337037
889	1889	2889	-1	11.519940061643915
890	1890	2890	-1	59.74727441802145
891	1891	2891	-1	8.907621386545083
892	1892	2892	-1	10.627959051772239
893	1893	2893	-1	12.063725257100423
894	1894	2894	-1	31.23579103373559
895	1895	2895	-1	9.700076859960896
896	1896	2896	-1	10.020366355486656
897	1897	2897	-1	8.602887427194746
898	1898	2898	-1	29.475539947402144
899	1899	2899	-1	19.822626089165038
900	1900	2900	-1	11.27355572761889
901	1901	2901	-1	10.507895706618903
902	1902	2902	-1	9.30734278194632
903	1903	2903	-1	60.65892194887879
904	1904	2904	-1	39.84753869391267
905	1905	2905	-1	21.090718631131793
906	1906	2906	-1	8.379158379008302
907	1907	2907	-1	8.66471814148809
908	1908	2908	-1	18.995657970091152
909	1909	2909	-1	19.092629640228246
910	1910	2910	-1	9.352564565791612
911	1911	2911	-1	10.857620755084495
912	1912	2912	-1	9.347798830411932
913	1913	2913	-1	59.55776251637276
914	1914	2914	-1	10.55434414309316
915	1915	2915	-1	10.128345838561705
916	1916	2916	-1	9.392713398789983
917	1917	2917	-1	10.376741319879228
918	1918	2918	-1	11.143119531760686
919	1919	2919	-1	8.104597503560322
920	1920	2920	-1	9.946252350922599
921	1921	2921	-1	18.9437541133733
922	1922	2922	-1	30.269985116306835
923	1923	2923	-1	8.946319581988892
924	1924	2924	-1	10.0327977086758
925	1925	2925	-1	20.565816301549212
926	1926	2926	-1	8.624574741235811
927	1927	2927	-1	9.255220838654026
928	1928	2928	-1	20.306283802914823
929	1929	2929	-1	8.828794384426281
930	1930	2930	-1	9.617439896795181
931	1931	2931	-1	32.227153621433054
932	1932	2932	-1	10.973784049049025
933	1933	2933	-1	28.758163061296187
934	1934	2934	-1	19.90999974535941
935	1935	2935	-1	10.170772109630724
936	1936	2936	-1	28.39237912029115
937	1937	2937	-1	10.131063751599125
938	1938	2938	-1	19.538902606205976
939	1939	2939	-1	21.195051302813702
940	1940	2940	-1	10.681989064167885
941	1941	2941	-1	10.378547477864739
942	1942	2942	-1	9.97406498614927
943	1943	2943	-1	30.177097795474943
944	1944	2944	-1	10.528432646730117
945	1945	2945	-1	20.355862814229226
946	1946	2946	-1	31.04638927437677
947	1947	2947	-1	11.330386944849955
948	1948	2948	-1	10.783051062991746
949	1949	2949	-1	9.437455477814789
950	1950	2950	-1	10.262457218238987
951	1951	2951	-1	20.08729026713804
952	1952	2952	-1	9.896118132251651
953	1953	2953	-1	18.812182275096777
954	1954	2954	-1	10.453059305175712
955	1955	2955	-1	41.54502073015192
956	1956	2956	-1	8.572976254776808
957	1957	2957	-1	8.545122606608006
958	1958	2958	-1	10.530866742428529
959	1959	2959	-1	9.91060366877416
960	1960	2960	-1	10.244288412434472
961	1961	2961	-1	60.97927307043122
962	1962	2962	-1	10.66983132578818
963	1963	2963	-1	30.229782187370443
964	1964	2964	-1	31.648694694628777
965	1965	2965	-1	10.678812886165616
966	1966	2966	-1	18.78107158281459
967	1967	2967	-1	9.607780462295507
968	1968	2968	-1	28.54509663604939
969	1969	2969	-1	11.095647522487976
970	1970	2970	-1	20.28641208426743
971	1971	2971	-1	10.551749454338447
972	1972	2972	-1	8.343156174112934
973	1973	2973	-1	9.44835530263402
974	1974	2974	-1	10.561332830870688
975	1975	2975	-1	19.468056677970797
976	1976	2976	-1	10.191571348825116
977	1977	2977	-1	11.381925245161721
978	1978	2978	-1	11.412109652411502
979	1979	2979	-1	10.726311674804556
980	1980	2980	-1	10.488518114281359
981	1981	2981	-1	29.62582532852188
982	1982	2982	-1	8.336589243582944
983	1983	2983	-1	9.105625321167667
984	1984	2984	-1	11.181870291658445
985	1985	2985	-1	20.353028196538734
986	1986	2986	-1	7.872509145285074
987	1987	2987	-1	19.271248601076262
988	1988	2988	-1	9.873262290856276
989	1989	2989	-1	19.594721871849988
990	1990	2990	-1	40.13522303996665
991	1991	2991	-1	7.028724853060243
992	1992	2992	-1	29.89407926575488
993	1993	2993	-1	19.55445228015334
994	1994	2994	-1	8.911380838567714
995	1995	2995	-1	10.729530374412445
996	1996	2996	-1	30.839738386155908
997	1997	2997	-1	59.13752835210521
998	1998	2998	-1	9.45332201371428
999	1999	2999	-1	20.61379280061413
