ind_ID	father_ID	mother_ID	Sex	Phenotype
0	1000	2000	-1	12.030930174584824
1	1001	2001	-1	9.558959211667009
2	1002	2002	-1	11.630759748144945
3	1003	2003	-1	9.644860920534498
4	1004	2004	-1	9.089526645861229
5	1005	2005	-1	92.70579358206327
6	1006	2006	-1	9.482423010629061
7	1007	2007	-1	11.6032357516501
8	1008	2008	-1	8.970397902578778
9	1009	2009	-1	9.620467850363527
10	1010	2010	-1	90.19424091330761
11	1011	2011	-1	8.833452550273261
12	1012	2012	-1	29.457621435934257
13	1013	2013	-1	8.665572147945904
14	1014	2014	-1	30.025165827290035
15	1015	2015	-1	9.646168760445548
16	1016	2016	-1	9.67268526119649
17	1017	2017	-1	30.33738034660164
18	1018	2018	-1	30.230071717315397
19	1019	2019	-1	8.767619330225891
20	1020	2020	-1	11.076860945835138
21	1021	2021	-1	9.056508147270105
22	1022	2022	-1	28.950770519644756
23	1023	2023	-1	28.612065609765082
24	1024	2024	-1	10.46062652515974
25	1025	2025	-1	11.903425896119998
26	1026	2026	-1	271.12410031734834
27	1027	2027	-1	30.89931008867115
28	1028	2028	-1	29.91171474674825
29	1029	2029	-1	10.367409928124488
30	1030	2030	-1	9.03027476268201
31	1031	2031	-1	9.536628693144333
32	1032	2032	-1	9.983092815647048
33	1033	2033	-1	11.155477828879906
34	1034	2034	-1	30.80544718994441
35	1035	2035	-1	90.67422089917501
36	1036	2036	-1	10.497266447680772
37	1037	2037	-1	9.739275123387134
38	1038	2038	-1	10.491316743758127
39	1039	2039	-1	9.253253107780786
40	1040	2040	-1	30.481683951082502
41	1041	2041	-1	8.77817392147704
42	1042	2042	-1	9.594581128208992
43	1043	2043	-1	28.708572805978374
44	1044	2044	-1	89.70203487700421
45	1045	2045	-1	12.06000351731755
46	1046	2046	-1	11.288395974181281
47	1047	2047	-1	10.87433689675608
48	1048	2048	-1	11.148034367371933
49	1049	2049	-1	7.096472632741529
50	1050	2050	-1	11.597446744020097
51	1051	2051	-1	10.840242855810017
52	1052	2052	-1	8.637885882127957
53	1053	2053	-1	8.285399433685168
54	1054	2054	-1	29.666683794969124
55	1055	2055	-1	30.464639033802687
56	1056	2056	-1	10.620005160928702
57	1057	2057	-1	90.42033777541113
58	1058	2058	-1	9.44344186772716
59	1059	2059	-1	9.375416157993019
60	1060	2060	-1	43.741089411973014
61	1061	2061	-1	8.672086919985537
62	1062	2062	-1	9.426791541763457
63	1063	2063	-1	9.684696355498064
64	1064	2064	-1	9.877774451445768
65	1065	2065	-1	9.714872679913908
66	1066	2066	-1	9.569333725079714
67	1067	2067	-1	10.272960502138915
68	1068	2068	-1	11.01596210853717
69	1069	2069	-1	9.315672308503228
70	1070	2070	-1	11.423008225273989
71	1071	2071	-1	28.88263780177147
72	1072	2072	-1	29.653844945055322
73	1073	2073	-1	9.972157525856671
74	1074	2074	-1	29.953808050608977
75	1075	2075	-1	9.594573822497855
76	1076	2076	-1	10.053465195908927
77	1077	2077	-1	27.57773798908814
78	1078	2078	-1	29.712344210223844
79	1079	2079	-1	10.918875743453986
80	1080	2080	-1	11.463338563372956
81	1081	2081	-1	11.235561077658977
82	1082	2082	-1	10.166043978119037
83	1083	2083	-1	30.763245935706934
84	1084	2084	-1	31.31002067042683
85	1085	2085	-1	10.60140116410367
86	1086	2086	-1	8.85451135040205
87	1087	2087	-1	9.517596200135827
88	1088	2088	-1	9.71361764630182
89	1089	2089	-1	8.791177646993328
90	1090	2090	-1	10.800175173854164
91	1091	2091	-1	10.151450391031496
92	1092	2092	-1	12.208681827409439
93	1093	2093	-1	11.014615886913294
94	1094	2094	-1	9.922158881435713
95	1095	2095	-1	11.482078213738454
96	1096	2096	-1	9.693888585207894
97	1097	2097	-1	10.40470161903205
98	1098	2098	-1	30.208482168957644
99	1099	2099	-1	8.66183818251576
100	1100	2100	-1	8.11636080177886
101	1101	2101	-1	29.987088175749292
102	1102	2102	-1	9.952404853775272
103	1103	2103	-1	8.332526040290066
104	1104	2104	-1	28.998829300586763
105	1105	2105	-1	9.621423066927528
106	1106	2106	-1	11.796911313491725
107	1107	2107	-1	30.65478345957527
108	1108	2108	-1	30.21775159681189
109	1109	2109	-1	9.179354432657746
110	1110	2110	-1	8.978837375071384
111	1111	2111	-1	28.1930700217363
112	1112	2112	-1	9.84291252157509
113	1113	2113	-1	8.991510105837014
114	1114	2114	-1	9.703141211542063
115	1115	2115	-1	8.32438869102844
116	1116	2116	-1	9.878556918595903
117	1117	2117	-1	12.123065103179064
118	1118	2118	-1	10.766301130587989
119	1119	2119	-1	9.624202316529923
120	1120	2120	-1	11.195093891347371
121	1121	2121	-1	9.521342947421843
122	1122	2122	-1	30.07491895694027
123	1123	2123	-1	28.74335133522906
124	1124	2124	-1	9.081324514817986
125	1125	2125	-1	8.140663814004641
126	1126	2126	-1	30.337156958215562
127	1127	2127	-1	29.59133102325274
128	1128	2128	-1	30.90191797651273
129	1129	2129	-1	29.76771828021251
130	1130	2130	-1	44.5320467652285
131	1131	2131	-1	12.161786852701658
132	1132	2132	-1	28.2162323949445
133	1133	2133	-1	9.697878044824423
134	1134	2134	-1	8.230502371664235
135	1135	2135	-1	9.900913038671328
136	1136	2136	-1	30.201210525731664
137	1137	2137	-1	29.930305871259858
138	1138	2138	-1	10.503635658855009
139	1139	2139	-1	29.697557737849536
140	1140	2140	-1	9.320135035898806
141	1141	2141	-1	10.453999759401576
142	1142	2142	-1	29.70322956969095
143	1143	2143	-1	30.33807923825632
144	1144	2144	-1	29.26939316920859
145	1145	2145	-1	30.41787287152413
146	1146	2146	-1	9.38751490946542
147	1147	2147	-1	9.206527129495862
148	1148	2148	-1	90.78044561104333
149	1149	2149	-1	11.832237576852952
150	1150	2150	-1	9.094605289937416
151	1151	2151	-1	10.954204827553117
152	1152	2152	-1	31.015898500871373
153	1153	2153	-1	8.929449885608232
154	1154	2154	-1	9.828304723687095
155	1155	2155	-1	31.73086276354941
156	1156	2156	-1	9.66773943691746
157	1157	2157	-1	29.95409923392149
158	1158	2158	-1	10.82217179490889
159	1159	2159	-1	10.660253642322315
160	1160	2160	-1	8.903060971921597
161	1161	2161	-1	9.976925965663073
162	1162	2162	-1	7.445042104684392
163	1163	2163	-1	32.62678275674683
164	1164	2164	-1	10.149829804707753
165	1165	2165	-1	9.493171645449882
166	1166	2166	-1	32.69091657111814
167	1167	2167	-1	29.08793141183998
168	1168	2168	-1	10.500842673907323
169	1169	2169	-1	30.707721407586092
170	1170	2170	-1	9.141106094420003
171	1171	2171	-1	11.072882784806596
172	1172	2172	-1	29.39462595011155
173	1173	2173	-1	30.639945540445403
174	1174	2174	-1	9.863141292347715
175	1175	2175	-1	11.518524504888534
176	1176	2176	-1	11.561594440634707
177	1177	2177	-1	30.090434827052988
178	1178	2178	-1	29.445004780098316
179	1179	2179	-1	10.037060835296325
180	1180	2180	-1	10.983885390501259
181	1181	2181	-1	30.274980328923547
182	1182	2182	-1	8.153010328778345
183	1183	2183	-1	31.312197160997233
184	1184	2184	-1	9.89417273889433
185	1185	2185	-1	31.144778733115793
186	1186	2186	-1	10.6911858239189
187	1187	2187	-1	9.53116490623851
188	1188	2188	-1	10.002821626494093
189	1189	2189	-1	134.27466904182822
190	1190	2190	-1	32.38095100827124
191	1191	2191	-1	28.696243596774092
192	1192	2192	-1	9.981196412968677
193	1193	2193	-1	10.42774456076226
194	1194	2194	-1	90.87991178761241
195	1195	2195	-1	12.63098913167045
196	1196	2196	-1	11.346592263937675
197	1197	2197	-1	10.978440047882358
198	1198	2198	-1	9.48956442703387
199	1199	2199	-1	10.891227967896025
200	1200	2200	-1	20.508092086142263
201	1201	2201	-1	89.89279535565541
202	1202	2202	-1	10.034480373703529
203	1203	2203	-1	10.190599908256697
204	1204	2204	-1	8.71551819171522
205	1205	2205	-1	8.39168070841657
206	1206	2206	-1	10.956916217137532
207	1207	2207	-1	9.900041040543472
208	1208	2208	-1	8.994199076884865
209	1209	2209	-1	9.177611948933546
210	1210	2210	-1	9.179023976640618
211	1211	2211	-1	9.932634927140514
212	1212	2212	-1	9.951353674071088
213	1213	2213	-1	29.449550365582645
214	1214	2214	-1	29.836855843558844
215	1215	2215	-1	29.93283673112662
216	1216	2216	-1	28.322135117080816
217	1217	2217	-1	9.96043287972781
218	1218	2218	-1	9.54180067061803
219	1219	2219	-1	9.121648343122986
220	1220	2220	-1	29.772752961636172
221	1221	2221	-1	11.241873877056793
222	1222	2222	-1	90.76380359112308
223	1223	2223	-1	30.219381360887034
224	1224	2224	-1	10.475440356344754
225	1225	2225	-1	30.444060175753787
226	1226	2226	-1	10.140809668420411
227	1227	2227	-1	28.98807205547447
228	1228	2228	-1	9.39861405335582
229	1229	2229	-1	29.68295765849998
230	1230	2230	-1	8.596400595589486
231	1231	2231	-1	9.882576475140791
232	1232	2232	-1	9.02404313229451
233	1233	2233	-1	29.686072901323104
234	1234	2234	-1	11.317338154371592
235	1235	2235	-1	30.02123628285569
236	1236	2236	-1	8.8453781401828
237	1237	2237	-1	10.485320807403264
238	1238	2238	-1	9.922817295168533
239	1239	2239	-1	30.004296126063675
240	1240	2240	-1	10.267263897850322
241	1241	2241	-1	10.40586463956168
242	1242	2242	-1	29.82277219842064
243	1243	2243	-1	9.223633206106832
244	1244	2244	-1	10.564492478358886
245	1245	2245	-1	11.32054559269756
246	1246	2246	-1	29.25146103320869
247	1247	2247	-1	9.979598623656726
248	1248	2248	-1	10.895307523414571
249	1249	2249	-1	9.125073624391733
250	1250	2250	-1	9.617863498885573
251	1251	2251	-1	90.20485681308982
252	1252	2252	-1	10.108609901538928
253	1253	2253	-1	30.570759840029453
254	1254	2254	-1	30.35139155446841
255	1255	2255	-1	29.47524227347003
256	1256	2256	-1	11.335870294529158
257	1257	2257	-1	10.419135845539772
258	1258	2258	-1	10.44040828675907
259	1259	2259	-1	28.580904335412267
260	1260	2260	-1	30.72050433060774
261	1261	2261	-1	11.209005460512284
262	1262	2262	-1	10.04357686197783
263	1263	2263	-1	10.39058963035818
264	1264	2264	-1	30.842627727977273
265	1265	2265	-1	31.35820159848847
266	1266	2266	-1	10.456910596841375
267	1267	2267	-1	8.964692853889947
268	1268	2268	-1	13.09183404515964
269	1269	2269	-1	9.840474771014962
270	1270	2270	-1	10.331546317210327
271	1271	2271	-1	11.404012113173962
272	1272	2272	-1	30.58966629641458
273	1273	2273	-1	29.69222134008098
274	1274	2274	-1	9.66700609809499
275	1275	2275	-1	8.918575184076678
276	1276	2276	-1	9.735405392053949
277	1277	2277	-1	10.68253368838798
278	1278	2278	-1	10.609450806762531
279	1279	2279	-1	29.87534590122369
280	1280	2280	-1	9.51409110947719
281	1281	2281	-1	29.878656210718717
282	1282	2282	-1	9.048917957782564
283	1283	2283	-1	91.31009379017966
284	1284	2284	-1	7.9235875677629295
285	1285	2285	-1	9.811736320757353
286	1286	2286	-1	9.682501332489982
287	1287	2287	-1	10.20114644114215
288	1288	2288	-1	8.12858917358455
289	1289	2289	-1	30.566371575037735
290	1290	2290	-1	29.369302332406676
291	1291	2291	-1	28.881254683249036
292	1292	2292	-1	9.765720354965405
293	1293	2293	-1	9.144080865399525
294	1294	2294	-1	8.95722978543878
295	1295	2295	-1	9.447392854288303
296	1296	2296	-1	8.260102840596641
297	1297	2297	-1	29.57264964493515
298	1298	2298	-1	11.237157936400589
299	1299	2299	-1	10.369445246964826
300	1300	2300	-1	10.96964384074448
301	1301	2301	-1	29.815459150454295
302	1302	2302	-1	9.86462867801448
303	1303	2303	-1	8.88427376686142
304	1304	2304	-1	30.52836313074328
305	1305	2305	-1	8.5771382817598
306	1306	2306	-1	10.576178322100535
307	1307	2307	-1	10.29611459649951
308	1308	2308	-1	8.491765884097283
309	1309	2309	-1	31.88702360238742
310	1310	2310	-1	28.043603427132393
311	1311	2311	-1	9.599519501688224
312	1312	2312	-1	29.93543492755138
313	1313	2313	-1	10.76041002736055
314	1314	2314	-1	8.466330661509824
315	1315	2315	-1	9.542922346493459
316	1316	2316	-1	9.503862586928598
317	1317	2317	-1	31.59196062029872
318	1318	2318	-1	9.522053997565772
319	1319	2319	-1	11.116768795379596
320	1320	2320	-1	9.441719770305152
321	1321	2321	-1	9.231538212985136
322	1322	2322	-1	7.257710525325622
323	1323	2323	-1	7.966674422522668
324	1324	2324	-1	11.995713428419256
325	1325	2325	-1	10.11724173079623
326	1326	2326	-1	7.669189122160438
327	1327	2327	-1	8.676570628643574
328	1328	2328	-1	10.307577105224766
329	1329	2329	-1	10.779722243202505
330	1330	2330	-1	8.71865823415019
331	1331	2331	-1	29.730549154232474
332	1332	2332	-1	9.746157240022278
333	1333	2333	-1	29.48277026832448
334	1334	2334	-1	9.87851200580042
335	1335	2335	-1	9.781547954411607
336	1336	2336	-1	9.316939684176798
337	1337	2337	-1	89.24016470303353
338	1338	2338	-1	44.05499047345987
339	1339	2339	-1	28.532841849912195
340	1340	2340	-1	28.64881142480957
341	1341	2341	-1	31.0873032147959
342	1342	2342	-1	10.537673329541347
343	1343	2343	-1	10.380886500359985
344	1344	2344	-1	9.249896468014787
345	1345	2345	-1	9.250173806056557
346	1346	2346	-1	30.386382435535644
347	1347	2347	-1	9.776086566071426
348	1348	2348	-1	9.699766299654769
349	1349	2349	-1	30.383392658611427
350	1350	2350	-1	10.485162787917659
351	1351	2351	-1	9.928385332823472
352	1352	2352	-1	9.631047224777028
353	1353	2353	-1	8.936342818693534
354	1354	2354	-1	9.356123398882518
355	1355	2355	-1	8.89000289411591
356	1356	2356	-1	9.897037071228738
357	1357	2357	-1	29.436522473516767
358	1358	2358	-1	29.979932726484265
359	1359	2359	-1	29.460273101906626
360	1360	2360	-1	9.43121282433722
361	1361	2361	-1	30.054317765846587
362	1362	2362	-1	10.03221732381702
363	1363	2363	-1	10.274674168824
364	1364	2364	-1	11.238216985913061
365	1365	2365	-1	8.715919078638043
366	1366	2366	-1	10.836402610388474
367	1367	2367	-1	29.06784842192516
368	1368	2368	-1	8.656317078394352
369	1369	2369	-1	10.38797404991301
370	1370	2370	-1	9.541322447438942
371	1371	2371	-1	90.1220755951683
372	1372	2372	-1	9.425276931140079
373	1373	2373	-1	10.255043293849768
374	1374	2374	-1	9.080223121808228
375	1375	2375	-1	28.634399626041965
376	1376	2376	-1	90.57765085976726
377	1377	2377	-1	30.18960575117056
378	1378	2378	-1	10.125700384513573
379	1379	2379	-1	8.921093534957
380	1380	2380	-1	30.325207323414386
381	1381	2381	-1	9.752858249915544
382	1382	2382	-1	9.584233349205368
383	1383	2383	-1	9.83666378263277
384	1384	2384	-1	11.637614068430358
385	1385	2385	-1	10.257553106095841
386	1386	2386	-1	9.963188581992975
387	1387	2387	-1	10.451228062158368
388	1388	2388	-1	10.441835549261619
389	1389	2389	-1	11.692479425446454
390	1390	2390	-1	30.057232884322204
391	1391	2391	-1	9.714099330119168
392	1392	2392	-1	10.869728768727365
393	1393	2393	-1	92.2822543721991
394	1394	2394	-1	31.021391353139123
395	1395	2395	-1	9.760655135324496
396	1396	2396	-1	11.155614019486512
397	1397	2397	-1	7.256096689956748
398	1398	2398	-1	30.768362275219186
399	1399	2399	-1	89.56320537554498
400	1400	2400	-1	30.72059685758435
401	1401	2401	-1	11.705794532630401
402	1402	2402	-1	30.02761903868889
403	1403	2403	-1	10.257962434560254
404	1404	2404	-1	10.15637275390607
405	1405	2405	-1	31.48287029460145
406	1406	2406	-1	30.496186538674092
407	1407	2407	-1	11.206191495610796
408	1408	2408	-1	9.586316738358438
409	1409	2409	-1	9.797500639451833
410	1410	2410	-1	11.561120425384823
411	1411	2411	-1	10.248445605958484
412	1412	2412	-1	7.521529014243504
413	1413	2413	-1	11.065403190261884
414	1414	2414	-1	8.775834550192814
415	1415	2415	-1	9.892278407758168
416	1416	2416	-1	10.079121064368763
417	1417	2417	-1	11.589716199406256
418	1418	2418	-1	9.498988072636699
419	1419	2419	-1	9.467853972377302
420	1420	2420	-1	8.274698720780597
421	1421	2421	-1	20.544108577117804
422	1422	2422	-1	29.498911018291
423	1423	2423	-1	9.547613211301647
424	1424	2424	-1	9.71579262671682
425	1425	2425	-1	11.758119512748078
426	1426	2426	-1	30.105998010541768
427	1427	2427	-1	10.474485141935004
428	1428	2428	-1	10.163964271653315
429	1429	2429	-1	30.092680728904785
430	1430	2430	-1	29.53473219993515
431	1431	2431	-1	8.06024189024711
432	1432	2432	-1	11.963061262651763
433	1433	2433	-1	31.348124069113357
434	1434	2434	-1	10.661530438347555
435	1435	2435	-1	8.849630936207884
436	1436	2436	-1	10.017786064016907
437	1437	2437	-1	9.031123849667091
438	1438	2438	-1	30.85961546598639
439	1439	2439	-1	10.397329424559933
440	1440	2440	-1	8.8369023236458
441	1441	2441	-1	11.52138465510677
442	1442	2442	-1	9.625107296205801
443	1443	2443	-1	20.10577777402556
444	1444	2444	-1	30.209501777769578
445	1445	2445	-1	29.51383705571896
446	1446	2446	-1	29.482536803605335
447	1447	2447	-1	30.640196116772543
448	1448	2448	-1	30.567769631517898
449	1449	2449	-1	10.406249492992416
450	1450	2450	-1	8.827938249925866
451	1451	2451	-1	9.756451126945544
452	1452	2452	-1	28.132801216293938
453	1453	2453	-1	10.382616989070845
454	1454	2454	-1	9.52697455996347
455	1455	2455	-1	9.630719468728442
456	1456	2456	-1	30.660227196767714
457	1457	2457	-1	28.040614078183992
458	1458	2458	-1	90.30111659661621
459	1459	2459	-1	10.03174786576151
460	1460	2460	-1	12.177449175931375
461	1461	2461	-1	12.263697038266937
462	1462	2462	-1	9.157064126501005
463	1463	2463	-1	9.900637460188117
464	1464	2464	-1	29.83550750128802
465	1465	2465	-1	9.130987997949262
466	1466	2466	-1	29.16500130349694
467	1467	2467	-1	10.119194459812551
468	1468	2468	-1	8.947602420350401
469	1469	2469	-1	10.777656250538943
470	1470	2470	-1	29.27567565096973
471	1471	2471	-1	9.556804297464492
472	1472	2472	-1	30.472253903650834
473	1473	2473	-1	10.355255427381445
474	1474	2474	-1	29.037432468007008
475	1475	2475	-1	9.727039119133886
476	1476	2476	-1	91.22106451480018
477	1477	2477	-1	8.647511035563491
478	1478	2478	-1	8.73279712221371
479	1479	2479	-1	31.000936840873763
480	1480	2480	-1	30.161953024115377
481	1481	2481	-1	10.836376256755841
482	1482	2482	-1	30.29464785199539
483	1483	2483	-1	8.896678966106139
484	1484	2484	-1	9.433282254973193
485	1485	2485	-1	8.1551019741851
486	1486	2486	-1	28.107335116642144
487	1487	2487	-1	8.768434698827352
488	1488	2488	-1	10.77441632494687
489	1489	2489	-1	9.436813263174653
490	1490	2490	-1	29.771181664580336
491	1491	2491	-1	10.660148922690174
492	1492	2492	-1	9.319635508881525
493	1493	2493	-1	10.718511937766419
494	1494	2494	-1	9.062584327291717
495	1495	2495	-1	28.38113483753822
496	1496	2496	-1	9.923923119160554
497	1497	2497	-1	9.699666133841824
498	1498	2498	-1	31.177050820926276
499	1499	2499	-1	92.10114302430088
500	1500	2500	-1	9.008359046968053
501	1501	2501	-1	10.294308199111153
502	1502	2502	-1	9.33203554627594
503	1503	2503	-1	10.551994640216249
504	1504	2504	-1	10.902822431308865
505	1505	2505	-1	7.1481736200368395
506	1506	2506	-1	29.52818105726468
507	1507	2507	-1	11.647058810033291
508	1508	2508	-1	10.213802793851425
509	1509	2509	-1	29.60015712909539
510	1510	2510	-1	10.894180576423524
511	1511	2511	-1	30.77591305697627
512	1512	2512	-1	28.248061271106376
513	1513	2513	-1	10.380831900162889
514	1514	2514	-1	28.321240676110985
515	1515	2515	-1	8.3537368328487
516	1516	2516	-1	10.711205561197627
517	1517	2517	-1	31.009211554697377
518	1518	2518	-1	9.512383121491895
519	1519	2519	-1	9.80311622296316
520	1520	2520	-1	27.886402719785465
521	1521	2521	-1	10.055624658902056
522	1522	2522	-1	10.934454413627629
523	1523	2523	-1	18.802099289753244
524	1524	2524	-1	10.70997244806124
525	1525	2525	-1	10.827695896463108
526	1526	2526	-1	9.353677793693043
527	1527	2527	-1	28.609191492823523
528	1528	2528	-1	29.17114198846908
529	1529	2529	-1	31.274880644209095
530	1530	2530	-1	8.969103439650853
531	1531	2531	-1	11.334533017756593
532	1532	2532	-1	9.9554434674167
533	1533	2533	-1	89.94178146752805
534	1534	2534	-1	29.887945303714414
535	1535	2535	-1	8.545844733378294
536	1536	2536	-1	29.30212489744558
537	1537	2537	-1	88.34471407574625
538	1538	2538	-1	9.886166115325452
539	1539	2539	-1	10.29900985868441
540	1540	2540	-1	11.10911868803294
541	1541	2541	-1	8.23782771903182
542	1542	2542	-1	29.376925513951292
543	1543	2543	-1	9.901502532224153
544	1544	2544	-1	10.255508595814538
545	1545	2545	-1	10.922026550363032
546	1546	2546	-1	44.372314407365366
547	1547	2547	-1	10.48683653343537
548	1548	2548	-1	6.867863002210015
549	1549	2549	-1	9.26033106918214
550	1550	2550	-1	10.082770751840883
551	1551	2551	-1	32.334413599703694
552	1552	2552	-1	10.485588781426406
553	1553	2553	-1	8.017305841083422
554	1554	2554	-1	10.979522353812383
555	1555	2555	-1	29.17570526634718
556	1556	2556	-1	10.29079864275164
557	1557	2557	-1	9.27174503229791
558	1558	2558	-1	9.980167954127225
559	1559	2559	-1	7.14911003811981
560	1560	2560	-1	10.611020369063226
561	1561	2561	-1	9.61158046126123
562	1562	2562	-1	10.633333639060586
563	1563	2563	-1	9.846565019513847
564	1564	2564	-1	9.382076326614165
565	1565	2565	-1	9.573710628912053
566	1566	2566	-1	29.211551664892273
567	1567	2567	-1	10.141716246571251
568	1568	2568	-1	10.295954379746126
569	1569	2569	-1	9.176103113631832
570	1570	2570	-1	11.1725371593342
571	1571	2571	-1	29.678149007138096
572	1572	2572	-1	28.36773602915876
573	1573	2573	-1	29.16026142396008
574	1574	2574	-1	10.058675635658268
575	1575	2575	-1	10.412562271978425
576	1576	2576	-1	10.251891114327274
577	1577	2577	-1	9.69101899947939
578	1578	2578	-1	9.251405555614898
579	1579	2579	-1	9.521460213979163
580	1580	2580	-1	9.345856055937858
581	1581	2581	-1	9.06488725464771
582	1582	2582	-1	11.729214315952476
583	1583	2583	-1	9.829746947682318
584	1584	2584	-1	10.125704252644612
585	1585	2585	-1	8.772666764760052
586	1586	2586	-1	29.943607861691127
587	1587	2587	-1	29.148725258339205
588	1588	2588	-1	12.09241350592021
589	1589	2589	-1	9.07409449351874
590	1590	2590	-1	8.478282121102195
591	1591	2591	-1	8.79680619595157
592	1592	2592	-1	7.749186967658801
593	1593	2593	-1	90.8249253377122
594	1594	2594	-1	90.07626093794815
595	1595	2595	-1	8.722540491629069
596	1596	2596	-1	10.54430137101418
597	1597	2597	-1	31.044949634656057
598	1598	2598	-1	8.013564979321588
599	1599	2599	-1	9.515348302280032
600	1600	2600	-1	10.759913396986168
601	1601	2601	-1	31.966994547434442
602	1602	2602	-1	11.478828796450792
603	1603	2603	-1	29.14365652792747
604	1604	2604	-1	89.25498286115312
605	1605	2605	-1	12.139139699525048
606	1606	2606	-1	29.713523591511077
607	1607	2607	-1	9.95876503171412
608	1608	2608	-1	7.708500071036879
609	1609	2609	-1	7.90609866212457
610	1610	2610	-1	10.559537713118608
611	1611	2611	-1	29.662132832015125
612	1612	2612	-1	28.72439766957489
613	1613	2613	-1	90.1732622426422
614	1614	2614	-1	8.855040053500414
615	1615	2615	-1	30.825126308543435
616	1616	2616	-1	10.891738373479543
617	1617	2617	-1	28.805562495899526
618	1618	2618	-1	29.426588161008333
619	1619	2619	-1	11.976774502377785
620	1620	2620	-1	10.529134030046842
621	1621	2621	-1	9.31158722078456
622	1622	2622	-1	89.40486588932342
623	1623	2623	-1	10.491170466590543
624	1624	2624	-1	9.236803017598579
625	1625	2625	-1	91.05111422839519
626	1626	2626	-1	29.7169583683789
627	1627	2627	-1	9.576786610866785
628	1628	2628	-1	9.15726312770483
629	1629	2629	-1	45.0372119777554
630	1630	2630	-1	30.707287596379437
631	1631	2631	-1	9.386179810095719
632	1632	2632	-1	10.174287878650459
633	1633	2633	-1	29.83816681236141
634	1634	2634	-1	10.571661200768562
635	1635	2635	-1	11.307671604246254
636	1636	2636	-1	10.563707143732442
637	1637	2637	-1	10.736728498696325
638	1638	2638	-1	28.708751839886048
639	1639	2639	-1	10.959275638802703
640	1640	2640	-1	29.40614514313516
641	1641	2641	-1	30.864497042455177
642	1642	2642	-1	9.21462027645478
643	1643	2643	-1	9.991423335675824
644	1644	2644	-1	11.256254614912903
645	1645	2645	-1	10.989898033025566
646	1646	2646	-1	32.32776891780023
647	1647	2647	-1	43.82525413024091
648	1648	2648	-1	89.10772997198454
649	1649	2649	-1	10.680541042522014
650	1650	2650	-1	29.403200530406064
651	1651	2651	-1	10.153231091679803
652	1652	2652	-1	10.59749238338914
653	1653	2653	-1	10.829185440605869
654	1654	2654	-1	10.512092628058225
655	1655	2655	-1	10.305962610156094
656	1656	2656	-1	9.994128627479734
657	1657	2657	-1	7.967549087756636
658	1658	2658	-1	10.148660223358382
659	1659	2659	-1	9.553726559327574
660	1660	2660	-1	9.19141292709911
661	1661	2661	-1	8.335595800305192
662	1662	2662	-1	89.50686178708033
663	1663	2663	-1	8.925425732460573
664	1664	2664	-1	28.202989836462685
665	1665	2665	-1	10.037473580421624
666	1666	2666	-1	11.39110533318397
667	1667	2667	-1	11.106615264921075
668	1668	2668	-1	11.428877343026391
669	1669	2669	-1	10.08211586339092
670	1670	2670	-1	29.620748285308316
671	1671	2671	-1	9.825117187103183
672	1672	2672	-1	9.346863807014852
673	1673	2673	-1	31.56197075761075
674	1674	2674	-1	31.100854429179336
675	1675	2675	-1	9.25521014545989
676	1676	2676	-1	27.862335349718215
677	1677	2677	-1	31.541209386859787
678	1678	2678	-1	9.097134547895251
679	1679	2679	-1	30.272937801985695
680	1680	2680	-1	30.37024317567406
681	1681	2681	-1	29.935610081993268
682	1682	2682	-1	9.37235965594099
683	1683	2683	-1	9.669088923393057
684	1684	2684	-1	31.948489339708917
685	1685	2685	-1	30.560572545162774
686	1686	2686	-1	7.047681754426048
687	1687	2687	-1	29.403226552246398
688	1688	2688	-1	29.205403872806624
689	1689	2689	-1	11.598305559376659
690	1690	2690	-1	9.82226305777087
691	1691	2691	-1	9.24004395369169
692	1692	2692	-1	9.005831257523628
693	1693	2693	-1	10.470350499463674
694	1694	2694	-1	88.62401307881701
695	1695	2695	-1	11.731375194412678
696	1696	2696	-1	8.382136105196468
697	1697	2697	-1	10.200157723086301
698	1698	2698	-1	11.187864373324471
699	1699	2699	-1	7.814783767385409
700	1700	2700	-1	31.32221121258262
701	1701	2701	-1	30.17942886297339
702	1702	2702	-1	9.121610489940162
703	1703	2703	-1	30.226467157167743
704	1704	2704	-1	10.267429718209998
705	1705	2705	-1	11.77049778371225
706	1706	2706	-1	30.565285472621166
707	1707	2707	-1	31.370784580290184
708	1708	2708	-1	8.889164892994103
709	1709	2709	-1	11.599231820924505
710	1710	2710	-1	30.017322908442225
711	1711	2711	-1	11.0629387286487
712	1712	2712	-1	10.278501195652305
713	1713	2713	-1	7.9819058666788845
714	1714	2714	-1	9.52687435808831
715	1715	2715	-1	10.078508933580107
716	1716	2716	-1	29.303180233299837
717	1717	2717	-1	9.080352081474976
718	1718	2718	-1	9.762433740126953
719	1719	2719	-1	29.271189054611394
720	1720	2720	-1	271.3039270815604
721	1721	2721	-1	9.79245386598655
722	1722	2722	-1	8.694738802208384
723	1723	2723	-1	10.609747209004997
724	1724	2724	-1	9.31898702377258
725	1725	2725	-1	30.528542321793637
726	1726	2726	-1	9.36511359180307
727	1727	2727	-1	7.492984110532771
728	1728	2728	-1	10.403643886378426
729	1729	2729	-1	32.35017225921654
730	1730	2730	-1	92.4791583956176
731	1731	2731	-1	9.181906490021257
732	1732	2732	-1	10.076514033945298
733	1733	2733	-1	30.196916516097023
734	1734	2734	-1	9.817536751056629
735	1735	2735	-1	9.000431727019885
736	1736	2736	-1	7.925266047212446
737	1737	2737	-1	30.186058592913355
738	1738	2738	-1	31.044634219009897
739	1739	2739	-1	8.158645864254488
740	1740	2740	-1	9.47603218746238
741	1741	2741	-1	31.34427867716683
742	1742	2742	-1	10.380624088098195
743	1743	2743	-1	30.777497338497373
744	1744	2744	-1	31.04499392026672
745	1745	2745	-1	10.140028272802395
746	1746	2746	-1	9.783363092080004
747	1747	2747	-1	28.967803526479713
748	1748	2748	-1	44.41919150047904
749	1749	2749	-1	8.71338251114636
750	1750	2750	-1	10.31018243380926
751	1751	2751	-1	10.244543339097172
752	1752	2752	-1	7.176320350151128
753	1753	2753	-1	30.596491884863557
754	1754	2754	-1	29.3593905606685
755	1755	2755	-1	10.46829585405178
756	1756	2756	-1	12.113273659010797
757	1757	2757	-1	44.47242990938613
758	1758	2758	-1	29.16138419841362
759	1759	2759	-1	10.095370254786488
760	1760	2760	-1	9.667127561924298
761	1761	2761	-1	30.340753816918188
762	1762	2762	-1	8.970400968252344
763	1763	2763	-1	11.193046511677654
764	1764	2764	-1	10.748177419281443
765	1765	2765	-1	10.928419182904186
766	1766	2766	-1	10.467261737874232
767	1767	2767	-1	29.947590495275616
768	1768	2768	-1	9.01635854736895
769	1769	2769	-1	10.67151466996538
770	1770	2770	-1	10.177218834975028
771	1771	2771	-1	10.727926098098798
772	1772	2772	-1	10.09919805483789
773	1773	2773	-1	10.187741082179247
774	1774	2774	-1	29.7645744668289
775	1775	2775	-1	9.589313501598768
776	1776	2776	-1	10.526650245191632
777	1777	2777	-1	10.345232219426789
778	1778	2778	-1	90.85420350029823
779	1779	2779	-1	10.08109027310257
780	1780	2780	-1	30.61974033127249
781	1781	2781	-1	28.60719958360034
782	1782	2782	-1	29.16543017357275
783	1783	2783	-1	11.474228560384963
784	1784	2784	-1	9.502428691310271
785	1785	2785	-1	10.795031763953663
786	1786	2786	-1	10.392495999503012
787	1787	2787	-1	28.873715212856865
788	1788	2788	-1	11.29250843518382
789	1789	2789	-1	9.803277613277624
790	1790	2790	-1	31.211915602631613
791	1791	2791	-1	29.938694090285097
792	1792	2792	-1	11.033080232511795
793	1793	2793	-1	10.390152452736023
794	1794	2794	-1	9.29345052653697
795	1795	2795	-1	11.156642743468222
796	1796	2796	-1	11.16209693378372
797	1797	2797	-1	10.005812344816487
798	1798	2798	-1	11.052154518147676
799	1799	2799	-1	10.568821274933056
800	1800	2800	-1	30.180055155299986
801	1801	2801	-1	11.96951191854827
802	1802	2802	-1	10.575010569048272
803	1803	2803	-1	9.569604350946182
804	1804	2804	-1	9.041975222662634
805	1805	2805	-1	9.95454453958659
806	1806	2806	-1	10.176004587970077
807	1807	2807	-1	9.848731607982266
808	1808	2808	-1	10.325572021911396
809	1809	2809	-1	11.228969857398557
810	1810	2810	-1	10.9392939203109
811	1811	2811	-1	30.736727317185746
812	1812	2812	-1	10.779389344418096
813	1813	2813	-1	29.98007341401203
814	1814	2814	-1	29.91635319447872
815	1815	2815	-1	10.577112121287303
816	1816	2816	-1	9.535508714805584
817	1817	2817	-1	30.18037729213618
818	1818	2818	-1	8.794060050362855
819	1819	2819	-1	10.719907639174602
820	1820	2820	-1	11.482448604151493
821	1821	2821	-1	9.57569510711803
822	1822	2822	-1	31.742151414540032
823	1823	2823	-1	30.014803293092346
824	1824	2824	-1	9.21784566944814
825	1825	2825	-1	29.839071326735056
826	1826	2826	-1	30.03968886928832
827	1827	2827	-1	9.972067858038328
828	1828	2828	-1	9.468245392852282
829	1829	2829	-1	28.833262794131453
830	1830	2830	-1	11.7248798935954
831	1831	2831	-1	7.471618283980108
832	1832	2832	-1	28.659124454699178
833	1833	2833	-1	89.10608973188887
834	1834	2834	-1	10.056817349969728
835	1835	2835	-1	9.880529284174436
836	1836	2836	-1	7.627248178364058
837	1837	2837	-1	10.29766682589071
838	1838	2838	-1	10.81771322322078
839	1839	2839	-1	9.156592043596344
840	1840	2840	-1	12.347323917119088
841	1841	2841	-1	9.214218352613399
842	1842	2842	-1	30.582181154688822
843	1843	2843	-1	28.852145633180324
844	1844	2844	-1	89.52043179499455
845	1845	2845	-1	9.181697423057862
846	1846	2846	-1	9.50135153236805
847	1847	2847	-1	31.55224462286322
848	1848	2848	-1	10.09772860201096
849	1849	2849	-1	10.931322398260734
850	1850	2850	-1	30.440669168653244
851	1851	2851	-1	12.033273519269365
852	1852	2852	-1	10.487496044498906
853	1853	2853	-1	9.932220629942703
854	1854	2854	-1	9.28281949333634
855	1855	2855	-1	29.49957159551054
856	1856	2856	-1	90.91052740324704
857	1857	2857	-1	11.37904335049123
858	1858	2858	-1	10.544402276832434
859	1859	2859	-1	10.525472192206234
860	1860	2860	-1	8.706368640143687
861	1861	2861	-1	10.376552112464793
862	1862	2862	-1	9.189219205973904
863	1863	2863	-1	11.569884060639275
864	1864	2864	-1	28.941091308378176
865	1865	2865	-1	10.22033708816392
866	1866	2866	-1	10.93597872454959
867	1867	2867	-1	10.600361033450493
868	1868	2868	-1	8.185620975732094
869	1869	2869	-1	11.140859347465826
870	1870	2870	-1	30.478587297868614
871	1871	2871	-1	30.344735193895506
872	1872	2872	-1	7.686998963326884
873	1873	2873	-1	9.897418237434316
874	1874	2874	-1	29.866271924844938
875	1875	2875	-1	11.42264300999243
876	1876	2876	-1	28.74028277996695
877	1877	2877	-1	11.204032449831788
878	1878	2878	-1	10.991983849200922
879	1879	2879	-1	9.87877594816004
880	1880	2880	-1	9.296501115388523
881	1881	2881	-1	89.63255420691931
882	1882	2882	-1	10.668367611592664
883	1883	2883	-1	31.456770878684818
884	1884	2884	-1	29.02671130816908
885	1885	2885	-1	10.94274888248994
886	1886	2886	-1	10.038455632263556
887	1887	2887	-1	30.936821699462644
888	1888	2888	-1	8.616943030135566
889	1889	2889	-1	8.439137477073547
890	1890	2890	-1	29.681071296102996
891	1891	2891	-1	30.117253278028702
892	1892	2892	-1	89.15553385700127
893	1893	2893	-1	31.747077964638773
894	1894	2894	-1	30.72544819672666
895	1895	2895	-1	31.724507441507996
896	1896	2896	-1	29.439098030048555
897	1897	2897	-1	30.576936697310924
898	1898	2898	-1	30.654593575299604
899	1899	2899	-1	9.719344881221502
900	1900	2900	-1	9.284794052494494
901	1901	2901	-1	10.005914693413729
902	1902	2902	-1	44.847826890576755
903	1903	2903	-1	9.98751588449502
904	1904	2904	-1	9.948142661957558
905	1905	2905	-1	10.937458034062512
906	1906	2906	-1	11.814143057134482
907	1907	2907	-1	9.608234299185266
908	1908	2908	-1	8.102910670148882
909	1909	2909	-1	10.314261980174324
910	1910	2910	-1	9.098048066568321
911	1911	2911	-1	10.466189333714304
912	1912	2912	-1	29.74570126728053
913	1913	2913	-1	11.397235964416323
914	1914	2914	-1	10.904939076958637
915	1915	2915	-1	90.36780465708206
916	1916	2916	-1	8.525215476134688
917	1917	2917	-1	7.89266994660119
918	1918	2918	-1	10.834285824816197
919	1919	2919	-1	9.278533943466506
920	1920	2920	-1	10.854289856553976
921	1921	2921	-1	10.017187106329546
922	1922	2922	-1	9.229513740235499
923	1923	2923	-1	10.401006561665701
924	1924	2924	-1	30.370857525121977
925	1925	2925	-1	9.08170475241111
926	1926	2926	-1	9.57839334588164
927	1927	2927	-1	10.849823985122194
928	1928	2928	-1	9.585332095891493
929	1929	2929	-1	10.969063009719951
930	1930	2930	-1	8.543057857768648
931	1931	2931	-1	88.673469412249
932	1932	2932	-1	30.64094743899067
933	1933	2933	-1	28.601875599335823
934	1934	2934	-1	30.284191207556272
935	1935	2935	-1	11.544291343735127
936	1936	2936	-1	90.0516586272832
937	1937	2937	-1	11.20042046360795
938	1938	2938	-1	90.78147417110134
939	1939	2939	-1	11.079931493686457
940	1940	2940	-1	29.66693268103899
941	1941	2941	-1	29.367305821486816
942	1942	2942	-1	10.469748431078312
943	1943	2943	-1	11.242631040265712
944	1944	2944	-1	8.916878255524242
945	1945	2945	-1	30.66504883442441
946	1946	2946	-1	8.710966449249662
947	1947	2947	-1	10.4945923288161
948	1948	2948	-1	30.13589717908431
949	1949	2949	-1	8.440321326509004
950	1950	2950	-1	10.591512093841096
951	1951	2951	-1	10.143509830086508
952	1952	2952	-1	9.619690601989253
953	1953	2953	-1	10.397886648410347
954	1954	2954	-1	11.049747326534964
955	1955	2955	-1	29.57631895207476
956	1956	2956	-1	30.314166117233654
957	1957	2957	-1	9.293896540378059
958	1958	2958	-1	10.02481185419041
959	1959	2959	-1	10.123770246695365
960	1960	2960	-1	31.398351375858926
961	1961	2961	-1	10.831861467910763
962	1962	2962	-1	10.964394312922074
963	1963	2963	-1	10.108791221577079
964	1964	2964	-1	29.44759428509463
965	1965	2965	-1	91.29783926571281
966	1966	2966	-1	9.638574887850305
967	1967	2967	-1	29.78465518400147
968	1968	2968	-1	8.639525398264016
969	1969	2969	-1	12.117417496350019
970	1970	2970	-1	9.89510839964359
971	1971	2971	-1	10.337218950565841
972	1972	2972	-1	10.926661354538407
973	1973	2973	-1	10.96097654990606
974	1974	2974	-1	10.5972481108346
975	1975	2975	-1	10.841486507113164
976	1976	2976	-1	11.343997397740095
977	1977	2977	-1	10.728852164869002
978	1978	2978	-1	10.5501262805673
979	1979	2979	-1	9.18236291301725
980	1980	2980	-1	91.05011800526226
981	1981	2981	-1	10.165230613654183
982	1982	2982	-1	11.4661684757175
983	1983	2983	-1	178.4853915755584
984	1984	2984	-1	10.726074753215052
985	1985	2985	-1	90.64041476500485
986	1986	2986	-1	9.317869038936323
987	1987	2987	-1	10.88569462700099
988	1988	2988	-1	8.188724745875467
989	1989	2989	-1	8.606103431310563
990	1990	2990	-1	9.89820465692553
991	1991	2991	-1	10.534968100714837
992	1992	2992	-1	31.732318046033914
993	1993	2993	-1	9.767190987468725
994	1994	2994	-1	30.450094749904142
995	1995	2995	-1	134.4500597289044
996	1996	2996	-1	90.51631685821766
997	1997	2997	-1	10.969125299631065
998	1998	2998	-1	8.890817332387408
999	1999	2999	-1	11.454378531611676
