ind_ID	father_ID	mother_ID	Sex	Phenotype
1	1001	2001	9	39.390519236041754
2	1002	2002	9	37.7163495740192
3	1003	2003	9	62.4034779596761
4	1004	2004	9	23.600829838720994
5	1005	2005	9	26.340822699650772
6	1006	2006	9	135.41662063851317
7	1007	2007	9	148.43568303197515
8	1008	2008	9	60.897698313165954
9	1009	2009	9	63.627721931487926
10	1010	2010	9	40.38110265909548
11	1011	2011	9	24.182707213809906
12	1012	2012	9	21.70223932010151
13	1013	2013	9	33.088774886183074
14	1014	2014	9	8.121251813911746
15	1015	2015	9	19.253169048805486
16	1016	2016	9	24.69654196967411
17	1017	2017	9	30.22072996620362
18	1018	2018	9	48.69524137653074
19	1019	2019	9	26.107482801463757
20	1020	2020	9	123.83448843036524
21	1021	2021	9	17.88093328446171
22	1022	2022	9	62.41359515335977
23	1023	2023	9	44.90688389682666
24	1024	2024	9	23.161397154133745
25	1025	2025	9	49.76128080211685
26	1026	2026	9	85.4956451033603
27	1027	2027	9	25.254186005389514
28	1028	2028	9	79.22620333215998
29	1029	2029	9	49.458821362437476
30	1030	2030	9	9.976830861263538
31	1031	2031	9	140.42877807891654
32	1032	2032	9	51.361785907136984
33	1033	2033	9	56.56427382157492
34	1034	2034	9	39.20070485455833
35	1035	2035	9	46.83731321568679
36	1036	2036	9	44.597348307673414
37	1037	2037	9	154.66622995880167
38	1038	2038	9	40.328987642061676
39	1039	2039	9	51.68191174567384
40	1040	2040	9	17.798464320797713
41	1041	2041	9	20.033704586122173
42	1042	2042	9	124.26002749924513
43	1043	2043	9	100.25309340259149
44	1044	2044	9	19.183544009557696
45	1045	2045	9	32.06257711859898
46	1046	2046	9	80.0844246848971
47	1047	2047	9	19.56472334195831
48	1048	2048	9	62.27664553503056
49	1049	2049	9	9.424137683431821
50	1050	2050	9	17.21243676042159
51	1051	2051	9	8.177811220456752
52	1052	2052	9	18.505570933211253
53	1053	2053	9	179.19198336121792
54	1054	2054	9	70.2611714899377
55	1055	2055	9	40.974432728349264
56	1056	2056	9	9.241569985788159
57	1057	2057	9	51.36556355591833
58	1058	2058	9	50.03002836736226
59	1059	2059	9	11.06188546627244
60	1060	2060	9	312.83172209769253
61	1061	2061	9	26.546995698928672
62	1062	2062	9	50.33647033635048
63	1063	2063	9	19.2119227123867
64	1064	2064	9	79.87200013198192
65	1065	2065	9	21.302076157695797
66	1066	2066	9	180.4505942632405
67	1067	2067	9	8.916808939657992
68	1068	2068	9	79.13550795799036
69	1069	2069	9	97.41659987153143
70	1070	2070	9	37.25548467825693
71	1071	2071	9	30.967536055476614
72	1072	2072	9	113.01975892968434
73	1073	2073	9	7.825178736289871
74	1074	2074	9	43.32949491954686
75	1075	2075	9	9.568805986358232
76	1076	2076	9	9.976544141999293
77	1077	2077	9	20.017118950270305
78	1078	2078	9	38.607837796227955
79	1079	2079	9	39.259514258086476
80	1080	2080	9	440.6979738855817
81	1081	2081	9	9.55333083593107
82	1082	2082	9	99.23221396747006
83	1083	2083	9	11.470386726338207
84	1084	2084	9	36.94273753699301
85	1085	2085	9	22.51350969645676
86	1086	2086	9	115.07574517865902
87	1087	2087	9	19.176403204959737
88	1088	2088	9	31.00643694338102
89	1089	2089	9	15.471276069642471
90	1090	2090	9	40.81038171865549
91	1091	2091	9	20.299874070020085
92	1092	2092	9	26.515305413217817
93	1093	2093	9	49.6167538899498
94	1094	2094	9	31.393030836535527
95	1095	2095	9	100.28060745819391
96	1096	2096	9	10.838555240245647
97	1097	2097	9	12.740815090959005
98	1098	2098	9	79.14701054470854
99	1099	2099	9	191.3603381534997
100	1100	2100	9	13.169243762099615
101	1101	2101	9	15.686886923258422
102	1102	2102	9	11.306616265051144
103	1103	2103	9	8.886531976578626
104	1104	2104	9	48.837926232695295
105	1105	2105	9	9.413219060395578
106	1106	2106	9	39.77935345684371
107	1107	2107	9	22.847011327591538
108	1108	2108	9	78.07280700049701
109	1109	2109	9	20.394269968273978
110	1110	2110	9	25.44745531351261
111	1111	2111	9	38.16609704400405
112	1112	2112	9	30.813233014371548
113	1113	2113	9	27.235997434047743
114	1114	2114	9	17.07694650068235
115	1115	2115	9	251.61955213954954
116	1116	2116	9	20.119675173646254
117	1117	2117	9	15.12322992697607
118	1118	2118	9	31.502896181688477
119	1119	2119	9	38.91015835286527
120	1120	2120	9	65.05323484018786
121	1121	2121	9	11.588654773438943
122	1122	2122	9	479.73999649669554
123	1123	2123	9	49.61245183641077
124	1124	2124	9	24.42884957682449
125	1125	2125	9	20.467978298375538
126	1126	2126	9	9.863269502664988
127	1127	2127	9	6.6591678381507515
128	1128	2128	9	249.01511234054865
129	1129	2129	9	36.03422718177802
130	1130	2130	9	11.34601325018275
131	1131	2131	9	44.718159029917764
132	1132	2132	9	89.10232786267196
133	1133	2133	9	83.58464322290608
134	1134	2134	9	61.93454772877103
135	1135	2135	9	24.25835300511549
136	1136	2136	9	16.75151672897692
137	1137	2137	9	25.15388176760921
138	1138	2138	9	39.95911115865543
139	1139	2139	9	39.576077253470906
140	1140	2140	9	41.347425400568525
141	1141	2141	9	65.06399018402448
142	1142	2142	9	33.325000079951174
143	1143	2143	9	18.2707340997249
144	1144	2144	9	88.91721439186753
145	1145	2145	9	11.055413511248082
146	1146	2146	9	20.209701663310035
147	1147	2147	9	64.14729575783309
148	1148	2148	9	10.073933991210517
149	1149	2149	9	20.44857528589997
150	1150	2150	9	19.11619445863522
151	1151	2151	9	57.38779711962374
152	1152	2152	9	10.315922755927843
153	1153	2153	9	10.396358119969472
154	1154	2154	9	22.95298714429149
155	1155	2155	9	18.556194602786203
156	1156	2156	9	561.0914993409134
157	1157	2157	9	16.107338884884335
158	1158	2158	9	562.0127896249714
159	1159	2159	9	32.77840915124653
160	1160	2160	9	21.24717671123273
161	1161	2161	9	21.008601770574085
162	1162	2162	9	41.14194979173918
163	1163	2163	9	85.57392912023919
164	1164	2164	9	126.19165745837267
165	1165	2165	9	41.27817778944888
166	1166	2166	9	13.15171851156159
167	1167	2167	9	23.380584996541973
168	1168	2168	9	21.534573445037577
169	1169	2169	9	38.226583718089145
170	1170	2170	9	5.898151784366467
171	1171	2171	9	12.534684059687471
172	1172	2172	9	20.431837270434848
173	1173	2173	9	45.29685685336316
174	1174	2174	9	20.558543487339456
175	1175	2175	9	24.787348759863928
176	1176	2176	9	60.53451369721497
177	1177	2177	9	39.751437927374084
178	1178	2178	9	24.543767439926985
179	1179	2179	9	10.248431586310602
180	1180	2180	9	20.00686522879769
181	1181	2181	9	18.172336845582816
182	1182	2182	9	22.49926629391499
183	1183	2183	9	37.3628117507988
184	1184	2184	9	72.41147319619066
185	1185	2185	9	15.450699082266844
186	1186	2186	9	5.934543714364157
187	1187	2187	9	159.54503239535484
188	1188	2188	9	18.86037805054698
189	1189	2189	9	241.61510281794952
190	1190	2190	9	99.08743014254856
191	1191	2191	9	13.761480689529442
192	1192	2192	9	225.42900840642938
193	1193	2193	9	31.331127789941046
194	1194	2194	9	38.189477030692935
195	1195	2195	9	13.042876406203142
196	1196	2196	9	8.683299019348965
197	1197	2197	9	73.33151190835493
198	1198	2198	9	21.062915946106713
199	1199	2199	9	18.867260452256957
200	1200	2200	9	19.498433386868367
201	1201	2201	9	24.80243875517284
202	1202	2202	9	8.557887561454846
203	1203	2203	9	19.659131756333885
204	1204	2204	9	22.64973346523027
205	1205	2205	9	16.64688474040432
206	1206	2206	9	24.224035177403223
207	1207	2207	9	33.848351080801095
208	1208	2208	9	64.0561557242326
209	1209	2209	9	49.12209608455839
210	1210	2210	9	208.92393170699233
211	1211	2211	9	39.98229138311329
212	1212	2212	9	39.14892950031246
213	1213	2213	9	11.207776429013395
214	1214	2214	9	19.85657033672868
215	1215	2215	9	34.30483030852308
216	1216	2216	9	11.260871869837459
217	1217	2217	9	15.43199952323996
218	1218	2218	9	16.393884253013137
219	1219	2219	9	24.96714608173251
220	1220	2220	9	25.353679970930166
221	1221	2221	9	112.60659988093836
222	1222	2222	9	50.2329657813138
223	1223	2223	9	136.1750983391556
224	1224	2224	9	26.033953443104473
225	1225	2225	9	9.282057076844756
226	1226	2226	9	61.72137604068076
227	1227	2227	9	19.813632653820576
228	1228	2228	9	11.927176033223027
229	1229	2229	9	33.545953105031856
230	1230	2230	9	49.924641892719194
231	1231	2231	9	30.96126776754964
232	1232	2232	9	36.48413240847816
233	1233	2233	9	25.97000266058926
234	1234	2234	9	17.66778658612099
235	1235	2235	9	862.2369051542962
236	1236	2236	9	20.347433100355254
237	1237	2237	9	31.87649020669819
238	1238	2238	9	40.58556784044746
239	1239	2239	9	8.954204936158419
240	1240	2240	9	26.000071867861593
241	1241	2241	9	20.90343202197309
242	1242	2242	9	16.71172073525175
243	1243	2243	9	10.501109712740147
244	1244	2244	9	7.797776488074847
245	1245	2245	9	15.760796477174251
246	1246	2246	9	49.806365777416985
247	1247	2247	9	19.742374593756526
248	1248	2248	9	14.697103925100725
249	1249	2249	9	14.069317965087162
250	1250	2250	9	12.352221805074032
251	1251	2251	9	155.32084997820485
252	1252	2252	9	20.89174302837715
253	1253	2253	9	25.44646918901225
254	1254	2254	9	48.74846310296409
255	1255	2255	9	40.88083122320065
256	1256	2256	9	48.66432858708713
257	1257	2257	9	19.9269425084835
258	1258	2258	9	16.388172441612724
259	1259	2259	9	18.059189897462108
260	1260	2260	9	18.644777449581124
261	1261	2261	9	49.50314657125211
262	1262	2262	9	79.63347791272679
263	1263	2263	9	25.005953642446762
264	1264	2264	9	10.14636186588219
265	1265	2265	9	20.142811551013647
266	1266	2266	9	24.840919647274536
267	1267	2267	9	250.06857683468638
268	1268	2268	9	50.343225979488906
269	1269	2269	9	12.822482209147514
270	1270	2270	9	12.699804447424171
271	1271	2271	9	141.80449065214384
272	1272	2272	9	78.8261737145285
273	1273	2273	9	158.4363332172493
274	1274	2274	9	27.04066114929667
275	1275	2275	9	39.34687896756576
276	1276	2276	9	23.901463076161598
277	1277	2277	9	24.935955978982566
278	1278	2278	9	19.68982812484536
279	1279	2279	9	39.54590391999673
280	1280	2280	9	24.283980647342794
281	1281	2281	9	34.51189017135152
282	1282	2282	9	13.882035014415397
283	1283	2283	9	30.38454721703119
284	1284	2284	9	41.813212989674575
285	1285	2285	9	13.880284325244066
286	1286	2286	9	25.624386798688654
287	1287	2287	9	33.606273122419005
288	1288	2288	9	18.233983258460874
289	1289	2289	9	33.33243465437503
290	1290	2290	9	338.982958145895
291	1291	2291	9	16.911598589897608
292	1292	2292	9	49.52948930267147
293	1293	2293	9	9.214296083269696
294	1294	2294	9	62.04116041032663
295	1295	2295	9	12.00502948813206
296	1296	2296	9	15.184461885664518
297	1297	2297	9	26.46166394969154
298	1298	2298	9	25.211427208145874
299	1299	2299	9	30.41647361974367
300	1300	2300	9	25.96503790456726
301	1301	2301	9	25.110694858322617
302	1302	2302	9	39.98169291813047
303	1303	2303	9	225.0695681254063
304	1304	2304	9	56.55763195405503
305	1305	2305	9	40.489286239687075
306	1306	2306	9	35.8744282980515
307	1307	2307	9	80.89184649058214
308	1308	2308	9	26.373018448525617
309	1309	2309	9	51.17336588698866
310	1310	2310	9	17.55573831399627
311	1311	2311	9	51.267319786673156
312	1312	2312	9	31.411183938523674
313	1313	2313	9	39.83795788812834
314	1314	2314	9	11.93755827226133
315	1315	2315	9	33.476582562847405
316	1316	2316	9	38.934144013296454
317	1317	2317	9	50.59522940942979
318	1318	2318	9	30.411281418893232
319	1319	2319	9	72.42726591664821
320	1320	2320	9	49.628030496003305
321	1321	2321	9	23.84533048837115
322	1322	2322	9	80.0423993093369
323	1323	2323	9	100.0768543868748
324	1324	2324	9	17.529379870879264
325	1325	2325	9	12.381683439987958
326	1326	2326	9	7.646268058469079
327	1327	2327	9	27.463704870907943
328	1328	2328	9	80.6191287961247
329	1329	2329	9	14.306727968291154
330	1330	2330	9	11.969460160371826
331	1331	2331	9	9.821411133035916
332	1332	2332	9	112.6781916660143
333	1333	2333	9	24.15036619439956
334	1334	2334	9	8.834555824642662
335	1335	2335	9	68.99001535742802
336	1336	2336	9	15.33283967257601
337	1337	2337	9	37.16943065275735
338	1338	2338	9	22.433752911749828
339	1339	2339	9	78.7698416526631
340	1340	2340	9	61.355094682862635
341	1341	2341	9	20.193878005561647
342	1342	2342	9	72.94377128285767
343	1343	2343	9	37.69475429688571
344	1344	2344	9	72.3137210557689
345	1345	2345	9	23.972967455560347
346	1346	2346	9	21.786176389967018
347	1347	2347	9	74.91515480732613
348	1348	2348	9	9.685941620182652
349	1349	2349	9	22.494853442750944
350	1350	2350	9	40.05022375263688
351	1351	2351	9	141.6339932239742
352	1352	2352	9	56.211252864444056
353	1353	2353	9	73.64900265876764
354	1354	2354	9	7.332141124868482
355	1355	2355	9	76.83880231258016
356	1356	2356	9	119.12594722173257
357	1357	2357	9	21.031006084050215
358	1358	2358	9	26.14271228798344
359	1359	2359	9	12.425849488385591
360	1360	2360	9	34.45579903608828
361	1361	2361	9	15.864028064265758
362	1362	2362	9	12.602101036090893
363	1363	2363	9	24.475380042404325
364	1364	2364	9	10.754142602395856
365	1365	2365	9	14.296280737380581
366	1366	2366	9	90.76031537959922
367	1367	2367	9	95.24627263095277
368	1368	2368	9	200.29737519236622
369	1369	2369	9	24.309538573063506
370	1370	2370	9	155.60554848530097
371	1371	2371	9	40.6763375447339
372	1372	2372	9	17.71846285552685
373	1373	2373	9	81.76725260761583
374	1374	2374	9	18.579145112715675
375	1375	2375	9	8.192637760273444
376	1376	2376	9	17.040113404514624
377	1377	2377	9	399.7126797155551
378	1378	2378	9	19.917643221693048
379	1379	2379	9	18.250753652347374
380	1380	2380	9	7.860953833304699
381	1381	2381	9	84.59793383770854
382	1382	2382	9	30.08920811926532
383	1383	2383	9	39.571265207341675
384	1384	2384	9	91.16976324077227
385	1385	2385	9	79.94537446206361
386	1386	2386	9	10.494565270263283
387	1387	2387	9	18.799488449967086
388	1388	2388	9	39.22727599935536
389	1389	2389	9	21.13467226376634
390	1390	2390	9	46.439324651695735
391	1391	2391	9	81.9717547885903
392	1392	2392	9	43.102139697120634
393	1393	2393	9	39.817412613770415
394	1394	2394	9	8.23396792032725
395	1395	2395	9	81.82013487224361
396	1396	2396	9	9.05809606100529
397	1397	2397	9	21.36429014327638
398	1398	2398	9	18.77642512867735
399	1399	2399	9	49.28495297131067
400	1400	2400	9	11.93235906284438
401	1401	2401	9	9.58834739181561
402	1402	2402	9	10.705241344547428
403	1403	2403	9	312.7410680956577
404	1404	2404	9	80.54162255182452
405	1405	2405	9	31.90703829142778
406	1406	2406	9	56.714232988476056
407	1407	2407	9	22.538113452733068
408	1408	2408	9	8.043550471102817
409	1409	2409	9	11.933539138787646
410	1410	2410	9	83.02362820762507
411	1411	2411	9	25.6331133129835
412	1412	2412	9	14.507317434241866
413	1413	2413	9	99.75884325222887
414	1414	2414	9	15.068410778830357
415	1415	2415	9	9.34325782968255
416	1416	2416	9	47.52694456408815
417	1417	2417	9	25.696137113088387
418	1418	2418	9	12.513078555518712
419	1419	2419	9	8.723373501816726
420	1420	2420	9	401.1521421961734
421	1421	2421	9	47.7285189167294
422	1422	2422	9	40.328413299025655
423	1423	2423	9	16.1643046158425
424	1424	2424	9	10.426609660272222
425	1425	2425	9	23.934167750906212
426	1426	2426	9	15.891050240887342
427	1427	2427	9	201.11125742160394
428	1428	2428	9	40.85799193381274
429	1429	2429	9	19.10868154359695
430	1430	2430	9	25.437958727263375
431	1431	2431	9	19.45403954080678
432	1432	2432	9	39.459901755578834
433	1433	2433	9	11.752967443101827
434	1434	2434	9	35.67800121936946
435	1435	2435	9	31.655437541278157
436	1436	2436	9	30.569363399522807
437	1437	2437	9	25.756372322453885
438	1438	2438	9	42.67890472931704
439	1439	2439	9	16.896984533488254
440	1440	2440	9	37.98689515109523
441	1441	2441	9	20.956008125588724
442	1442	2442	9	9.526379728796119
443	1443	2443	9	9.80838512619549
444	1444	2444	9	7.362039371507457
445	1445	2445	9	18.396462730183014
446	1446	2446	9	51.396119995057774
447	1447	2447	9	79.82981528463
448	1448	2448	9	126.15930915878485
449	1449	2449	9	13.900537874158793
450	1450	2450	9	20.97456989058492
451	1451	2451	9	50.46480948939856
452	1452	2452	9	141.87813158756643
453	1453	2453	9	19.37487854839405
454	1454	2454	9	25.115304483471586
455	1455	2455	9	52.06324077887705
456	1456	2456	9	63.35206552248442
457	1457	2457	9	37.01534247452566
458	1458	2458	9	17.162474858849254
459	1459	2459	9	39.89807180173774
460	1460	2460	9	51.10736414425774
461	1461	2461	9	11.346259602311646
462	1462	2462	9	10.192230307551744
463	1463	2463	9	32.2152120735571
464	1464	2464	9	13.092023783508802
465	1465	2465	9	20.169335732098162
466	1466	2466	9	38.6352481618367
467	1467	2467	9	49.04937118098632
468	1468	2468	9	19.66603089366525
469	1469	2469	9	9.04028768316944
470	1470	2470	9	33.209656160513504
471	1471	2471	9	18.248591336956746
472	1472	2472	9	22.142534286500215
473	1473	2473	9	19.403521797866368
474	1474	2474	9	20.343876140543912
475	1475	2475	9	23.306808889201953
476	1476	2476	9	8.094353547391202
477	1477	2477	9	37.83509148309301
478	1478	2478	9	11.106042943385217
479	1479	2479	9	20.212654889283257
480	1480	2480	9	28.28169307921316
481	1481	2481	9	19.476018371688053
482	1482	2482	9	31.889561919266242
483	1483	2483	9	124.63232596681517
484	1484	2484	9	108.4350908149988
485	1485	2485	9	160.5232248821078
486	1486	2486	9	18.607994488670794
487	1487	2487	9	32.72197840610761
488	1488	2488	9	33.463053413495075
489	1489	2489	9	41.41939691519115
490	1490	2490	9	8.26933312536514
491	1491	2491	9	10.914228418327058
492	1492	2492	9	178.83033395178924
493	1493	2493	9	18.56929309468397
494	1494	2494	9	35.275060198458085
495	1495	2495	9	85.01295802717188
496	1496	2496	9	10.155120563417933
497	1497	2497	9	55.49473884635057
498	1498	2498	9	101.43091205337488
499	1499	2499	9	179.78011644968754
500	1500	2500	9	45.316261031027516
501	1501	2501	9	19.14042851043082
502	1502	2502	9	10.278141484336047
503	1503	2503	9	9.356636244112199
504	1504	2504	9	37.95009363215147
505	1505	2505	9	88.5137672334185
506	1506	2506	9	20.711968421851644
507	1507	2507	9	5.550926027822964
508	1508	2508	9	9.343362650555827
509	1509	2509	9	127.08798436191427
510	1510	2510	9	20.676179520271003
511	1511	2511	9	100.27203291524724
512	1512	2512	9	19.536534462675096
513	1513	2513	9	44.95889645719063
514	1514	2514	9	53.447323274521146
515	1515	2515	9	17.423360752274135
516	1516	2516	9	15.211274037038049
517	1517	2517	9	19.82081833478232
518	1518	2518	9	40.6737621906594
519	1519	2519	9	20.518330876533877
520	1520	2520	9	79.41486280222354
521	1521	2521	9	17.77179892662624
522	1522	2522	9	78.30601525528074
523	1523	2523	9	62.49576582697427
524	1524	2524	9	25.215648240134264
525	1525	2525	9	43.20546362543187
526	1526	2526	9	758.4360801859692
527	1527	2527	9	80.38439317838511
528	1528	2528	9	43.067645688830126
529	1529	2529	9	21.787559337558537
530	1530	2530	9	10.425950376989618
531	1531	2531	9	30.929832345953773
532	1532	2532	9	100.3682386354236
533	1533	2533	9	16.3993246968912
534	1534	2534	9	39.69438473989052
535	1535	2535	9	13.606624335758125
536	1536	2536	9	9.58613802320418
537	1537	2537	9	62.56777302107405
538	1538	2538	9	79.52181130969421
539	1539	2539	9	25.251625742464036
540	1540	2540	9	42.08920379451534
541	1541	2541	9	7.523357162354125
542	1542	2542	9	14.247765294052174
543	1543	2543	9	9.290471612807869
544	1544	2544	9	189.5114987547655
545	1545	2545	9	24.18934107535614
546	1546	2546	9	98.3823812165005
547	1547	2547	9	52.08901420473625
548	1548	2548	9	11.154999327194957
549	1549	2549	9	139.0588089341746
550	1550	2550	9	20.763557881012094
551	1551	2551	9	25.733182469222545
552	1552	2552	9	99.30089754074919
553	1553	2553	9	19.899842059123248
554	1554	2554	9	15.394649550222198
555	1555	2555	9	20.236026145867466
556	1556	2556	9	11.637871309431405
557	1557	2557	9	8.776714367938794
558	1558	2558	9	25.470698514044095
559	1559	2559	9	399.1830228573722
560	1560	2560	9	9.55048494483144
561	1561	2561	9	99.85807463106684
562	1562	2562	9	45.610033160195066
563	1563	2563	9	79.29356975764792
564	1564	2564	9	9.330156008874473
565	1565	2565	9	249.1782970596177
566	1566	2566	9	39.64200013746751
567	1567	2567	9	20.310431372866987
568	1568	2568	9	19.432132450532432
569	1569	2569	9	99.93026964875972
570	1570	2570	9	20.68850127334817
571	1571	2571	9	26.433548377899754
572	1572	2572	9	79.4894878603339
573	1573	2573	9	35.33846159859741
574	1574	2574	9	11.841885484819949
575	1575	2575	9	20.028932220006084
576	1576	2576	9	31.054911540292924
577	1577	2577	9	20.11514050307477
578	1578	2578	9	20.49593765908486
579	1579	2579	9	59.756584084425675
580	1580	2580	9	19.618648164790766
581	1581	2581	9	160.92029480613644
582	1582	2582	9	26.199343338300572
583	1583	2583	9	12.892768353287783
584	1584	2584	9	92.74676247326431
585	1585	2585	9	7.8662532283065945
586	1586	2586	9	15.113735480767872
587	1587	2587	9	11.336367171628996
588	1588	2588	9	40.65688757123924
589	1589	2589	9	50.82740347242406
590	1590	2590	9	12.015713978591052
591	1591	2591	9	19.480848252894987
592	1592	2592	9	40.17872486006739
593	1593	2593	9	20.30252805059057
594	1594	2594	9	89.71886244414735
595	1595	2595	9	10.417915772848781
596	1596	2596	9	19.872746581045504
597	1597	2597	9	20.81352951765364
598	1598	2598	9	25.842911130166552
599	1599	2599	9	64.7575859545719
600	1600	2600	9	25.36477347436942
601	1601	2601	9	21.50213454120777
602	1602	2602	9	8.309103243097315
603	1603	2603	9	13.230691989207264
604	1604	2604	9	40.91474046593937
605	1605	2605	9	26.45121443478801
606	1606	2606	9	40.09346262208661
607	1607	2607	9	10.724059972474693
608	1608	2608	9	9.243051317519996
609	1609	2609	9	25.763464235979317
610	1610	2610	9	23.657032712227704
611	1611	2611	9	319.7874534403723
612	1612	2612	9	128.2921450466396
613	1613	2613	9	47.59396758321145
614	1614	2614	9	40.96438576962823
615	1615	2615	9	43.55137640618695
616	1616	2616	9	79.10052351255787
617	1617	2617	9	16.91787490729794
618	1618	2618	9	19.0009173966395
619	1619	2619	9	35.52293897420453
620	1620	2620	9	21.407354292392636
621	1621	2621	9	20.82354554376411
622	1622	2622	9	61.49108205512531
623	1623	2623	9	19.619135611026028
624	1624	2624	9	31.259812827855654
625	1625	2625	9	38.42416061083687
626	1626	2626	9	25.19784778166433
627	1627	2627	9	9.668938890912212
628	1628	2628	9	12.660086029641075
629	1629	2629	9	51.46079169191614
630	1630	2630	9	101.17519252705267
631	1631	2631	9	36.128223592715266
632	1632	2632	9	8.006039808941338
633	1633	2633	9	25.0026468833629
634	1634	2634	9	12.261795567490754
635	1635	2635	9	62.9504364441414
636	1636	2636	9	129.25061408255218
637	1637	2637	9	12.14925168162897
638	1638	2638	9	159.28947416843786
639	1639	2639	9	10.398736072197053
640	1640	2640	9	19.951221747592413
641	1641	2641	9	40.09031037391228
642	1642	2642	9	9.338908661332923
643	1643	2643	9	100.87051645029085
644	1644	2644	9	59.056806975575654
645	1645	2645	9	9.73626350433393
646	1646	2646	9	9.160883731897728
647	1647	2647	9	50.644025800413466
648	1648	2648	9	9.049653550443395
649	1649	2649	9	102.3795094450936
650	1650	2650	9	20.50008394506901
651	1651	2651	9	19.89789440887938
652	1652	2652	9	155.46566281166147
653	1653	2653	9	10.264560772085112
654	1654	2654	9	20.491387916904653
655	1655	2655	9	55.62788492036851
656	1656	2656	9	19.058367112364103
657	1657	2657	9	19.513229022715358
658	1658	2658	9	8.078536054906095
659	1659	2659	9	19.273435144417103
660	1660	2660	9	15.808947180736443
661	1661	2661	9	40.53036440363314
662	1662	2662	9	70.54152997759212
663	1663	2663	9	71.92804807347471
664	1664	2664	9	14.549213669406951
665	1665	2665	9	100.7552565383567
666	1666	2666	9	18.97158301300993
667	1667	2667	9	25.099308489001395
668	1668	2668	9	27.224043581685695
669	1669	2669	9	110.03991404636254
670	1670	2670	9	12.005806425199026
671	1671	2671	9	25.206609804063657
672	1672	2672	9	55.328919000237086
673	1673	2673	9	33.231964204820294
674	1674	2674	9	8.808227436020692
675	1675	2675	9	101.98405652547207
676	1676	2676	9	6.499270048117519
677	1677	2677	9	26.52035179490411
678	1678	2678	9	9.73637621343336
679	1679	2679	9	12.733337234070834
680	1680	2680	9	100.70309871469108
681	1681	2681	9	48.37340061139788
682	1682	2682	9	27.450179361848352
683	1683	2683	9	15.368515589577218
684	1684	2684	9	10.610059813322609
685	1685	2685	9	24.505108705519927
686	1686	2686	9	93.75693094665682
687	1687	2687	9	14.010523511833176
688	1688	2688	9	19.29652109482511
689	1689	2689	9	30.54097050251605
690	1690	2690	9	17.981940355137123
691	1691	2691	9	82.21417895942761
692	1692	2692	9	23.73946713687341
693	1693	2693	9	17.157556813291585
694	1694	2694	9	16.724236201242142
695	1695	2695	9	8.19355716212914
696	1696	2696	9	8.363354483074819
697	1697	2697	9	20.62002829516896
698	1698	2698	9	24.742911365949087
699	1699	2699	9	39.58492764853345
700	1700	2700	9	33.83281188486105
701	1701	2701	9	18.840976376545918
702	1702	2702	9	5.842155293521993
703	1703	2703	9	18.8663945773923
704	1704	2704	9	199.28429227456434
705	1705	2705	9	499.5686739409771
706	1706	2706	9	9.488425473106108
707	1707	2707	9	77.9722951387943
708	1708	2708	9	15.817829992199378
709	1709	2709	9	39.058569923190305
710	1710	2710	9	201.73063199846933
711	1711	2711	9	16.62836883771858
712	1712	2712	9	20.012741181189035
713	1713	2713	9	17.614849703517947
714	1714	2714	9	100.87377654377553
715	1715	2715	9	38.219926778999664
716	1716	2716	9	10.537435186369017
717	1717	2717	9	24.442903502500855
718	1718	2718	9	7.5865623920199745
719	1719	2719	9	7.198483418289138
720	1720	2720	9	76.3615123640216
721	1721	2721	9	21.250999226702582
722	1722	2722	9	24.4585301872945
723	1723	2723	9	19.37366481290509
724	1724	2724	9	11.073890605894826
725	1725	2725	9	9.53069753813732
726	1726	2726	9	40.03056851903866
727	1727	2727	9	11.387676207315195
728	1728	2728	9	16.141823495341793
729	1729	2729	9	38.22367119108102
730	1730	2730	9	16.25999020143868
731	1731	2731	9	39.192170309581705
732	1732	2732	9	49.14905423709668
733	1733	2733	9	39.52472549550004
734	1734	2734	9	26.12557186445002
735	1735	2735	9	80.51490612642861
736	1736	2736	9	32.91666713125856
737	1737	2737	9	26.05908505489346
738	1738	2738	9	20.47818576025279
739	1739	2739	9	38.493971230438106
740	1740	2740	9	9.491940310322512
741	1741	2741	9	25.883812886457395
742	1742	2742	9	10.19950725809944
743	1743	2743	9	14.355578034708193
744	1744	2744	9	12.06413445120897
745	1745	2745	9	20.078241036942842
746	1746	2746	9	24.953933085790247
747	1747	2747	9	100.70356114648571
748	1748	2748	9	15.929323487752804
749	1749	2749	9	67.5572090590619
750	1750	2750	9	80.39399034699969
751	1751	2751	9	45.15967600801074
752	1752	2752	9	38.055461099384786
753	1753	2753	9	50.26129467279396
754	1754	2754	9	41.576358071473464
755	1755	2755	9	25.532096387479108
756	1756	2756	9	74.31491384472193
757	1757	2757	9	41.75398220659463
758	1758	2758	9	21.76719367956397
759	1759	2759	9	17.89162106286663
760	1760	2760	9	19.918609987177682
761	1761	2761	9	26.328048398363233
762	1762	2762	9	50.866477537834406
763	1763	2763	9	24.759100076547032
764	1764	2764	9	247.6800343358339
765	1765	2765	9	128.83651815605234
766	1766	2766	9	99.97331490746573
767	1767	2767	9	23.46732630028951
768	1768	2768	9	8.712392954220277
769	1769	2769	9	32.37495517230789
770	1770	2770	9	9.13989388657652
771	1771	2771	9	25.171846820956716
772	1772	2772	9	80.24440482791105
773	1773	2773	9	25.071637913946383
774	1774	2774	9	49.02943360240791
775	1775	2775	9	35.57036078385539
776	1776	2776	9	39.577223606827594
777	1777	2777	9	18.836673822735875
778	1778	2778	9	190.95638160030416
779	1779	2779	9	9.458277020905747
780	1780	2780	9	99.49795940263589
781	1781	2781	9	25.87334077414141
782	1782	2782	9	25.810954682050344
783	1783	2783	9	32.403288107941506
784	1784	2784	9	100.46716389455436
785	1785	2785	9	24.269775424910403
786	1786	2786	9	10.516556449629006
787	1787	2787	9	99.59386067896101
788	1788	2788	9	20.27906458730952
789	1789	2789	9	76.51255642789852
790	1790	2790	9	160.7367914918522
791	1791	2791	9	44.95294074758947
792	1792	2792	9	40.85450503629606
793	1793	2793	9	41.70433787938741
794	1794	2794	9	124.87364153429833
795	1795	2795	9	24.55159226566519
796	1796	2796	9	19.2420891570076
797	1797	2797	9	10.019955214988665
798	1798	2798	9	100.80168474102625
799	1799	2799	9	10.76903723124487
800	1800	2800	9	15.824744202615179
801	1801	2801	9	48.297723851978304
802	1802	2802	9	14.668759082050087
803	1803	2803	9	14.266317033372202
804	1804	2804	9	11.749084180962786
805	1805	2805	9	40.84789834398683
806	1806	2806	9	19.687761436045268
807	1807	2807	9	7.49591864616027
808	1808	2808	9	99.76084744738006
809	1809	2809	9	40.38862250016045
810	1810	2810	9	13.647986292905708
811	1811	2811	9	67.21905476217762
812	1812	2812	9	39.67748375398718
813	1813	2813	9	9.795191653731363
814	1814	2814	9	74.18310716479716
815	1815	2815	9	24.965579415008488
816	1816	2816	9	11.286320200841871
817	1817	2817	9	40.67854547189779
818	1818	2818	9	15.27346660374144
819	1819	2819	9	26.56605572549095
820	1820	2820	9	68.85965158946127
821	1821	2821	9	19.055101073955427
822	1822	2822	9	12.412116118841704
823	1823	2823	9	160.42058481240247
824	1824	2824	9	41.514478363654334
825	1825	2825	9	71.62915190539957
826	1826	2826	9	39.28517400348725
827	1827	2827	9	20.03120988818508
828	1828	2828	9	100.26805998353018
829	1829	2829	9	124.88089411828307
830	1830	2830	9	20.109662611620294
831	1831	2831	9	24.117817719538767
832	1832	2832	9	39.5353615422507
833	1833	2833	9	200.05775001328806
834	1834	2834	9	24.882263803403735
835	1835	2835	9	799.7682969819838
836	1836	2836	9	9.441821773090167
837	1837	2837	9	18.880423884116553
838	1838	2838	9	8.863241759519978
839	1839	2839	9	8.962999102964703
840	1840	2840	9	66.22122553874776
841	1841	2841	9	24.55623233708086
842	1842	2842	9	8.770833052574918
843	1843	2843	9	18.694279436733783
844	1844	2844	9	100.14751413545042
845	1845	2845	9	124.26948814568861
846	1846	2846	9	123.55184646516237
847	1847	2847	9	49.57855800822804
848	1848	2848	9	12.178959448217915
849	1849	2849	9	46.388032410865584
850	1850	2850	9	10.447390552528477
851	1851	2851	9	32.4112134615365
852	1852	2852	9	11.426808421075018
853	1853	2853	9	9.886873604517271
854	1854	2854	9	125.35354921081667
855	1855	2855	9	9.410374202147647
856	1856	2856	9	101.81681660117016
857	1857	2857	9	24.432081810008683
858	1858	2858	9	10.732696907727856
859	1859	2859	9	306.90465964776007
860	1860	2860	9	49.85611952187215
861	1861	2861	9	10.435138189705214
862	1862	2862	9	98.9289459881618
863	1863	2863	9	81.08699924590316
864	1864	2864	9	20.281154987018592
865	1865	2865	9	98.58127458465567
866	1866	2866	9	62.98488003141662
867	1867	2867	9	132.36624257048737
868	1868	2868	9	15.469253240988374
869	1869	2869	9	10.628008513004756
870	1870	2870	9	39.77716567427171
871	1871	2871	9	62.69134252046763
872	1872	2872	9	20.629420739381008
873	1873	2873	9	11.704969804323614
874	1874	2874	9	22.64916465801212
875	1875	2875	9	45.857242601227334
876	1876	2876	9	20.320583572294577
877	1877	2877	9	100.13550385845856
878	1878	2878	9	105.93822082909298
879	1879	2879	9	51.30356208082834
880	1880	2880	9	18.653027243086648
881	1881	2881	9	20.94735139866723
882	1882	2882	9	20.071147286347117
883	1883	2883	9	20.37230208786737
884	1884	2884	9	14.221602797556864
885	1885	2885	9	19.862690269868384
886	1886	2886	9	8.056858500717585
887	1887	2887	9	38.85963191300359
888	1888	2888	9	50.1725032524586
889	1889	2889	9	72.02333206194125
890	1890	2890	9	15.6833940007814
891	1891	2891	9	18.867105571361193
892	1892	2892	9	90.3360270592891
893	1893	2893	9	37.01715517204555
894	1894	2894	9	36.900177863170164
895	1895	2895	9	50.43849672435929
896	1896	2896	9	19.23670998163656
897	1897	2897	9	20.891101400155684
898	1898	2898	9	10.073449697953755
899	1899	2899	9	51.27698686000214
900	1900	2900	9	45.408477882494374
901	1901	2901	9	70.09146418413077
902	1902	2902	9	13.74198151553162
903	1903	2903	9	40.515603472313195
904	1904	2904	9	598.2207344206286
905	1905	2905	9	16.90182485060507
906	1906	2906	9	41.022010391563605
907	1907	2907	9	39.51169599212657
908	1908	2908	9	124.32046679812781
909	1909	2909	9	18.58392065686055
910	1910	2910	9	62.05090284158887
911	1911	2911	9	9.45966079902944
912	1912	2912	9	19.74666449597773
913	1913	2913	9	9.815062514865367
914	1914	2914	9	12.079215262335019
915	1915	2915	9	246.0765816063979
916	1916	2916	9	19.030714042250615
917	1917	2917	9	100.32588421470845
918	1918	2918	9	68.47846366602111
919	1919	2919	9	31.471923596359684
920	1920	2920	9	31.687603711073436
921	1921	2921	9	48.70788325622619
922	1922	2922	9	48.90268839195012
923	1923	2923	9	11.43101114510503
924	1924	2924	9	17.25250637407126
925	1925	2925	9	20.962313284973195
926	1926	2926	9	90.51179348130668
927	1927	2927	9	26.799583807020394
928	1928	2928	9	20.456498114515004
929	1929	2929	9	17.58953300119704
930	1930	2930	9	61.292586468312926
931	1931	2931	9	19.824175860386624
932	1932	2932	9	39.22187077364938
933	1933	2933	9	51.34067179635551
934	1934	2934	9	125.6542204146034
935	1935	2935	9	10.401605098443612
936	1936	2936	9	56.855011935371444
937	1937	2937	9	26.59112350731386
938	1938	2938	9	19.767386175850685
939	1939	2939	9	34.04131195261029
940	1940	2940	9	49.247682414917655
941	1941	2941	9	124.56620469903507
942	1942	2942	9	11.70175357654937
943	1943	2943	9	23.555956158616613
944	1944	2944	9	24.793434302718563
945	1945	2945	9	26.553636543617504
946	1946	2946	9	62.16352349472137
947	1947	2947	9	22.040813244029728
948	1948	2948	9	62.05121853620965
949	1949	2949	9	101.76574437388767
950	1950	2950	9	38.13544028408565
951	1951	2951	9	38.34532701985892
952	1952	2952	9	33.75470972930006
953	1953	2953	9	75.90944959300246
954	1954	2954	9	8.844732454299539
955	1955	2955	9	11.744297275545868
956	1956	2956	9	62.26919002589276
957	1957	2957	9	42.286285747037695
958	1958	2958	9	9.02663064279842
959	1959	2959	9	19.67136479669073
960	1960	2960	9	9.09317566208621
961	1961	2961	9	8.6579423193738
962	1962	2962	9	19.517391546646078
963	1963	2963	9	20.559501553823697
964	1964	2964	9	8.380640070920707
965	1965	2965	9	10.31767548382396
966	1966	2966	9	25.397391667586113
967	1967	2967	9	18.960844582175017
968	1968	2968	9	18.73369069689588
969	1969	2969	9	34.566505812208305
970	1970	2970	9	20.675005044786083
971	1971	2971	9	17.675898367924667
972	1972	2972	9	20.637736175244186
973	1973	2973	9	2400.4293255583307
974	1974	2974	9	19.734473058693908
975	1975	2975	9	10.697596522505476
976	1976	2976	9	15.664747564915151
977	1977	2977	9	43.59960765848986
978	1978	2978	9	51.48187426087242
979	1979	2979	9	16.944551785684368
980	1980	2980	9	15.760320840316346
981	1981	2981	9	87.03825849692488
982	1982	2982	9	23.788066993297527
983	1983	2983	9	63.35458911872922
984	1984	2984	9	25.044904161678563
985	1985	2985	9	19.78147215092704
986	1986	2986	9	99.45482152793139
987	1987	2987	9	40.218569719694784
988	1988	2988	9	6.250984364072675
989	1989	2989	9	11.060008036309231
990	1990	2990	9	39.89179766633996
991	1991	2991	9	20.62827298520062
992	1992	2992	9	79.84527928049046
993	1993	2993	9	24.10202938497168
994	1994	2994	9	41.42090073386213
995	1995	2995	9	13.005913376881018
996	1996	2996	9	101.81964790566764
997	1997	2997	9	39.89726909407291
998	1998	2998	9	126.40456508956288
999	1999	2999	9	20.230750528461765
1000	2000	3000	9	16.029416755860385
