ind_ID	father_ID	mother_ID	Sex	Phenotype
0	1000	2000	-1	31.29778333740551
1	1001	2001	-1	9.254028538864116
2	1002	2002	-1	12.847745083670448
3	1003	2003	-1	9.974363060628482
4	1004	2004	-1	10.091014965470153
5	1005	2005	-1	13.76127722123157
6	1006	2006	-1	11.23891571352665
7	1007	2007	-1	11.336358068199647
8	1008	2008	-1	11.551461473343512
9	1009	2009	-1	12.27015070277058
10	1010	2010	-1	7.593265144691812
11	1011	2011	-1	10.868086746721131
12	1012	2012	-1	12.07562539681105
13	1013	2013	-1	31.796269671971263
14	1014	2014	-1	9.24827894465112
15	1015	2015	-1	36.22368784318332
16	1016	2016	-1	13.238218122377551
17	1017	2017	-1	12.682778131468247
18	1018	2018	-1	9.364920290485502
19	1019	2019	-1	10.276085225424188
20	1020	2020	-1	10.15272526536003
21	1021	2021	-1	9.15807020456397
22	1022	2022	-1	9.85712105363206
23	1023	2023	-1	10.34267541776577
24	1024	2024	-1	12.4006358877948
25	1025	2025	-1	9.47681885810089
26	1026	2026	-1	21.29826195415211
27	1027	2027	-1	9.034153269439274
28	1028	2028	-1	9.20845316190036
29	1029	2029	-1	35.68127045145187
30	1030	2030	-1	30.804116404960073
31	1031	2031	-1	9.392661099893077
32	1032	2032	-1	11.365042258331277
33	1033	2033	-1	30.508862247525176
34	1034	2034	-1	10.29263353114558
35	1035	2035	-1	12.86562712938804
36	1036	2036	-1	10.246227181737792
37	1037	2037	-1	9.919954946667733
38	1038	2038	-1	10.119363350811236
39	1039	2039	-1	10.392616844231009
40	1040	2040	-1	29.490784896390164
41	1041	2041	-1	11.695819468865555
42	1042	2042	-1	13.028602778087755
43	1043	2043	-1	9.980705351578615
44	1044	2044	-1	9.770247416474634
45	1045	2045	-1	13.344746107980814
46	1046	2046	-1	9.871696681590564
47	1047	2047	-1	9.296643194968047
48	1048	2048	-1	27.426134217561028
49	1049	2049	-1	9.458929922553494
50	1050	2050	-1	12.054665069904981
51	1051	2051	-1	8.885983625758552
52	1052	2052	-1	8.60961698219727
53	1053	2053	-1	29.502202141161025
54	1054	2054	-1	10.263528222115404
55	1055	2055	-1	10.99713281432583
56	1056	2056	-1	9.929493153586204
57	1057	2057	-1	13.695760549505733
58	1058	2058	-1	10.637148977957345
59	1059	2059	-1	9.141025838351187
60	1060	2060	-1	9.282629023373746
61	1061	2061	-1	9.318674825585287
62	1062	2062	-1	13.175916172048948
63	1063	2063	-1	11.722384528333938
64	1064	2064	-1	12.590757167102925
65	1065	2065	-1	13.907973190743393
66	1066	2066	-1	13.651786398804479
67	1067	2067	-1	14.282008745540628
68	1068	2068	-1	12.920653635219919
69	1069	2069	-1	29.797844764422596
70	1070	2070	-1	13.269086729552896
71	1071	2071	-1	12.39147073054021
72	1072	2072	-1	11.10528249278399
73	1073	2073	-1	29.309333627171906
74	1074	2074	-1	7.737136327479613
75	1075	2075	-1	15.68822752946268
76	1076	2076	-1	9.244696661661514
77	1077	2077	-1	9.836891452833127
78	1078	2078	-1	29.71958362909949
79	1079	2079	-1	10.854627726267747
80	1080	2080	-1	9.926380379618301
81	1081	2081	-1	8.613186983543098
82	1082	2082	-1	30.77999418943894
83	1083	2083	-1	9.890234687653926
84	1084	2084	-1	30.490469763508763
85	1085	2085	-1	32.2317500833944
86	1086	2086	-1	8.992857968973013
87	1087	2087	-1	29.625676192767514
88	1088	2088	-1	12.54297800557939
89	1089	2089	-1	10.812101028784317
90	1090	2090	-1	37.433634845784866
91	1091	2091	-1	10.885943553893934
92	1092	2092	-1	10.425289078282253
93	1093	2093	-1	11.017053106142708
94	1094	2094	-1	14.124545481071895
95	1095	2095	-1	10.07806410473581
96	1096	2096	-1	12.57226178716613
97	1097	2097	-1	11.851748388063958
98	1098	2098	-1	13.02932484109264
99	1099	2099	-1	9.349331751470574
100	1100	2100	-1	9.797308308116017
101	1101	2101	-1	11.740907224195823
102	1102	2102	-1	10.486807859848502
103	1103	2103	-1	10.926350837174228
104	1104	2104	-1	18.076939334470246
105	1105	2105	-1	11.467821035306937
106	1106	2106	-1	11.584606034057373
107	1107	2107	-1	13.487487545172316
108	1108	2108	-1	29.546181528153028
109	1109	2109	-1	9.455177301981573
110	1110	2110	-1	7.017315420827009
111	1111	2111	-1	11.312708189783997
112	1112	2112	-1	9.572307857325141
113	1113	2113	-1	12.108600271957615
114	1114	2114	-1	8.507922658733245
115	1115	2115	-1	9.43941940514634
116	1116	2116	-1	12.92768460013941
117	1117	2117	-1	30.14588708511773
118	1118	2118	-1	10.680590608117619
119	1119	2119	-1	12.645114989024426
120	1120	2120	-1	9.445577367707934
121	1121	2121	-1	12.220640516463856
122	1122	2122	-1	10.941726901818523
123	1123	2123	-1	8.906839643418808
124	1124	2124	-1	10.848043129446022
125	1125	2125	-1	12.898098832567074
126	1126	2126	-1	8.285392493791376
127	1127	2127	-1	31.727114278375737
128	1128	2128	-1	16.207503040974114
129	1129	2129	-1	9.768465702846996
130	1130	2130	-1	30.222897182170335
131	1131	2131	-1	14.465798776825936
132	1132	2132	-1	7.793221244506799
133	1133	2133	-1	12.143532862677247
134	1134	2134	-1	12.341569165863898
135	1135	2135	-1	10.14891029738818
136	1136	2136	-1	30.70419481564854
137	1137	2137	-1	12.196601044772526
138	1138	2138	-1	9.236589995726337
139	1139	2139	-1	10.01311109620113
140	1140	2140	-1	36.645310456539704
141	1141	2141	-1	29.716001440306233
142	1142	2142	-1	9.764085770320492
143	1143	2143	-1	12.06865936675771
144	1144	2144	-1	30.222945459272065
145	1145	2145	-1	9.847682316488498
146	1146	2146	-1	9.414371642736448
147	1147	2147	-1	13.118739170093669
148	1148	2148	-1	14.395955151365433
149	1149	2149	-1	10.06196926113016
150	1150	2150	-1	9.70863940171086
151	1151	2151	-1	13.906271413675402
152	1152	2152	-1	9.558640515112685
153	1153	2153	-1	9.737888632328062
154	1154	2154	-1	12.071864759195279
155	1155	2155	-1	30.05959724311204
156	1156	2156	-1	30.06662609308041
157	1157	2157	-1	38.434780501121715
158	1158	2158	-1	9.76024012781834
159	1159	2159	-1	31.724986259833308
160	1160	2160	-1	11.492238728634447
161	1161	2161	-1	12.570277311004078
162	1162	2162	-1	10.261429940017452
163	1163	2163	-1	10.601250698235061
164	1164	2164	-1	13.90979592816769
165	1165	2165	-1	8.076170018754068
166	1166	2166	-1	31.886716534852155
167	1167	2167	-1	12.579042922481133
168	1168	2168	-1	15.335809327926844
169	1169	2169	-1	29.860707633759628
170	1170	2170	-1	9.204606275116854
171	1171	2171	-1	11.546791388479276
172	1172	2172	-1	8.803098230380815
173	1173	2173	-1	12.205866024577684
174	1174	2174	-1	13.179546471532081
175	1175	2175	-1	12.014206382465769
176	1176	2176	-1	11.875629117808929
177	1177	2177	-1	10.991131520192146
178	1178	2178	-1	9.523404521162544
179	1179	2179	-1	11.237912626483157
180	1180	2180	-1	13.466925107894097
181	1181	2181	-1	14.459804370441494
182	1182	2182	-1	35.827043048051124
183	1183	2183	-1	36.64224032913918
184	1184	2184	-1	9.314533814211567
185	1185	2185	-1	29.82232258987165
186	1186	2186	-1	11.72686123623432
187	1187	2187	-1	11.083054618212307
188	1188	2188	-1	12.355113640970274
189	1189	2189	-1	11.224470730671024
190	1190	2190	-1	9.08747230851491
191	1191	2191	-1	17.694660760141602
192	1192	2192	-1	11.87782831503081
193	1193	2193	-1	10.64809977218683
194	1194	2194	-1	12.82087585143019
195	1195	2195	-1	7.936763941361083
196	1196	2196	-1	12.182832414210885
197	1197	2197	-1	10.437992442363948
198	1198	2198	-1	36.30518871698481
199	1199	2199	-1	9.529273580729166
200	1200	2200	-1	10.118621074008916
201	1201	2201	-1	14.665356696629667
202	1202	2202	-1	8.39734926151526
203	1203	2203	-1	9.213023661226783
204	1204	2204	-1	10.158605995737062
205	1205	2205	-1	9.56109370423279
206	1206	2206	-1	10.019760562099515
207	1207	2207	-1	12.305121279789148
208	1208	2208	-1	29.431573434315325
209	1209	2209	-1	16.784269103964938
210	1210	2210	-1	27.464226028487282
211	1211	2211	-1	9.986944780485688
212	1212	2212	-1	29.74001733111813
213	1213	2213	-1	37.30981814895712
214	1214	2214	-1	11.263344283877895
215	1215	2215	-1	11.098788528329639
216	1216	2216	-1	8.773373701665488
217	1217	2217	-1	9.423594865705963
218	1218	2218	-1	29.839634388813668
219	1219	2219	-1	11.940368789790691
220	1220	2220	-1	46.57748066952805
221	1221	2221	-1	28.701504098727458
222	1222	2222	-1	29.9503010550168
223	1223	2223	-1	8.259828969622848
224	1224	2224	-1	11.793348147566297
225	1225	2225	-1	30.70679195261568
226	1226	2226	-1	29.329534470716688
227	1227	2227	-1	10.375016633358097
228	1228	2228	-1	11.06498738070681
229	1229	2229	-1	10.8807739565638
230	1230	2230	-1	9.94114853929232
231	1231	2231	-1	13.764916638007607
232	1232	2232	-1	46.734174373945535
233	1233	2233	-1	29.502041643994822
234	1234	2234	-1	10.828208130831612
235	1235	2235	-1	17.463699111734005
236	1236	2236	-1	12.572639867726892
237	1237	2237	-1	9.682375078827128
238	1238	2238	-1	12.469501087139719
239	1239	2239	-1	10.376714498363972
240	1240	2240	-1	12.87242632705298
241	1241	2241	-1	10.48742771345591
242	1242	2242	-1	11.334838303213742
243	1243	2243	-1	12.945196662512814
244	1244	2244	-1	9.002819132892467
245	1245	2245	-1	29.49512637757109
246	1246	2246	-1	8.934373726083033
247	1247	2247	-1	12.462082493925829
248	1248	2248	-1	8.29962148555289
249	1249	2249	-1	12.618392157611817
250	1250	2250	-1	11.85761930189201
251	1251	2251	-1	14.252491259742715
252	1252	2252	-1	38.62657916566512
253	1253	2253	-1	13.502412416491826
254	1254	2254	-1	9.379805841085998
255	1255	2255	-1	12.282057670164741
256	1256	2256	-1	8.624334566584379
257	1257	2257	-1	13.537339255117075
258	1258	2258	-1	9.492307126475188
259	1259	2259	-1	10.68211163804179
260	1260	2260	-1	12.09316791108396
261	1261	2261	-1	37.111264962367045
262	1262	2262	-1	10.53477132129752
263	1263	2263	-1	8.827862429681433
264	1264	2264	-1	9.80642079968415
265	1265	2265	-1	12.885101993962202
266	1266	2266	-1	12.391094508645335
267	1267	2267	-1	8.451227885049942
268	1268	2268	-1	10.213656613264527
269	1269	2269	-1	18.279934671213695
270	1270	2270	-1	29.024973186411394
271	1271	2271	-1	9.690349185579853
272	1272	2272	-1	16.06423645721299
273	1273	2273	-1	38.39451809093189
274	1274	2274	-1	10.948891557607592
275	1275	2275	-1	8.996553145770894
276	1276	2276	-1	13.041985403232177
277	1277	2277	-1	14.383054762712579
278	1278	2278	-1	8.729988723219513
279	1279	2279	-1	10.924735973579677
280	1280	2280	-1	12.283998942336822
281	1281	2281	-1	9.857807678351174
282	1282	2282	-1	10.72827813757345
283	1283	2283	-1	37.07599756319685
284	1284	2284	-1	14.515057826770851
285	1285	2285	-1	10.95511838727549
286	1286	2286	-1	13.978425975508703
287	1287	2287	-1	12.490936113600553
288	1288	2288	-1	11.789478929630306
289	1289	2289	-1	12.858959983690289
290	1290	2290	-1	11.713056690514744
291	1291	2291	-1	11.746908337424182
292	1292	2292	-1	13.171969743829703
293	1293	2293	-1	10.060121241496972
294	1294	2294	-1	9.725413852504136
295	1295	2295	-1	11.036637203109915
296	1296	2296	-1	10.349190283135663
297	1297	2297	-1	14.21584490433531
298	1298	2298	-1	7.97516512873311
299	1299	2299	-1	11.223890851117922
300	1300	2300	-1	30.848229152882308
301	1301	2301	-1	9.449869323292727
302	1302	2302	-1	11.188572057817016
303	1303	2303	-1	11.500514228845741
304	1304	2304	-1	9.100103640747697
305	1305	2305	-1	9.950323323441863
306	1306	2306	-1	10.892174471353314
307	1307	2307	-1	37.433539063325604
308	1308	2308	-1	9.07822200328766
309	1309	2309	-1	11.85668531080421
310	1310	2310	-1	11.887177734631692
311	1311	2311	-1	12.041036500300272
312	1312	2312	-1	12.207821878396324
313	1313	2313	-1	30.517927562338755
314	1314	2314	-1	10.52220349036617
315	1315	2315	-1	11.343446683723732
316	1316	2316	-1	12.749415646962596
317	1317	2317	-1	9.908182012234676
318	1318	2318	-1	13.857174858289898
319	1319	2319	-1	8.764271670847382
320	1320	2320	-1	15.00850196358479
321	1321	2321	-1	12.158213872147806
322	1322	2322	-1	10.103389476872266
323	1323	2323	-1	30.528011316361162
324	1324	2324	-1	10.842786516915892
325	1325	2325	-1	11.401403817887083
326	1326	2326	-1	10.679239808499196
327	1327	2327	-1	28.603498198042384
328	1328	2328	-1	10.837270983758467
329	1329	2329	-1	31.10763615193303
330	1330	2330	-1	12.36393813069396
331	1331	2331	-1	9.668958126589953
332	1332	2332	-1	10.305438991926922
333	1333	2333	-1	11.441664660510288
334	1334	2334	-1	29.858630280890306
335	1335	2335	-1	10.96273633689241
336	1336	2336	-1	29.362757944087676
337	1337	2337	-1	13.14794677831672
338	1338	2338	-1	8.907940466665558
339	1339	2339	-1	11.71663079204161
340	1340	2340	-1	29.574345428722154
341	1341	2341	-1	9.69902178672039
342	1342	2342	-1	12.603881206563248
343	1343	2343	-1	28.747633261049007
344	1344	2344	-1	10.159180119535087
345	1345	2345	-1	10.431027827214244
346	1346	2346	-1	9.444682159044707
347	1347	2347	-1	10.460806468834576
348	1348	2348	-1	9.684596021253336
349	1349	2349	-1	9.688047927850821
350	1350	2350	-1	9.246250611921216
351	1351	2351	-1	10.477401744628002
352	1352	2352	-1	14.677787612412596
353	1353	2353	-1	10.035401390549522
354	1354	2354	-1	49.4176276541188
355	1355	2355	-1	14.131056552249373
356	1356	2356	-1	29.455837613729923
357	1357	2357	-1	8.649841418753581
358	1358	2358	-1	29.749265159076423
359	1359	2359	-1	30.643857896780844
360	1360	2360	-1	15.52845267806081
361	1361	2361	-1	13.883969061538563
362	1362	2362	-1	12.548818971099863
363	1363	2363	-1	11.761434128438012
364	1364	2364	-1	10.266459687980925
365	1365	2365	-1	7.435776803588033
366	1366	2366	-1	9.67600291107178
367	1367	2367	-1	15.65705178544493
368	1368	2368	-1	9.047922874333434
369	1369	2369	-1	31.6548922465083
370	1370	2370	-1	12.75418126247761
371	1371	2371	-1	9.648471104656368
372	1372	2372	-1	12.767348557492177
373	1373	2373	-1	13.570007247861561
374	1374	2374	-1	10.876567899145813
375	1375	2375	-1	10.214450277655443
376	1376	2376	-1	8.314482582826065
377	1377	2377	-1	29.76304074541317
378	1378	2378	-1	30.166920483190975
379	1379	2379	-1	9.650264956648902
380	1380	2380	-1	10.339172546094776
381	1381	2381	-1	15.160467243299772
382	1382	2382	-1	11.725841312736842
383	1383	2383	-1	10.62214540061045
384	1384	2384	-1	9.739640248646598
385	1385	2385	-1	7.681393075436617
386	1386	2386	-1	10.14659061343017
387	1387	2387	-1	39.23298691350956
388	1388	2388	-1	31.184530244401753
389	1389	2389	-1	8.801972351904709
390	1390	2390	-1	11.02747605351536
391	1391	2391	-1	10.378842996104654
392	1392	2392	-1	10.411842348424884
393	1393	2393	-1	11.977642072421908
394	1394	2394	-1	11.37041029938522
395	1395	2395	-1	9.43433005106138
396	1396	2396	-1	13.579172347527802
397	1397	2397	-1	12.482842304184954
398	1398	2398	-1	9.60476363123099
399	1399	2399	-1	11.038882390497436
400	1400	2400	-1	11.819794934908812
401	1401	2401	-1	10.243345238801325
402	1402	2402	-1	12.79905122416088
403	1403	2403	-1	12.220311678242803
404	1404	2404	-1	8.285011157135955
405	1405	2405	-1	9.45904011779316
406	1406	2406	-1	13.477663182237304
407	1407	2407	-1	37.2822103900562
408	1408	2408	-1	10.949782815567156
409	1409	2409	-1	10.793294797096483
410	1410	2410	-1	8.8079126400395
411	1411	2411	-1	9.586012446295221
412	1412	2412	-1	16.29054063846488
413	1413	2413	-1	38.50404741393493
414	1414	2414	-1	29.753043221110975
415	1415	2415	-1	10.168693445574934
416	1416	2416	-1	10.347807546513872
417	1417	2417	-1	13.088052768650499
418	1418	2418	-1	28.93405391701104
419	1419	2419	-1	10.607181311675554
420	1420	2420	-1	8.337940603831143
421	1421	2421	-1	9.758177980368803
422	1422	2422	-1	11.895412709375064
423	1423	2423	-1	9.45553999677257
424	1424	2424	-1	9.283261962051778
425	1425	2425	-1	9.024355237838876
426	1426	2426	-1	11.295510865057523
427	1427	2427	-1	10.406073254370312
428	1428	2428	-1	9.471591186143666
429	1429	2429	-1	12.2968686449421
430	1430	2430	-1	31.14550614746683
431	1431	2431	-1	14.796133852095403
432	1432	2432	-1	9.842710852690802
433	1433	2433	-1	30.440421200956493
434	1434	2434	-1	9.979345650739683
435	1435	2435	-1	30.225543724608308
436	1436	2436	-1	8.452080158706378
437	1437	2437	-1	13.079599194871887
438	1438	2438	-1	10.347733071579576
439	1439	2439	-1	11.067256761727938
440	1440	2440	-1	30.571070030532294
441	1441	2441	-1	11.18240862014687
442	1442	2442	-1	12.754578253744734
443	1443	2443	-1	12.236465684249435
444	1444	2444	-1	10.23660741016929
445	1445	2445	-1	30.290183630200712
446	1446	2446	-1	9.93910067475075
447	1447	2447	-1	10.120161062864508
448	1448	2448	-1	9.792638313965806
449	1449	2449	-1	38.55883333170558
450	1450	2450	-1	37.844936956228096
451	1451	2451	-1	16.85680621370258
452	1452	2452	-1	8.562249116230245
453	1453	2453	-1	10.373103490180652
454	1454	2454	-1	9.894035182923671
455	1455	2455	-1	9.40813614656316
456	1456	2456	-1	9.693788924082304
457	1457	2457	-1	9.517522072009186
458	1458	2458	-1	28.529312490984868
459	1459	2459	-1	29.623430770865784
460	1460	2460	-1	10.209611634853827
461	1461	2461	-1	10.225715005808084
462	1462	2462	-1	13.254526800031222
463	1463	2463	-1	29.97031385406285
464	1464	2464	-1	11.226566854072578
465	1465	2465	-1	37.4658688783013
466	1466	2466	-1	9.172022638884043
467	1467	2467	-1	12.997278110801311
468	1468	2468	-1	13.328234078601849
469	1469	2469	-1	11.986808209558985
470	1470	2470	-1	10.430483612512896
471	1471	2471	-1	15.563807812913172
472	1472	2472	-1	12.407741439090787
473	1473	2473	-1	9.202316661126238
474	1474	2474	-1	8.457690581347192
475	1475	2475	-1	30.513686734279563
476	1476	2476	-1	10.573444318133705
477	1477	2477	-1	11.022246253531412
478	1478	2478	-1	30.866226791483747
479	1479	2479	-1	12.825235206387523
480	1480	2480	-1	10.694115639519547
481	1481	2481	-1	9.11601644357445
482	1482	2482	-1	8.638441460792096
483	1483	2483	-1	16.9491245753061
484	1484	2484	-1	10.416724343858933
485	1485	2485	-1	36.376152602063414
486	1486	2486	-1	17.881918566902375
487	1487	2487	-1	8.872844847628517
488	1488	2488	-1	31.033995108018672
489	1489	2489	-1	30.99221613436986
490	1490	2490	-1	12.089991602802375
491	1491	2491	-1	9.024636923621939
492	1492	2492	-1	14.75618943334507
493	1493	2493	-1	9.60114004243683
494	1494	2494	-1	13.56069095287314
495	1495	2495	-1	38.2560633976568
496	1496	2496	-1	12.81107922409317
497	1497	2497	-1	29.918151585949893
498	1498	2498	-1	12.819300571777742
499	1499	2499	-1	13.09734349341445
500	1500	2500	-1	11.204878113891883
501	1501	2501	-1	11.528145759335192
502	1502	2502	-1	12.788082128843206
503	1503	2503	-1	10.166476730777623
504	1504	2504	-1	10.545320797867678
505	1505	2505	-1	12.646839435310799
506	1506	2506	-1	9.611032570996933
507	1507	2507	-1	9.973730574739044
508	1508	2508	-1	14.642271915982773
509	1509	2509	-1	8.138045499065267
510	1510	2510	-1	11.393866638083873
511	1511	2511	-1	11.72687044117078
512	1512	2512	-1	8.27940936773031
513	1513	2513	-1	29.0995084064295
514	1514	2514	-1	12.34943478021944
515	1515	2515	-1	12.575930025660528
516	1516	2516	-1	11.300254743793456
517	1517	2517	-1	10.822808066041217
518	1518	2518	-1	11.02460482882335
519	1519	2519	-1	12.527903855213255
520	1520	2520	-1	37.598943109641716
521	1521	2521	-1	9.44306838328872
522	1522	2522	-1	8.386459854210592
523	1523	2523	-1	15.072672076424412
524	1524	2524	-1	12.232748414271924
525	1525	2525	-1	11.72891874854718
526	1526	2526	-1	13.122487149044023
527	1527	2527	-1	12.990571076136183
528	1528	2528	-1	10.81579116008785
529	1529	2529	-1	10.101430813081677
530	1530	2530	-1	13.744815549073175
531	1531	2531	-1	37.66504372703163
532	1532	2532	-1	10.25070637793983
533	1533	2533	-1	11.545990186977795
534	1534	2534	-1	9.915500803794032
535	1535	2535	-1	14.14598213350135
536	1536	2536	-1	16.98513675710899
537	1537	2537	-1	8.763010814107375
538	1538	2538	-1	10.359143999185886
539	1539	2539	-1	16.20769308073641
540	1540	2540	-1	19.120106894448902
541	1541	2541	-1	11.357872055976769
542	1542	2542	-1	35.98615147747793
543	1543	2543	-1	12.115699339732654
544	1544	2544	-1	11.734605547256637
545	1545	2545	-1	12.331501330039778
546	1546	2546	-1	31.66891486336786
547	1547	2547	-1	12.882151336622975
548	1548	2548	-1	36.10773141218315
549	1549	2549	-1	12.43788530022426
550	1550	2550	-1	30.628554874650174
551	1551	2551	-1	13.111413824113782
552	1552	2552	-1	9.125301274926478
553	1553	2553	-1	10.59009637750144
554	1554	2554	-1	13.317598040244226
555	1555	2555	-1	9.068415175005827
556	1556	2556	-1	8.231259382726607
557	1557	2557	-1	13.16805694094818
558	1558	2558	-1	15.455029931397727
559	1559	2559	-1	9.52668944581559
560	1560	2560	-1	14.792063631595106
561	1561	2561	-1	9.835914444808804
562	1562	2562	-1	9.62324703986331
563	1563	2563	-1	48.54126043029137
564	1564	2564	-1	11.9741021893752
565	1565	2565	-1	9.898600003053952
566	1566	2566	-1	9.593811713026913
567	1567	2567	-1	11.259028512389236
568	1568	2568	-1	31.103799801912213
569	1569	2569	-1	11.442196593517664
570	1570	2570	-1	13.50878724573015
571	1571	2571	-1	9.805482981488806
572	1572	2572	-1	9.806983283286575
573	1573	2573	-1	30.84854533860392
574	1574	2574	-1	12.41874921554059
575	1575	2575	-1	13.516339808505696
576	1576	2576	-1	11.03235071522164
577	1577	2577	-1	10.451149317823374
578	1578	2578	-1	11.029963263472935
579	1579	2579	-1	13.421872194941702
580	1580	2580	-1	9.634474709018765
581	1581	2581	-1	7.563533260122453
582	1582	2582	-1	12.554095255046672
583	1583	2583	-1	10.646166481113896
584	1584	2584	-1	10.310340335846929
585	1585	2585	-1	31.147102191823972
586	1586	2586	-1	9.8084514864771
587	1587	2587	-1	12.357896745364341
588	1588	2588	-1	35.09958881857354
589	1589	2589	-1	8.888802409432337
590	1590	2590	-1	13.651270945501066
591	1591	2591	-1	28.141821406027407
592	1592	2592	-1	10.86859383974111
593	1593	2593	-1	9.602871109558494
594	1594	2594	-1	10.512795355994175
595	1595	2595	-1	39.43060314738805
596	1596	2596	-1	9.314720814253548
597	1597	2597	-1	9.154663286312452
598	1598	2598	-1	11.025391042882868
599	1599	2599	-1	9.655136195603838
600	1600	2600	-1	12.941021227532067
601	1601	2601	-1	10.676837583020381
602	1602	2602	-1	9.50674862518716
603	1603	2603	-1	11.672433785804836
604	1604	2604	-1	9.438384852232943
605	1605	2605	-1	10.89331198400713
606	1606	2606	-1	11.831239873397084
607	1607	2607	-1	14.079171913334921
608	1608	2608	-1	13.147169493080025
609	1609	2609	-1	13.495522356368138
610	1610	2610	-1	14.242755105371419
611	1611	2611	-1	9.580755529220143
612	1612	2612	-1	10.216578923667395
613	1613	2613	-1	11.209410689331717
614	1614	2614	-1	15.562704758370494
615	1615	2615	-1	9.059327776266407
616	1616	2616	-1	12.094559141495019
617	1617	2617	-1	12.748659889056766
618	1618	2618	-1	11.92127130823395
619	1619	2619	-1	30.60586865253504
620	1620	2620	-1	9.74306230202118
621	1621	2621	-1	9.412596996417458
622	1622	2622	-1	10.639141952609231
623	1623	2623	-1	14.756903407505657
624	1624	2624	-1	10.423362558240134
625	1625	2625	-1	31.536378652569038
626	1626	2626	-1	15.473256795261928
627	1627	2627	-1	13.106520843390943
628	1628	2628	-1	10.088924851799291
629	1629	2629	-1	9.11518812853462
630	1630	2630	-1	9.077415599022828
631	1631	2631	-1	11.153274002167512
632	1632	2632	-1	31.054005702823996
633	1633	2633	-1	8.825372576924899
634	1634	2634	-1	9.838800426468895
635	1635	2635	-1	10.977726069591387
636	1636	2636	-1	8.055976535138964
637	1637	2637	-1	10.360363542366722
638	1638	2638	-1	46.994923162495326
639	1639	2639	-1	45.86195299084511
640	1640	2640	-1	31.15067950864849
641	1641	2641	-1	6.490324667537391
642	1642	2642	-1	16.20198016677387
643	1643	2643	-1	31.701876955438877
644	1644	2644	-1	9.464309363075847
645	1645	2645	-1	30.459881585134312
646	1646	2646	-1	12.58965758250038
647	1647	2647	-1	11.716958467426027
648	1648	2648	-1	29.988375416848555
649	1649	2649	-1	12.336444474577128
650	1650	2650	-1	13.390503796794528
651	1651	2651	-1	12.991200686227709
652	1652	2652	-1	10.600563566264984
653	1653	2653	-1	30.265169880667763
654	1654	2654	-1	29.655934911887577
655	1655	2655	-1	10.644361193849669
656	1656	2656	-1	11.406702238609014
657	1657	2657	-1	11.13598741943197
658	1658	2658	-1	9.849435715835932
659	1659	2659	-1	9.44063564699132
660	1660	2660	-1	13.144500642708175
661	1661	2661	-1	38.75709707771268
662	1662	2662	-1	7.999458783935239
663	1663	2663	-1	8.639999901789242
664	1664	2664	-1	28.53284744190521
665	1665	2665	-1	9.836898376572474
666	1666	2666	-1	9.263866466202277
667	1667	2667	-1	8.732435942900576
668	1668	2668	-1	10.879251950733915
669	1669	2669	-1	12.483226083920268
670	1670	2670	-1	28.850994259701082
671	1671	2671	-1	9.678571461812217
672	1672	2672	-1	31.561013388886746
673	1673	2673	-1	10.370380983766083
674	1674	2674	-1	9.979224639807097
675	1675	2675	-1	11.274804643483039
676	1676	2676	-1	13.649872415211435
677	1677	2677	-1	12.844881341497844
678	1678	2678	-1	30.243055882326885
679	1679	2679	-1	12.520868049859699
680	1680	2680	-1	9.637034930287044
681	1681	2681	-1	9.724020649865647
682	1682	2682	-1	17.913250975778237
683	1683	2683	-1	8.390900173121146
684	1684	2684	-1	30.038068581168783
685	1685	2685	-1	8.1711252806372
686	1686	2686	-1	29.99593574044265
687	1687	2687	-1	11.237638566843176
688	1688	2688	-1	31.701125078895593
689	1689	2689	-1	9.366350636360108
690	1690	2690	-1	15.226504225464716
691	1691	2691	-1	28.835912973966813
692	1692	2692	-1	10.594932223460537
693	1693	2693	-1	10.12922348966855
694	1694	2694	-1	12.493660431730019
695	1695	2695	-1	36.25593631238226
696	1696	2696	-1	14.256181844785125
697	1697	2697	-1	10.277534008407963
698	1698	2698	-1	30.46511749440091
699	1699	2699	-1	11.246492232037212
700	1700	2700	-1	12.12422209662237
701	1701	2701	-1	16.160380221236643
702	1702	2702	-1	11.217722992979839
703	1703	2703	-1	12.531212724939527
704	1704	2704	-1	13.211455862450213
705	1705	2705	-1	8.424157197911898
706	1706	2706	-1	10.603000940366979
707	1707	2707	-1	10.698361063870873
708	1708	2708	-1	31.773315732759084
709	1709	2709	-1	12.24027244922807
710	1710	2710	-1	12.007266716246608
711	1711	2711	-1	10.644865847778787
712	1712	2712	-1	35.95805871423004
713	1713	2713	-1	9.368543439887823
714	1714	2714	-1	29.875282241892123
715	1715	2715	-1	29.307330823468902
716	1716	2716	-1	10.776311514205451
717	1717	2717	-1	38.87421951161368
718	1718	2718	-1	11.923782837309515
719	1719	2719	-1	13.38737398755126
720	1720	2720	-1	9.652808009738608
721	1721	2721	-1	12.102941096808703
722	1722	2722	-1	13.46715568031291
723	1723	2723	-1	28.36101126678956
724	1724	2724	-1	31.198287668225575
725	1725	2725	-1	10.211519624196223
726	1726	2726	-1	13.971162124273086
727	1727	2727	-1	38.02527133680661
728	1728	2728	-1	8.922540902418719
729	1729	2729	-1	8.21201715053184
730	1730	2730	-1	16.225325582930306
731	1731	2731	-1	11.153656374123292
732	1732	2732	-1	9.951649751601902
733	1733	2733	-1	10.292414874209728
734	1734	2734	-1	8.953872938218936
735	1735	2735	-1	30.068252446963996
736	1736	2736	-1	10.856037244989526
737	1737	2737	-1	12.600401138077336
738	1738	2738	-1	11.174304917274451
739	1739	2739	-1	11.801917242675474
740	1740	2740	-1	32.04672299808162
741	1741	2741	-1	9.022079649080538
742	1742	2742	-1	12.796782234402402
743	1743	2743	-1	10.587338483003405
744	1744	2744	-1	12.796113787387398
745	1745	2745	-1	11.516025535023257
746	1746	2746	-1	10.250726969410143
747	1747	2747	-1	8.308016760230505
748	1748	2748	-1	11.257315414463386
749	1749	2749	-1	37.335118699386456
750	1750	2750	-1	29.5970279330425
751	1751	2751	-1	11.234261742231176
752	1752	2752	-1	10.410484618377195
753	1753	2753	-1	13.915636590864349
754	1754	2754	-1	13.008644305869606
755	1755	2755	-1	38.9243692124797
756	1756	2756	-1	9.131938984533596
757	1757	2757	-1	14.50269615321153
758	1758	2758	-1	10.847224433803312
759	1759	2759	-1	8.710520905101616
760	1760	2760	-1	14.804924196020016
761	1761	2761	-1	12.062232238628159
762	1762	2762	-1	9.391043464563761
763	1763	2763	-1	30.341040250940424
764	1764	2764	-1	38.04908232379221
765	1765	2765	-1	10.458654950202519
766	1766	2766	-1	45.64385371958048
767	1767	2767	-1	11.770323453077388
768	1768	2768	-1	11.90962278650787
769	1769	2769	-1	38.05900920387843
770	1770	2770	-1	12.386327889002501
771	1771	2771	-1	10.958791832130109
772	1772	2772	-1	8.76888053493614
773	1773	2773	-1	9.534501568782053
774	1774	2774	-1	13.803169495569701
775	1775	2775	-1	14.777462911603545
776	1776	2776	-1	10.342935811469681
777	1777	2777	-1	10.632892341134665
778	1778	2778	-1	12.319807328435106
779	1779	2779	-1	10.905867715818955
780	1780	2780	-1	10.053600248829879
781	1781	2781	-1	14.434864740787724
782	1782	2782	-1	37.31030211678704
783	1783	2783	-1	13.350684473684861
784	1784	2784	-1	29.834918152345168
785	1785	2785	-1	10.63744342929701
786	1786	2786	-1	95.21367980657396
787	1787	2787	-1	29.3604219360753
788	1788	2788	-1	10.390534421795907
789	1789	2789	-1	29.405821330246596
790	1790	2790	-1	11.828014384010915
791	1791	2791	-1	9.10047515676932
792	1792	2792	-1	13.25456122573637
793	1793	2793	-1	11.438361018426358
794	1794	2794	-1	10.422424887247384
795	1795	2795	-1	13.12331740330039
796	1796	2796	-1	9.852532234601783
797	1797	2797	-1	10.616980937177736
798	1798	2798	-1	9.919380719742751
799	1799	2799	-1	13.190942514031942
800	1800	2800	-1	14.134009820051622
801	1801	2801	-1	14.379642139188444
802	1802	2802	-1	8.728964954742299
803	1803	2803	-1	23.525876394722932
804	1804	2804	-1	15.06521024459988
805	1805	2805	-1	36.66769653787024
806	1806	2806	-1	13.198823105757729
807	1807	2807	-1	46.380266930207206
808	1808	2808	-1	9.783286098257758
809	1809	2809	-1	9.148294888505797
810	1810	2810	-1	8.590034965453366
811	1811	2811	-1	14.740282939113218
812	1812	2812	-1	35.681791464510034
813	1813	2813	-1	9.225309279363033
814	1814	2814	-1	9.071207415348514
815	1815	2815	-1	9.447948285006959
816	1816	2816	-1	13.682841983736676
817	1817	2817	-1	13.403002308390057
818	1818	2818	-1	12.711224527280077
819	1819	2819	-1	10.444300723404384
820	1820	2820	-1	47.83244926604755
821	1821	2821	-1	37.587735804490904
822	1822	2822	-1	9.859269265731951
823	1823	2823	-1	11.661728952131933
824	1824	2824	-1	11.934069502905631
825	1825	2825	-1	11.934187913385427
826	1826	2826	-1	11.300171471640228
827	1827	2827	-1	14.019165121235035
828	1828	2828	-1	29.17994132106597
829	1829	2829	-1	37.30952129270438
830	1830	2830	-1	10.055118503287083
831	1831	2831	-1	8.943483200623579
832	1832	2832	-1	10.916823525356827
833	1833	2833	-1	12.644898011977133
834	1834	2834	-1	10.620551264681666
835	1835	2835	-1	12.235965343008361
836	1836	2836	-1	12.930503557704409
837	1837	2837	-1	12.470000408748902
838	1838	2838	-1	11.510663610118964
839	1839	2839	-1	11.892075988099082
840	1840	2840	-1	11.625711385468277
841	1841	2841	-1	8.751657307623734
842	1842	2842	-1	8.218296807511706
843	1843	2843	-1	8.431367350989351
844	1844	2844	-1	11.003624299615833
845	1845	2845	-1	9.398671318729145
846	1846	2846	-1	10.90870262546771
847	1847	2847	-1	6.554443362805958
848	1848	2848	-1	10.058822764613893
849	1849	2849	-1	14.213312160725117
850	1850	2850	-1	10.647821878481087
851	1851	2851	-1	15.357544867201185
852	1852	2852	-1	10.112151585781056
853	1853	2853	-1	13.639720529585016
854	1854	2854	-1	11.433115477454196
855	1855	2855	-1	11.959119163600747
856	1856	2856	-1	10.233390610284394
857	1857	2857	-1	36.85507082655624
858	1858	2858	-1	10.135078332232247
859	1859	2859	-1	29.449724218340414
860	1860	2860	-1	10.765313162504142
861	1861	2861	-1	12.235984643189559
862	1862	2862	-1	9.386771700674247
863	1863	2863	-1	9.769672219191325
864	1864	2864	-1	29.781458291037755
865	1865	2865	-1	9.09794531284431
866	1866	2866	-1	9.746427110108504
867	1867	2867	-1	10.451944151886456
868	1868	2868	-1	37.66349668852798
869	1869	2869	-1	11.701151559112489
870	1870	2870	-1	13.30134276619149
871	1871	2871	-1	10.51490918922663
872	1872	2872	-1	12.400959842689899
873	1873	2873	-1	8.687454226574179
874	1874	2874	-1	8.180221146127447
875	1875	2875	-1	9.280782473345436
876	1876	2876	-1	15.442811576815929
877	1877	2877	-1	9.815852528613473
878	1878	2878	-1	10.624823769035956
879	1879	2879	-1	6.721658512865213
880	1880	2880	-1	11.219657414385436
881	1881	2881	-1	9.066986395514407
882	1882	2882	-1	30.144179405653638
883	1883	2883	-1	12.329289957121098
884	1884	2884	-1	10.43425323179548
885	1885	2885	-1	10.82083403632508
886	1886	2886	-1	9.746686650013803
887	1887	2887	-1	11.417190050468571
888	1888	2888	-1	11.752980130487115
889	1889	2889	-1	11.43392221391366
890	1890	2890	-1	14.780913482805751
891	1891	2891	-1	9.935734400828832
892	1892	2892	-1	30.282816813109434
893	1893	2893	-1	29.35096605561522
894	1894	2894	-1	10.568813319028799
895	1895	2895	-1	8.85321697316338
896	1896	2896	-1	31.606916084569036
897	1897	2897	-1	37.48468491734788
898	1898	2898	-1	7.95767118647135
899	1899	2899	-1	12.163218084469056
900	1900	2900	-1	29.982571107150033
901	1901	2901	-1	10.765080754403732
902	1902	2902	-1	29.31356624769688
903	1903	2903	-1	7.512061358793097
904	1904	2904	-1	8.953065062571357
905	1905	2905	-1	12.32068069850908
906	1906	2906	-1	10.063291847830316
907	1907	2907	-1	13.349511358055109
908	1908	2908	-1	12.019122817727348
909	1909	2909	-1	10.180639446302775
910	1910	2910	-1	10.72286113445181
911	1911	2911	-1	9.908439062583028
912	1912	2912	-1	9.029620292056
913	1913	2913	-1	29.543064831953174
914	1914	2914	-1	46.436122632488924
915	1915	2915	-1	13.175433603155481
916	1916	2916	-1	7.812678390991351
917	1917	2917	-1	29.788321094980343
918	1918	2918	-1	8.920314661156088
919	1919	2919	-1	10.171453786043875
920	1920	2920	-1	11.328297362072076
921	1921	2921	-1	14.112008528301008
922	1922	2922	-1	10.408903258767761
923	1923	2923	-1	11.505128387119797
924	1924	2924	-1	8.22313834832357
925	1925	2925	-1	9.69649024992228
926	1926	2926	-1	13.735714428802439
927	1927	2927	-1	11.105510091603936
928	1928	2928	-1	9.784486383534905
929	1929	2929	-1	8.885847347928742
930	1930	2930	-1	38.63963826112847
931	1931	2931	-1	9.824813436228233
932	1932	2932	-1	8.763105338811723
933	1933	2933	-1	36.87231965366776
934	1934	2934	-1	10.068245061968323
935	1935	2935	-1	37.81457415769902
936	1936	2936	-1	11.247289329407907
937	1937	2937	-1	10.197432163954542
938	1938	2938	-1	9.61352112779238
939	1939	2939	-1	11.879550603581816
940	1940	2940	-1	8.253421617696635
941	1941	2941	-1	12.23846530443975
942	1942	2942	-1	13.94835082145665
943	1943	2943	-1	9.442309876794269
944	1944	2944	-1	13.605010541197625
945	1945	2945	-1	10.403218152556155
946	1946	2946	-1	10.502493297522928
947	1947	2947	-1	31.22778101796333
948	1948	2948	-1	13.068197321002698
949	1949	2949	-1	10.330574743164131
950	1950	2950	-1	37.747895424570345
951	1951	2951	-1	9.3146393208695
952	1952	2952	-1	12.119542466976272
953	1953	2953	-1	13.446306065847871
954	1954	2954	-1	11.108268423827525
955	1955	2955	-1	9.77044475677298
956	1956	2956	-1	38.97284486941907
957	1957	2957	-1	11.90440822759008
958	1958	2958	-1	11.525311640442451
959	1959	2959	-1	10.870175803006296
960	1960	2960	-1	10.769434083804793
961	1961	2961	-1	9.490889790873375
962	1962	2962	-1	11.728368036572439
963	1963	2963	-1	10.735250499021163
964	1964	2964	-1	12.021280352785707
965	1965	2965	-1	30.7090192282114
966	1966	2966	-1	7.806745439079757
967	1967	2967	-1	30.117008137603868
968	1968	2968	-1	10.438162105939933
969	1969	2969	-1	12.870763819215407
970	1970	2970	-1	10.49594010024283
971	1971	2971	-1	29.100838752351756
972	1972	2972	-1	9.074255926760681
973	1973	2973	-1	11.42093280563858
974	1974	2974	-1	13.340821122410746
975	1975	2975	-1	30.26677503070591
976	1976	2976	-1	12.740421454354031
977	1977	2977	-1	8.361461326427884
978	1978	2978	-1	11.987192411667523
979	1979	2979	-1	10.745070985960453
980	1980	2980	-1	13.285753537088588
981	1981	2981	-1	37.886515472990844
982	1982	2982	-1	30.820043726862973
983	1983	2983	-1	10.29671095784299
984	1984	2984	-1	12.982241626698759
985	1985	2985	-1	9.438154533614622
986	1986	2986	-1	8.872755097421084
987	1987	2987	-1	11.958289345812343
988	1988	2988	-1	8.72372341258422
989	1989	2989	-1	10.516216349744948
990	1990	2990	-1	9.622210950957998
991	1991	2991	-1	9.209987290528495
992	1992	2992	-1	9.965634255033562
993	1993	2993	-1	10.033583267844929
994	1994	2994	-1	10.266626575544059
995	1995	2995	-1	9.694111121396606
996	1996	2996	-1	10.532789557103461
997	1997	2997	-1	8.631538502544718
998	1998	2998	-1	14.338603015463914
999	1999	2999	-1	9.346796437399213
