ind_ID	father_ID	mother_ID	Sex	Phenotype
0	1000	2000	-1	37.38989837880066
1	1001	2001	-1	10.188623074288376
2	1002	2002	-1	44.6118813635275
3	1003	2003	-1	23.84419602908826
4	1004	2004	-1	57.048086548174425
5	1005	2005	-1	10.869366507116673
6	1006	2006	-1	11.316640448635324
7	1007	2007	-1	1418.1719156130316
8	1008	2008	-1	89.02075821761746
9	1009	2009	-1	15.547528982944268
10	1010	2010	-1	32.19457378098374
11	1011	2011	-1	507.13049667873014
12	1012	2012	-1	90.58415119482272
13	1013	2013	-1	38.383721940479035
14	1014	2014	-1	3035.780409107392
15	1015	2015	-1	12.251154060070775
16	1016	2016	-1	12.317321854426082
17	1017	2017	-1	1519.0347835265034
18	1018	2018	-1	19.136887925588493
19	1019	2019	-1	13.885003239014061
20	1020	2020	-1	36.056781498899134
21	1021	2021	-1	1519.964548473615
22	1022	2022	-1	1127.2013277109033
23	1023	2023	-1	161.75434157281632
24	1024	2024	-1	38.66360403821447
25	1025	2025	-1	13.124119056627215
26	1026	2026	-1	23.78807144398226
27	1027	2027	-1	40.30632940265684
28	1028	2028	-1	17.608014687021
29	1029	2029	-1	13.643547215340966
30	1030	2030	-1	89.08570152264977
31	1031	2031	-1	38.90136357983971
32	1032	2032	-1	27.89731044320728
33	1033	2033	-1	365.89987817257094
34	1034	2034	-1	47.49236761441665
35	1035	2035	-1	52.39554402345424
36	1036	2036	-1	152.44299924665805
37	1037	2037	-1	206.26817129051446
38	1038	2038	-1	52.95512204911117
39	1039	2039	-1	36.9033195423287
40	1040	2040	-1	23.299821628647294
41	1041	2041	-1	35.95189268559558
42	1042	2042	-1	44.91850612289489
43	1043	2043	-1	167.9736623375032
44	1044	2044	-1	28.998615938455508
45	1045	2045	-1	11.211297799185271
46	1046	2046	-1	339.4881466000256
47	1047	2047	-1	37.05000361122143
48	1048	2048	-1	10.104385322319022
49	1049	2049	-1	453.93889400128074
50	1050	2050	-1	113.67776479578968
51	1051	2051	-1	88.33814264151655
52	1052	2052	-1	88.72743770665824
53	1053	2053	-1	387.27022231061636
54	1054	2054	-1	226.46437972013032
55	1055	2055	-1	65.22577423246332
56	1056	2056	-1	39.86174906200326
57	1057	2057	-1	90.44888563805101
58	1058	2058	-1	44.61109775839182
59	1059	2059	-1	36.09152829960988
60	1060	2060	-1	1262.608108201373
61	1061	2061	-1	47.89251957560495
62	1062	2062	-1	31.157712986176335
63	1063	2063	-1	90.22541902452618
64	1064	2064	-1	37.71418495594627
65	1065	2065	-1	12.144334383308173
66	1066	2066	-1	44.03624144640936
67	1067	2067	-1	90.88400196444296
68	1068	2068	-1	298.3034333036261
69	1069	2069	-1	20.396948683065833
70	1070	2070	-1	11.012786811166862
71	1071	2071	-1	1365.7451670857733
72	1072	2072	-1	54.01969135052934
73	1073	2073	-1	47.934280179139094
74	1074	2074	-1	39.24366649003215
75	1075	2075	-1	28.82179386141602
76	1076	2076	-1	145.73784455221397
77	1077	2077	-1	268.95312920049
78	1078	2078	-1	363.92898233228686
79	1079	2079	-1	56.110763321031214
80	1080	2080	-1	159.64062632980313
81	1081	2081	-1	12.19024837158002
82	1082	2082	-1	38.08496223767765
83	1083	2083	-1	47.406522999589434
84	1084	2084	-1	39.139504643714616
85	1085	2085	-1	32.35202325711757
86	1086	2086	-1	39.91299529627706
87	1087	2087	-1	1265.5809851980855
88	1088	2088	-1	587.2529347403648
89	1089	2089	-1	9.73582228134001
90	1090	2090	-1	112.5219012276537
91	1091	2091	-1	37.45190042820346
92	1092	2092	-1	337.7674092319533
93	1093	2093	-1	244.01041785275072
94	1094	2094	-1	141.53738457650286
95	1095	2095	-1	18.093124643818797
96	1096	2096	-1	30.44410511030709
97	1097	2097	-1	113.60035846031303
98	1098	2098	-1	34.70795227961972
99	1099	2099	-1	38.188693256815185
100	1100	2100	-1	12.356943773163191
101	1101	2101	-1	335.983507915539
102	1102	2102	-1	42.46858608999454
103	1103	2103	-1	30.90166542227137
104	1104	2104	-1	91.79097521969318
105	1105	2105	-1	28.91348717218849
106	1106	2106	-1	385.31962281095605
107	1107	2107	-1	507.26556410006805
108	1108	2108	-1	36.492135454372416
109	1109	2109	-1	133.14251919135737
110	1110	2110	-1	12.064556851335155
111	1111	2111	-1	567.3187305033382
112	1112	2112	-1	161.9517150513332
113	1113	2113	-1	113.1749860804905
114	1114	2114	-1	2207.150853689991
115	1115	2115	-1	201.5669433152198
116	1116	2116	-1	12.545639425581548
117	1117	2117	-1	420.59824569291555
118	1118	2118	-1	76.06957566889191
119	1119	2119	-1	43.73515171117831
120	1120	2120	-1	16.404606152502286
121	1121	2121	-1	47.23315769567337
122	1122	2122	-1	268.63032832377087
123	1123	2123	-1	44.970093146710155
124	1124	2124	-1	10.96637000178988
125	1125	2125	-1	36.92137241164617
126	1126	2126	-1	112.32735179341012
127	1127	2127	-1	337.01245188168997
128	1128	2128	-1	209.95330896686482
129	1129	2129	-1	49.215993136569395
130	1130	2130	-1	14.390565614171557
131	1131	2131	-1	111.92395259729183
132	1132	2132	-1	13.998836501343026
133	1133	2133	-1	114.76411242410731
134	1134	2134	-1	8.961840780320511
135	1135	2135	-1	30.385731509631825
136	1136	2136	-1	337.72356687843285
137	1137	2137	-1	112.97450806106927
138	1138	2138	-1	203.25416229769408
139	1139	2139	-1	174.96027542183202
140	1140	2140	-1	12.314439949686696
141	1141	2141	-1	16.613078445489784
142	1142	2142	-1	38.8998776826468
143	1143	2143	-1	43.597037101049
144	1144	2144	-1	46.16584519756531
145	1145	2145	-1	18.823310668744213
146	1146	2146	-1	38.61094419728558
147	1147	2147	-1	28.97371214349976
148	1148	2148	-1	90.96913496985391
149	1149	2149	-1	336.41578767486163
150	1150	2150	-1	12.271208521491118
151	1151	2151	-1	336.92819767393314
152	1152	2152	-1	29.73430760556485
153	1153	2153	-1	114.23758115461197
154	1154	2154	-1	88.81316014579699
155	1155	2155	-1	268.73373630677594
156	1156	2156	-1	30.003876935010766
157	1157	2157	-1	47.95945521153069
158	1158	2158	-1	12.380607712464947
159	1159	2159	-1	90.49000104246596
160	1160	2160	-1	37.3743617056256
161	1161	2161	-1	19.462337188517104
162	1162	2162	-1	91.28033031439715
163	1163	2163	-1	2188.467826000115
164	1164	2164	-1	337.1785704533642
165	1165	2165	-1	805.9439712329752
166	1166	2166	-1	10.453349895531435
167	1167	2167	-1	270.9557965407357
168	1168	2168	-1	57.61418098547829
169	1169	2169	-1	13.762948009941244
170	1170	2170	-1	113.32970583138184
171	1171	2171	-1	121.00636965851247
172	1172	2172	-1	12.659796070176824
173	1173	2173	-1	48.08510191341786
174	1174	2174	-1	43.54290967485473
175	1175	2175	-1	13.321138849118075
176	1176	2176	-1	36.157171778922795
177	1177	2177	-1	126.7022702006202
178	1178	2178	-1	269.1425172164256
179	1179	2179	-1	88.31564027688209
180	1180	2180	-1	527.5880170089406
181	1181	2181	-1	93.19738663566096
182	1182	2182	-1	28.57504399802374
183	1183	2183	-1	111.4997467411528
184	1184	2184	-1	56.18350552575108
185	1185	2185	-1	2430.4672386119387
186	1186	2186	-1	112.92482537864254
187	1187	2187	-1	114.46079779297534
188	1188	2188	-1	421.0343095310141
189	1189	2189	-1	90.02070872017052
190	1190	2190	-1	13.74132965010903
191	1191	2191	-1	37.305602491200816
192	1192	2192	-1	13.543391309400745
193	1193	2193	-1	13.988594429429638
194	1194	2194	-1	15.630075258701705
195	1195	2195	-1	111.96310013023226
196	1196	2196	-1	582.4626361838597
197	1197	2197	-1	11.199386137367801
198	1198	2198	-1	135.61907869195224
199	1199	2199	-1	140.18525433520685
200	1200	2200	-1	43.67934315540848
201	1201	2201	-1	18.26130120038451
202	1202	2202	-1	90.16481064573107
203	1203	2203	-1	371.24884720239146
204	1204	2204	-1	269.9324573439527
205	1205	2205	-1	30.369982780697853
206	1206	2206	-1	12.932245248095134
207	1207	2207	-1	112.5499769310758
208	1208	2208	-1	27.62711864509009
209	1209	2209	-1	134.34667462104386
210	1210	2210	-1	337.9268276325023
211	1211	2211	-1	37.90571896459997
212	1212	2212	-1	30.76623272399962
213	1213	2213	-1	1670.4073745375836
214	1214	2214	-1	10.610679172490219
215	1215	2215	-1	411.6617846116254
216	1216	2216	-1	90.23253770659402
217	1217	2217	-1	15.956060916002377
218	1218	2218	-1	15.387533820978055
219	1219	2219	-1	14.647184105730682
220	1220	2220	-1	31.043852899176265
221	1221	2221	-1	259.54735234665964
222	1222	2222	-1	14.25304682214572
223	1223	2223	-1	110.57561232399507
224	1224	2224	-1	340.0366018663572
225	1225	2225	-1	36.39887072005704
226	1226	2226	-1	122.96784911528707
227	1227	2227	-1	40.44424332966539
228	1228	2228	-1	688.6964312090479
229	1229	2229	-1	56.89794326563174
230	1230	2230	-1	37.395395384008566
231	1231	2231	-1	8.780502045925562
232	1232	2232	-1	139.94075065804344
233	1233	2233	-1	1290.3279254691408
234	1234	2234	-1	420.654574716701
235	1235	2235	-1	337.1528739265344
236	1236	2236	-1	18.702112440575856
237	1237	2237	-1	37.28551946193155
238	1238	2238	-1	18.18372835593664
239	1239	2239	-1	41.798403939094904
240	1240	2240	-1	14.732611999571752
241	1241	2241	-1	7791.6693699210045
242	1242	2242	-1	9.14968722391891
243	1243	2243	-1	10.775673450990292
244	1244	2244	-1	121.90722409185945
245	1245	2245	-1	127.64922459782117
246	1246	2246	-1	29.541701857297465
247	1247	2247	-1	17.21753883302912
248	1248	2248	-1	11.662170259833387
249	1249	2249	-1	201.50664540739788
250	1250	2250	-1	34.86751076933235
251	1251	2251	-1	28.481409915030603
252	1252	2252	-1	1518.7163396331412
253	1253	2253	-1	73.35353872899316
254	1254	2254	-1	290.3680040452077
255	1255	2255	-1	113.63417291329793
256	1256	2256	-1	46.06376771337915
257	1257	2257	-1	110.44485133480511
258	1258	2258	-1	10.909465195867186
259	1259	2259	-1	13.178801661968947
260	1260	2260	-1	51.429925265522456
261	1261	2261	-1	29.503776076162787
262	1262	2262	-1	39.11808268963777
263	1263	2263	-1	2163.148123711788
264	1264	2264	-1	30.362123860669318
265	1265	2265	-1	36.85451163462154
266	1266	2266	-1	140.62158742673623
267	1267	2267	-1	517.2344134329513
268	1268	2268	-1	141.1142826098759
269	1269	2269	-1	231.2963202810445
270	1270	2270	-1	9.73718635956793
271	1271	2271	-1	30.91955575836647
272	1272	2272	-1	153.33897205822254
273	1273	2273	-1	337.85862494627503
274	1274	2274	-1	1140.0509892044831
275	1275	2275	-1	271.40732986372575
276	1276	2276	-1	111.80426812524298
277	1277	2277	-1	40.62446627710941
278	1278	2278	-1	18.270714918542552
279	1279	2279	-1	141.91860985425527
280	1280	2280	-1	31.027116089669253
281	1281	2281	-1	270.25803163357426
282	1282	2282	-1	138.44932901828886
283	1283	2283	-1	8.55013169840938
284	1284	2284	-1	271.0019158101447
285	1285	2285	-1	10.413745513165487
286	1286	2286	-1	338.4269664754035
287	1287	2287	-1	14.21253700079686
288	1288	2288	-1	405.7371144528947
289	1289	2289	-1	46.42686433845586
290	1290	2290	-1	28.959212905757976
291	1291	2291	-1	42.84092384248209
292	1292	2292	-1	39.02413598576326
293	1293	2293	-1	10.895882930653938
294	1294	2294	-1	337.9544003456439
295	1295	2295	-1	89.29296230666463
296	1296	2296	-1	28.81656593105813
297	1297	2297	-1	14.202697232049994
298	1298	2298	-1	139.5579140407221
299	1299	2299	-1	28.507738280149308
300	1300	2300	-1	38.699580348651544
301	1301	2301	-1	29.151196223324863
302	1302	2302	-1	41.203234699319054
303	1303	2303	-1	200.4392372109832
304	1304	2304	-1	143.70488959323725
305	1305	2305	-1	12.79886839013896
306	1306	2306	-1	51.60660992150509
307	1307	2307	-1	9.981530227570856
308	1308	2308	-1	9.789936413192049
309	1309	2309	-1	143.79478743352112
310	1310	2310	-1	30.75834775220544
311	1311	2311	-1	89.64729860629699
312	1312	2312	-1	10.07349613328409
313	1313	2313	-1	18.39744647265087
314	1314	2314	-1	271.28251120811126
315	1315	2315	-1	809.5200317108497
316	1316	2316	-1	270.34812001872274
317	1317	2317	-1	89.26729948635726
318	1318	2318	-1	29.191908267515497
319	1319	2319	-1	111.58634919642076
320	1320	2320	-1	1297.7731944511236
321	1321	2321	-1	60.76220594307742
322	1322	2322	-1	128.76654599112297
323	1323	2323	-1	6454.79478560431
324	1324	2324	-1	41.92530401638924
325	1325	2325	-1	29.463809387856895
326	1326	2326	-1	20.4727385946792
327	1327	2327	-1	27.70866670009441
328	1328	2328	-1	10.890426173904261
329	1329	2329	-1	176.07988122823187
330	1330	2330	-1	114.85288511117443
331	1331	2331	-1	10.05577836717345
332	1332	2332	-1	9.849285591516214
333	1333	2333	-1	113.93313557446899
334	1334	2334	-1	8.144118304284708
335	1335	2335	-1	135.6975921774275
336	1336	2336	-1	30.117196820490726
337	1337	2337	-1	30.307485006031598
338	1338	2338	-1	88.66716278373524
339	1339	2339	-1	338.101138337948
340	1340	2340	-1	486.1012105383309
341	1341	2341	-1	30.13384074303538
342	1342	2342	-1	53.58535196545343
343	1343	2343	-1	113.46145015529116
344	1344	2344	-1	515.7305080918737
345	1345	2345	-1	28.535545867058545
346	1346	2346	-1	38.26038800594683
347	1347	2347	-1	10.75601161123603
348	1348	2348	-1	144.3051246255489
349	1349	2349	-1	270.3513586617906
350	1350	2350	-1	30.02903537869936
351	1351	2351	-1	2732.446973864663
352	1352	2352	-1	40.717653657072304
353	1353	2353	-1	56.950926916566054
354	1354	2354	-1	90.05144395245182
355	1355	2355	-1	112.56770321868773
356	1356	2356	-1	112.92394581606175
357	1357	2357	-1	12.574066162464543
358	1358	2358	-1	228.48984364093658
359	1359	2359	-1	12.304082162065617
360	1360	2360	-1	36.64305819249249
361	1361	2361	-1	90.77350243028786
362	1362	2362	-1	11.32491840279514
363	1363	2363	-1	228.56485110521444
364	1364	2364	-1	37.5689505097324
365	1365	2365	-1	52.2658553700027
366	1366	2366	-1	90.15159760254481
367	1367	2367	-1	36.83630960490931
368	1368	2368	-1	37.52134071708847
369	1369	2369	-1	3884.473506939176
370	1370	2370	-1	18.087834529590967
371	1371	2371	-1	15.883114136830194
372	1372	2372	-1	12985.86122562409
373	1373	2373	-1	43.68316322434661
374	1374	2374	-1	45.84090823003626
375	1375	2375	-1	10.212560542296336
376	1376	2376	-1	571.552117335369
377	1377	2377	-1	91.23877512028075
378	1378	2378	-1	112.96274130987378
379	1379	2379	-1	12.284479837978248
380	1380	2380	-1	11.645468451612809
381	1381	2381	-1	36.975052628688566
382	1382	2382	-1	29.7505301346171
383	1383	2383	-1	9.212508531095192
384	1384	2384	-1	297.4471379884047
385	1385	2385	-1	214.66991061108533
386	1386	2386	-1	37.16935780754736
387	1387	2387	-1	176.04881154630456
388	1388	2388	-1	89.00845998394693
389	1389	2389	-1	29.323302834522206
390	1390	2390	-1	121.54501366334752
391	1391	2391	-1	29.963616333565977
392	1392	2392	-1	30.168372132743055
393	1393	2393	-1	36.436213131650966
394	1394	2394	-1	29.81748294172964
395	1395	2395	-1	7.455025211536655
396	1396	2396	-1	20.09787150834416
397	1397	2397	-1	10.949902782995462
398	1398	2398	-1	49.68155233357781
399	1399	2399	-1	175.8960582732767
400	1400	2400	-1	12.553153514732594
401	1401	2401	-1	32.75861249158117
402	1402	2402	-1	45.828639181208736
403	1403	2403	-1	8.944961255064278
404	1404	2404	-1	8.316684669077599
405	1405	2405	-1	62.87588973529254
406	1406	2406	-1	37.83325294488934
407	1407	2407	-1	89.98663261991095
408	1408	2408	-1	9.406954849725468
409	1409	2409	-1	44.60526592348239
410	1410	2410	-1	90.56546216726757
411	1411	2411	-1	90.6338825883522
412	1412	2412	-1	10.339932313390372
413	1413	2413	-1	12.075631873677168
414	1414	2414	-1	15.03034228217155
415	1415	2415	-1	28.29421487801589
416	1416	2416	-1	168.39660598002826
417	1417	2417	-1	30.2488451200282
418	1418	2418	-1	90.06698674341709
419	1419	2419	-1	28.000328743546763
420	1420	2420	-1	455.54796760870715
421	1421	2421	-1	89.88159331361297
422	1422	2422	-1	32.18428358617668
423	1423	2423	-1	45.589604258296276
424	1424	2424	-1	151.74513410180106
425	1425	2425	-1	547.4094179702852
426	1426	2426	-1	30.474824281112657
427	1427	2427	-1	44.93698459447083
428	1428	2428	-1	11.159678810982179
429	1429	2429	-1	160.12790822342106
430	1430	2430	-1	38.073714578074295
431	1431	2431	-1	38.33840626599749
432	1432	2432	-1	10.020921476778133
433	1433	2433	-1	213.94590865837102
434	1434	2434	-1	136.31524025057163
435	1435	2435	-1	52.9393657523627
436	1436	2436	-1	89.83204699446023
437	1437	2437	-1	16.68882961902878
438	1438	2438	-1	422.484842828431
439	1439	2439	-1	285.682578836694
440	1440	2440	-1	8.814536766999277
441	1441	2441	-1	122.97615593543716
442	1442	2442	-1	11.934597647375869
443	1443	2443	-1	113.67941474385556
444	1444	2444	-1	114.66949702431627
445	1445	2445	-1	13.713157679019618
446	1446	2446	-1	364.8850781630103
447	1447	2447	-1	10.611422319240548
448	1448	2448	-1	45.621522416894216
449	1449	2449	-1	140.28234473710896
450	1450	2450	-1	89.13534253820833
451	1451	2451	-1	16.087416700439782
452	1452	2452	-1	12.468052285644541
453	1453	2453	-1	11.575140080417448
454	1454	2454	-1	42.15650730290207
455	1455	2455	-1	91.17420191525274
456	1456	2456	-1	56.70004120211191
457	1457	2457	-1	21.127149454373537
458	1458	2458	-1	190.51151823504333
459	1459	2459	-1	30.45462153140873
460	1460	2460	-1	8.425668693391483
461	1461	2461	-1	12.370392212943443
462	1462	2462	-1	6076.034880168999
463	1463	2463	-1	14.628852325160892
464	1464	2464	-1	90.19930362884224
465	1465	2465	-1	45.707243720593276
466	1466	2466	-1	892.3684313623368
467	1467	2467	-1	1032.2410662347695
468	1468	2468	-1	14.359026427553912
469	1469	2469	-1	68.16989488683662
470	1470	2470	-1	161.01045591036046
471	1471	2471	-1	12.55664704505069
472	1472	2472	-1	270.6212502745784
473	1473	2473	-1	142.50597775217537
474	1474	2474	-1	13.85725453423839
475	1475	2475	-1	90.76343775707936
476	1476	2476	-1	37.70630615022409
477	1477	2477	-1	78.68032784057303
478	1478	2478	-1	56.844774613266296
479	1479	2479	-1	10.53044313450473
480	1480	2480	-1	54.07815913906807
481	1481	2481	-1	36.242152458184364
482	1482	2482	-1	11.986166229746551
483	1483	2483	-1	140.75378811809512
484	1484	2484	-1	338.3640461236956
485	1485	2485	-1	90.09729711269351
486	1486	2486	-1	30.03676724196054
487	1487	2487	-1	37.26937930191305
488	1488	2488	-1	11.054418161408577
489	1489	2489	-1	55.481998100660775
490	1490	2490	-1	142.77670229184284
491	1491	2491	-1	41.40449852637616
492	1492	2492	-1	29.62131181979687
493	1493	2493	-1	15.89930443782473
494	1494	2494	-1	38.24153995460466
495	1495	2495	-1	10.175902073289393
496	1496	2496	-1	16.5578958942957
497	1497	2497	-1	190.63624244635267
498	1498	2498	-1	151.61770911120954
499	1499	2499	-1	30.567522456182843
500	1500	2500	-1	90.60307166528354
501	1501	2501	-1	173.56974975089133
502	1502	2502	-1	159.454258316818
503	1503	2503	-1	14.015735138958052
504	1504	2504	-1	46.785254023339476
505	1505	2505	-1	52.569974332756544
506	1506	2506	-1	37.50317298083954
507	1507	2507	-1	2403.3515006008165
508	1508	2508	-1	11.411159416886232
509	1509	2509	-1	29.548216518754124
510	1510	2510	-1	113.00300129098487
511	1511	2511	-1	29.957396329098913
512	1512	2512	-1	111.41445019523448
513	1513	2513	-1	16.797438635620853
514	1514	2514	-1	58.06602681123771
515	1515	2515	-1	672.6979630914597
516	1516	2516	-1	69.08492859500693
517	1517	2517	-1	16.01146558882313
518	1518	2518	-1	37.90040604417439
519	1519	2519	-1	9.98484643628628
520	1520	2520	-1	52.907244172818224
521	1521	2521	-1	139.04565153686013
522	1522	2522	-1	31.213057169680038
523	1523	2523	-1	8.839490173221215
524	1524	2524	-1	14.33317438155812
525	1525	2525	-1	38.82807550721986
526	1526	2526	-1	9.776721581431547
527	1527	2527	-1	36.20245596898687
528	1528	2528	-1	12.546992957349348
529	1529	2529	-1	10.568967257427106
530	1530	2530	-1	171.74136940879396
531	1531	2531	-1	111.80656783706759
532	1532	2532	-1	65.48317599949448
533	1533	2533	-1	54.96560741445897
534	1534	2534	-1	14.697670896700036
535	1535	2535	-1	37.389524012840106
536	1536	2536	-1	30.75288171963827
537	1537	2537	-1	16.278255480910428
538	1538	2538	-1	8.641657830037474
539	1539	2539	-1	9.489995005184545
540	1540	2540	-1	10.715816029421887
541	1541	2541	-1	151.0369209682306
542	1542	2542	-1	36.101684062696705
543	1543	2543	-1	39.37526730761147
544	1544	2544	-1	174.427306236439
545	1545	2545	-1	32.40608003035362
546	1546	2546	-1	10.732611758575889
547	1547	2547	-1	289.99865363494024
548	1548	2548	-1	37.420964708908414
549	1549	2549	-1	37.330158303427034
550	1550	2550	-1	56.67751231314221
551	1551	2551	-1	38.25179160627464
552	1552	2552	-1	42.075109589944546
553	1553	2553	-1	112.21393342003795
554	1554	2554	-1	10.544634676987439
555	1555	2555	-1	200.64622209041462
556	1556	2556	-1	89.72281210437798
557	1557	2557	-1	15.709657404801392
558	1558	2558	-1	114.55251305924595
559	1559	2559	-1	37.36157239835548
560	1560	2560	-1	113.05169012972983
561	1561	2561	-1	15.424572273368769
562	1562	2562	-1	113.54186779910215
563	1563	2563	-1	111.57337496036455
564	1564	2564	-1	92.88095876539181
565	1565	2565	-1	961.862209975942
566	1566	2566	-1	338.4477017705488
567	1567	2567	-1	90.94033847904254
568	1568	2568	-1	19.371954386931257
569	1569	2569	-1	344.0663199305666
570	1570	2570	-1	89.99780921935748
571	1571	2571	-1	31.036963273836285
572	1572	2572	-1	38.22521453273795
573	1573	2573	-1	65.40773576965675
574	1574	2574	-1	337.2253614559983
575	1575	2575	-1	30.07046795207779
576	1576	2576	-1	13.785111111155874
577	1577	2577	-1	14.283727728913059
578	1578	2578	-1	64.4420101550831
579	1579	2579	-1	323.6147028297606
580	1580	2580	-1	90.20496979517904
581	1581	2581	-1	30.004671395862463
582	1582	2582	-1	24.78241398609038
583	1583	2583	-1	10.673469328216541
584	1584	2584	-1	46.67495340584582
585	1585	2585	-1	29.251859278159014
586	1586	2586	-1	9.81559938402052
587	1587	2587	-1	159.91197300713577
588	1588	2588	-1	28.656033915306757
589	1589	2589	-1	28.218781424382954
590	1590	2590	-1	9.402284251371873
591	1591	2591	-1	16.468668997098597
592	1592	2592	-1	31.789188311163286
593	1593	2593	-1	89.91878464461185
594	1594	2594	-1	572.6201938236849
595	1595	2595	-1	36.60983553067978
596	1596	2596	-1	35.84819927565134
597	1597	2597	-1	336.44330128326527
598	1598	2598	-1	81.39321416965458
599	1599	2599	-1	9.992267858118282
600	1600	2600	-1	40.64226578272571
601	1601	2601	-1	12.538173977110281
602	1602	2602	-1	4737.996694194096
603	1603	2603	-1	63.77179967787395
604	1604	2604	-1	29.438696501725243
605	1605	2605	-1	91.05102283093889
606	1606	2606	-1	11.76726979532802
607	1607	2607	-1	8.831070155960294
608	1608	2608	-1	37.319125607746955
609	1609	2609	-1	46.67447597989161
610	1610	2610	-1	111.04724524574955
611	1611	2611	-1	121.511059261988
612	1612	2612	-1	13.251596298755562
613	1613	2613	-1	9.189333214724217
614	1614	2614	-1	10.299841578694432
615	1615	2615	-1	194.88051310509175
616	1616	2616	-1	90.88871863600029
617	1617	2617	-1	455.53987306883585
618	1618	2618	-1	3042.729029250782
619	1619	2619	-1	12.967782340121001
620	1620	2620	-1	88.62151480251381
621	1621	2621	-1	180.0680454966241
622	1622	2622	-1	47.372246464304546
623	1623	2623	-1	38.25101615445112
624	1624	2624	-1	337.78721106667876
625	1625	2625	-1	13.249318523186579
626	1626	2626	-1	9.758346239401636
627	1627	2627	-1	92.11319651349766
628	1628	2628	-1	28.593282557022892
629	1629	2629	-1	71.53227521177698
630	1630	2630	-1	323.9954827298636
631	1631	2631	-1	29.421612125850526
632	1632	2632	-1	12.793081125826737
633	1633	2633	-1	296.55510707035
634	1634	2634	-1	38.25955662096693
635	1635	2635	-1	35.52422050402694
636	1636	2636	-1	45.74332861902275
637	1637	2637	-1	808.2896459840309
638	1638	2638	-1	111.92845410827475
639	1639	2639	-1	136.37663866105854
640	1640	2640	-1	63.27702497781086
641	1641	2641	-1	405.6898357639451
642	1642	2642	-1	30.192416463314835
643	1643	2643	-1	29.329787820653358
644	1644	2644	-1	89.95927348484283
645	1645	2645	-1	48.134360385765
646	1646	2646	-1	421.29898678701863
647	1647	2647	-1	10.658636700343022
648	1648	2648	-1	37.843133938354605
649	1649	2649	-1	458.4686007036772
650	1650	2650	-1	49.98895666031907
651	1651	2651	-1	31.471496964247347
652	1652	2652	-1	36.92049571457554
653	1653	2653	-1	37.44053430221954
654	1654	2654	-1	13.824102111846885
655	1655	2655	-1	30.517055762771278
656	1656	2656	-1	11.156225218831391
657	1657	2657	-1	44.716184892687956
658	1658	2658	-1	36.57809438874987
659	1659	2659	-1	536.9877650835716
660	1660	2660	-1	214.06164912876875
661	1661	2661	-1	91.7181284765602
662	1662	2662	-1	89.89755310294579
663	1663	2663	-1	111.29716634586754
664	1664	2664	-1	90.1440136860268
665	1665	2665	-1	30.56511547489451
666	1666	2666	-1	137.5528251531445
667	1667	2667	-1	71.10170111616904
668	1668	2668	-1	90.17847463102473
669	1669	2669	-1	88.29684042655367
670	1670	2670	-1	63.38686596733025
671	1671	2671	-1	57.66605567994686
672	1672	2672	-1	57.53124501130505
673	1673	2673	-1	18.042555262756423
674	1674	2674	-1	41.02893344516086
675	1675	2675	-1	121.67964041730005
676	1676	2676	-1	193.40303942645969
677	1677	2677	-1	45.115328890042484
678	1678	2678	-1	422.237113469758
679	1679	2679	-1	45.22704247055483
680	1680	2680	-1	51.37398360099842
681	1681	2681	-1	38.44178013123725
682	1682	2682	-1	91.20328168563661
683	1683	2683	-1	337.7370793147357
684	1684	2684	-1	112.62744816598546
685	1685	2685	-1	30.215643407823098
686	1686	2686	-1	52.47052698303888
687	1687	2687	-1	70.3967961441461
688	1688	2688	-1	10.648514423108141
689	1689	2689	-1	336.730700478977
690	1690	2690	-1	528.9339832658835
691	1691	2691	-1	172.64348087263716
692	1692	2692	-1	13.123819360198345
693	1693	2693	-1	66.09909480412449
694	1694	2694	-1	30.894912851299818
695	1695	2695	-1	11.28120579072991
696	1696	2696	-1	430.5282081361144
697	1697	2697	-1	111.49080268005154
698	1698	2698	-1	112.52803831822501
699	1699	2699	-1	12.348730852066646
700	1700	2700	-1	107.84676684992934
701	1701	2701	-1	19.980874109254835
702	1702	2702	-1	9.563409570075757
703	1703	2703	-1	39.854967627141555
704	1704	2704	-1	111.4778322811199
705	1705	2705	-1	48.66543817395811
706	1706	2706	-1	30.54981130539479
707	1707	2707	-1	113.43824743840952
708	1708	2708	-1	15.51873582745355
709	1709	2709	-1	38.42719352275143
710	1710	2710	-1	5408.928575201486
711	1711	2711	-1	9.892882190310026
712	1712	2712	-1	89.76128155582829
713	1713	2713	-1	88.9174177445565
714	1714	2714	-1	29.749512880832334
715	1715	2715	-1	113.64020954457963
716	1716	2716	-1	37.1710783471387
717	1717	2717	-1	40.35997950502838
718	1718	2718	-1	10.861886223817157
719	1719	2719	-1	37.462807564785
720	1720	2720	-1	59.610566746715136
721	1721	2721	-1	37.10882341365893
722	1722	2722	-1	269.49614446791816
723	1723	2723	-1	13.201296437627503
724	1724	2724	-1	9.921985736472307
725	1725	2725	-1	36.01997582911482
726	1726	2726	-1	10.956166750819138
727	1727	2727	-1	44.447573150351246
728	1728	2728	-1	213.2204306436584
729	1729	2729	-1	22.553309722114214
730	1730	2730	-1	36.03784645211122
731	1731	2731	-1	337.49020876266474
732	1732	2732	-1	10.029369273453424
733	1733	2733	-1	51.232614657583355
734	1734	2734	-1	111.36285625850988
735	1735	2735	-1	50.55993244256101
736	1736	2736	-1	16.578595504054956
737	1737	2737	-1	172.10175065410988
738	1738	2738	-1	214.72939660178633
739	1739	2739	-1	152.87500156755183
740	1740	2740	-1	59.379750266537435
741	1741	2741	-1	37.25979176582166
742	1742	2742	-1	1114.5981735518167
743	1743	2743	-1	116.25825802968446
744	1744	2744	-1	336.4322869643795
745	1745	2745	-1	111.36176801068312
746	1746	2746	-1	1518.298232661491
747	1747	2747	-1	11.04774384562904
748	1748	2748	-1	9.190092650828474
749	1749	2749	-1	28.395318357613654
750	1750	2750	-1	120.10836601853161
751	1751	2751	-1	10.413893022771079
752	1752	2752	-1	28.065029205425812
753	1753	2753	-1	271.01823621024556
754	1754	2754	-1	1823.833615349304
755	1755	2755	-1	270.0750732137828
756	1756	2756	-1	145.03016195476377
757	1757	2757	-1	120.65445969980705
758	1758	2758	-1	30.3961298638021
759	1759	2759	-1	127.99585843381064
760	1760	2760	-1	29.619929104139434
761	1761	2761	-1	36.931949040108904
762	1762	2762	-1	63.31923927889125
763	1763	2763	-1	28.75536096362816
764	1764	2764	-1	188.67627683630081
765	1765	2765	-1	10.006622220725726
766	1766	2766	-1	30.84317493657134
767	1767	2767	-1	701.9402073635101
768	1768	2768	-1	15.31466924249342
769	1769	2769	-1	90.42599551425755
770	1770	2770	-1	38.46535575789117
771	1771	2771	-1	106.2425135369101
772	1772	2772	-1	36.13766166994857
773	1773	2773	-1	9.295964734780066
774	1774	2774	-1	37.487677014946726
775	1775	2775	-1	41.031859461504645
776	1776	2776	-1	44.28058112759028
777	1777	2777	-1	141.38728646512354
778	1778	2778	-1	111.21267290047712
779	1779	2779	-1	228.7143010778058
780	1780	2780	-1	810.3769230767513
781	1781	2781	-1	29.535216342806855
782	1782	2782	-1	17.342015926814124
783	1783	2783	-1	63.037832540273634
784	1784	2784	-1	89.97232057865001
785	1785	2785	-1	151.40987537701434
786	1786	2786	-1	28.434327590734743
787	1787	2787	-1	44.288783189212175
788	1788	2788	-1	421.3821686918573
789	1789	2789	-1	39.87339969280847
790	1790	2790	-1	11.877886319643872
791	1791	2791	-1	384.78913793484435
792	1792	2792	-1	27.899786873657643
793	1793	2793	-1	696.8904561083187
794	1794	2794	-1	31.716243366370378
795	1795	2795	-1	58.51765319237976
796	1796	2796	-1	112.72799342162044
797	1797	2797	-1	1748.7793824157682
798	1798	2798	-1	17.49417484052789
799	1799	2799	-1	34.99151114817184
800	1800	2800	-1	9.537952913229242
801	1801	2801	-1	89.41313789545431
802	1802	2802	-1	30.153384281368286
803	1803	2803	-1	15.67420625307359
804	1804	2804	-1	1923.5487742474872
805	1805	2805	-1	810.009580817595
806	1806	2806	-1	36.39058031563201
807	1807	2807	-1	90.41219948182996
808	1808	2808	-1	11.70470003134995
809	1809	2809	-1	45.5510687092457
810	1810	2810	-1	40.66393211451989
811	1811	2811	-1	63.52666917315568
812	1812	2812	-1	17.69539518707262
813	1813	2813	-1	40.38044959288383
814	1814	2814	-1	64.63061739905332
815	1815	2815	-1	1419.744630595081
816	1816	2816	-1	9.737159934899966
817	1817	2817	-1	19.949664177353398
818	1818	2818	-1	89.02119002863039
819	1819	2819	-1	36.76701925837665
820	1820	2820	-1	15.726227734752174
821	1821	2821	-1	30.4857767719403
822	1822	2822	-1	72.01208981364027
823	1823	2823	-1	8019.374738702301
824	1824	2824	-1	721.7233748402741
825	1825	2825	-1	92.699183048242
826	1826	2826	-1	15.878346852713403
827	1827	2827	-1	17.290969149130238
828	1828	2828	-1	114.94854646640658
829	1829	2829	-1	12.842735784632632
830	1830	2830	-1	64.85028773370308
831	1831	2831	-1	13.990258683091113
832	1832	2832	-1	58.73782609019762
833	1833	2833	-1	38.908324626032815
834	1834	2834	-1	546.2205380570889
835	1835	2835	-1	29.695370016124407
836	1836	2836	-1	29.697627078058552
837	1837	2837	-1	10.208827810107913
838	1838	2838	-1	134.9700573136369
839	1839	2839	-1	29.232786983620365
840	1840	2840	-1	11.941034536696995
841	1841	2841	-1	112.5218852238111
842	1842	2842	-1	113.38497704517664
843	1843	2843	-1	90.01045028461138
844	1844	2844	-1	18.83780599435947
845	1845	2845	-1	37.63321667155829
846	1846	2846	-1	54.507842232308946
847	1847	2847	-1	46.8830267410659
848	1848	2848	-1	56.16886945169186
849	1849	2849	-1	45.77795719614183
850	1850	2850	-1	49.577160159375346
851	1851	2851	-1	12.949404961498422
852	1852	2852	-1	30.340611061479937
853	1853	2853	-1	9.86358993200469
854	1854	2854	-1	27.09010513359724
855	1855	2855	-1	23.500435303512116
856	1856	2856	-1	13.070072240914099
857	1857	2857	-1	138.37495946523586
858	1858	2858	-1	29.029857957607067
859	1859	2859	-1	44.53810542823174
860	1860	2860	-1	29.422496379243853
861	1861	2861	-1	101.10447909191144
862	1862	2862	-1	139.8444519023339
863	1863	2863	-1	11.43012464897062
864	1864	2864	-1	16.235650137684107
865	1865	2865	-1	15.925037386488274
866	1866	2866	-1	15.663848258326508
867	1867	2867	-1	44.14207900188026
868	1868	2868	-1	9.204388550295196
869	1869	2869	-1	338.79887674242156
870	1870	2870	-1	1722.4492995067046
871	1871	2871	-1	55.992002174150905
872	1872	2872	-1	38.42611782580943
873	1873	2873	-1	13.659379045709706
874	1874	2874	-1	37.581502565531096
875	1875	2875	-1	337.38158603100993
876	1876	2876	-1	30.173329633933506
877	1877	2877	-1	42.95804418725782
878	1878	2878	-1	58.56815848062649
879	1879	2879	-1	9.390755748102842
880	1880	2880	-1	36.518787093932495
881	1881	2881	-1	136.48265674044436
882	1882	2882	-1	38.590007280785876
883	1883	2883	-1	151.77002637344705
884	1884	2884	-1	270.03755524213557
885	1885	2885	-1	46.343483141910426
886	1886	2886	-1	11.84896375154876
887	1887	2887	-1	37.60292618593816
888	1888	2888	-1	513.1763743177677
889	1889	2889	-1	10.992674603750293
890	1890	2890	-1	35.47607813058682
891	1891	2891	-1	113.35485003413116
892	1892	2892	-1	111.52947662668674
893	1893	2893	-1	37.53083203778917
894	1894	2894	-1	12.499733568174406
895	1895	2895	-1	90.53151271625356
896	1896	2896	-1	47.40519377435445
897	1897	2897	-1	216.15165714182015
898	1898	2898	-1	40.750739365081806
899	1899	2899	-1	29.47507558583518
900	1900	2900	-1	89.28799571036845
901	1901	2901	-1	11.394127129120506
902	1902	2902	-1	37.89513750567997
903	1903	2903	-1	31.927231133846263
904	1904	2904	-1	12.443183794382898
905	1905	2905	-1	15.339557229883363
906	1906	2906	-1	87.55141121498552
907	1907	2907	-1	57.95080877617474
908	1908	2908	-1	10.6741690162722
909	1909	2909	-1	30.36409937940379
910	1910	2910	-1	201.6615249299417
911	1911	2911	-1	37.98083801529937
912	1912	2912	-1	89.59607799325184
913	1913	2913	-1	30.35698640127302
914	1914	2914	-1	107.78477851077838
915	1915	2915	-1	95.50600245916762
916	1916	2916	-1	405.537721398349
917	1917	2917	-1	17.77356797506112
918	1918	2918	-1	29.397318294504178
919	1919	2919	-1	37.065940779830136
920	1920	2920	-1	48.31806665905353
921	1921	2921	-1	43.842631448657734
922	1922	2922	-1	30.154838784900118
923	1923	2923	-1	91.7735829456186
924	1924	2924	-1	11.656795878171366
925	1925	2925	-1	12.944484998141647
926	1926	2926	-1	200.67210351297751
927	1927	2927	-1	18.055494047101327
928	1928	2928	-1	168.70172753840149
929	1929	2929	-1	91.25923722484207
930	1930	2930	-1	40.454787104743446
931	1931	2931	-1	14.137612380207232
932	1932	2932	-1	112.10121863959262
933	1933	2933	-1	13.117028581894385
934	1934	2934	-1	36.50290567523052
935	1935	2935	-1	12.164923227099754
936	1936	2936	-1	126.2832623981978
937	1937	2937	-1	16.822050332670102
938	1938	2938	-1	36.45638737853778
939	1939	2939	-1	90.97411684292098
940	1940	2940	-1	111.40760398725008
941	1941	2941	-1	337.83955779652564
942	1942	2942	-1	12.857640211247093
943	1943	2943	-1	28.669465658568484
944	1944	2944	-1	36.36507920633021
945	1945	2945	-1	13.917271818805498
946	1946	2946	-1	11.937193888119356
947	1947	2947	-1	12.443624462117208
948	1948	2948	-1	43.33515208931899
949	1949	2949	-1	54.861122894404055
950	1950	2950	-1	1032.770691464358
951	1951	2951	-1	1367.654587050143
952	1952	2952	-1	35.38879832814298
953	1953	2953	-1	89.64377372184066
954	1954	2954	-1	58.83722071838342
955	1955	2955	-1	9.137494061261245
956	1956	2956	-1	28.281552487314553
957	1957	2957	-1	31.304956383749474
958	1958	2958	-1	88.77237103122111
959	1959	2959	-1	163.42547273231932
960	1960	2960	-1	113.668207145607
961	1961	2961	-1	891.7687312801172
962	1962	2962	-1	570.7744050269814
963	1963	2963	-1	121.83667540017665
964	1964	2964	-1	112.47603721968552
965	1965	2965	-1	14.381677444637951
966	1966	2966	-1	134.94546736335622
967	1967	2967	-1	9.415774874997481
968	1968	2968	-1	15.50861689685157
969	1969	2969	-1	15.827642227049436
970	1970	2970	-1	111.6934341980163
971	1971	2971	-1	527.4271962910593
972	1972	2972	-1	1924.151894381543
973	1973	2973	-1	28.447076703581434
974	1974	2974	-1	15.748257858384866
975	1975	2975	-1	9.844277648548049
976	1976	2976	-1	15.081679748793452
977	1977	2977	-1	28.982814659636443
978	1978	2978	-1	60.2565486014073
979	1979	2979	-1	39.446163052553054
980	1980	2980	-1	64.44327514600592
981	1981	2981	-1	17.376489324969395
982	1982	2982	-1	157.53714688869238
983	1983	2983	-1	114.32935936882309
984	1984	2984	-1	121.54007995692353
985	1985	2985	-1	29.5951297602904
986	1986	2986	-1	31.94018811778979
987	1987	2987	-1	37.344116868184706
988	1988	2988	-1	275.0810897428001
989	1989	2989	-1	1011.828844135877
990	1990	2990	-1	16.25505030717326
991	1991	2991	-1	30.283485435698392
992	1992	2992	-1	8.383827102656461
993	1993	2993	-1	10.669405049606766
994	1994	2994	-1	90.46555442128926
995	1995	2995	-1	28.283665419320055
996	1996	2996	-1	16.6349518900467
997	1997	2997	-1	57.84786195053849
998	1998	2998	-1	683.3317993109482
999	1999	2999	-1	31.341125780894956
