ind_ID	father_ID	mother_ID	Sex	Phenotype
0	1000	2000	-1	10.69276992795637
1	1001	2001	-1	9.944314055670157
2	1002	2002	-1	29.625928022619284
3	1003	2003	-1	30.862586816252936
4	1004	2004	-1	10.123011629292213
5	1005	2005	-1	30.940418453365417
6	1006	2006	-1	88.33906837210552
7	1007	2007	-1	270.6849751402055
8	1008	2008	-1	11.664932031930967
9	1009	2009	-1	9.306002227061079
10	1010	2010	-1	30.442011711178225
11	1011	2011	-1	10.03927469244735
12	1012	2012	-1	9.72724713724232
13	1013	2013	-1	9.125881354859128
14	1014	2014	-1	89.16493380892388
15	1015	2015	-1	9.8292576593914
16	1016	2016	-1	28.592119823340422
17	1017	2017	-1	9.992471128596398
18	1018	2018	-1	12.207628204673416
19	1019	2019	-1	31.912404277189115
20	1020	2020	-1	31.091744702483634
21	1021	2021	-1	10.54881196457403
22	1022	2022	-1	10.434314622895249
23	1023	2023	-1	11.049510251373402
24	1024	2024	-1	11.93901769621033
25	1025	2025	-1	10.825342944774372
26	1026	2026	-1	9.895412068171376
27	1027	2027	-1	28.51351086989161
28	1028	2028	-1	30.998841081293335
29	1029	2029	-1	91.04917737244195
30	1030	2030	-1	29.245024745222175
31	1031	2031	-1	29.720522552211644
32	1032	2032	-1	9.225885876243698
33	1033	2033	-1	29.337960377043306
34	1034	2034	-1	10.661120230584123
35	1035	2035	-1	29.48825171368041
36	1036	2036	-1	29.56845400697673
37	1037	2037	-1	90.61015360720694
38	1038	2038	-1	30.64177628932903
39	1039	2039	-1	9.068498678237225
40	1040	2040	-1	10.120609474843885
41	1041	2041	-1	11.390101693391115
42	1042	2042	-1	11.304739204872437
43	1043	2043	-1	9.033924142011012
44	1044	2044	-1	31.1530308929289
45	1045	2045	-1	30.992294400051897
46	1046	2046	-1	31.216432742325907
47	1047	2047	-1	12.132907784349989
48	1048	2048	-1	9.378592262882448
49	1049	2049	-1	10.011788397220966
50	1050	2050	-1	29.30452593965964
51	1051	2051	-1	10.84602220762536
52	1052	2052	-1	11.498022021860615
53	1053	2053	-1	30.355293843175232
54	1054	2054	-1	9.74070615643734
55	1055	2055	-1	8.808602316385743
56	1056	2056	-1	29.64969974612506
57	1057	2057	-1	8.974309948219979
58	1058	2058	-1	30.607644766906663
59	1059	2059	-1	29.07508395547874
60	1060	2060	-1	9.501047295454295
61	1061	2061	-1	9.81605898215225
62	1062	2062	-1	29.437065944345836
63	1063	2063	-1	10.165811865735012
64	1064	2064	-1	9.560869759344445
65	1065	2065	-1	9.437910260239198
66	1066	2066	-1	29.825468540695052
67	1067	2067	-1	30.393404682188887
68	1068	2068	-1	11.335529155880424
69	1069	2069	-1	88.95669023345386
70	1070	2070	-1	30.04131570737689
71	1071	2071	-1	10.172282571193644
72	1072	2072	-1	8.625807476304468
73	1073	2073	-1	10.200978466807559
74	1074	2074	-1	30.69514464118744
75	1075	2075	-1	29.22446484865335
76	1076	2076	-1	28.640207272506245
77	1077	2077	-1	10.578165440940094
78	1078	2078	-1	29.99512775204275
79	1079	2079	-1	9.377623337422493
80	1080	2080	-1	10.458015834682648
81	1081	2081	-1	9.51228344175669
82	1082	2082	-1	8.667720548972992
83	1083	2083	-1	10.64274206181563
84	1084	2084	-1	91.06832970407268
85	1085	2085	-1	90.04310502584894
86	1086	2086	-1	10.01860429232625
87	1087	2087	-1	89.1786330619952
88	1088	2088	-1	10.42596524830525
89	1089	2089	-1	268.5845541252845
90	1090	2090	-1	8.626495020586859
91	1091	2091	-1	178.572686986634
92	1092	2092	-1	8.652040152596733
93	1093	2093	-1	8.601556768689836
94	1094	2094	-1	8.39382862807608
95	1095	2095	-1	90.38624468719563
96	1096	2096	-1	8.876852004023457
97	1097	2097	-1	11.681682992735428
98	1098	2098	-1	9.789423070621405
99	1099	2099	-1	9.425141702032125
100	1100	2100	-1	10.63009123306618
101	1101	2101	-1	8.93420703371334
102	1102	2102	-1	29.79683114272418
103	1103	2103	-1	9.66216160057506
104	1104	2104	-1	31.009714251914342
105	1105	2105	-1	28.740544332972235
106	1106	2106	-1	8.618773961681265
107	1107	2107	-1	10.80878870675396
108	1108	2108	-1	9.432469279983227
109	1109	2109	-1	8.45952110142655
110	1110	2110	-1	11.144888098742776
111	1111	2111	-1	10.478537231937967
112	1112	2112	-1	10.329728016809227
113	1113	2113	-1	28.584219062944157
114	1114	2114	-1	9.387425016978511
115	1115	2115	-1	30.074978019890075
116	1116	2116	-1	10.68932646948948
117	1117	2117	-1	9.608615908872544
118	1118	2118	-1	30.302306227651655
119	1119	2119	-1	10.243778486131644
120	1120	2120	-1	11.352363243855798
121	1121	2121	-1	8.505187860053626
122	1122	2122	-1	28.078727151239978
123	1123	2123	-1	29.990387299601682
124	1124	2124	-1	31.00433831636398
125	1125	2125	-1	30.06702159434342
126	1126	2126	-1	9.230113253619919
127	1127	2127	-1	87.56591809021872
128	1128	2128	-1	10.611697214471729
129	1129	2129	-1	29.68228886264965
130	1130	2130	-1	269.0705809861673
131	1131	2131	-1	29.322235115179975
132	1132	2132	-1	29.93810989017704
133	1133	2133	-1	9.784727010289568
134	1134	2134	-1	9.376664994867564
135	1135	2135	-1	29.22404576910062
136	1136	2136	-1	9.849594012891943
137	1137	2137	-1	9.248542237067449
138	1138	2138	-1	9.443628023739237
139	1139	2139	-1	28.65678801875987
140	1140	2140	-1	30.45345216280946
141	1141	2141	-1	91.66299534521261
142	1142	2142	-1	11.08768054159305
143	1143	2143	-1	29.830528212779225
144	1144	2144	-1	11.041310366882527
145	1145	2145	-1	9.905730814105153
146	1146	2146	-1	28.969226512727182
147	1147	2147	-1	30.7753654697602
148	1148	2148	-1	29.46597758684648
149	1149	2149	-1	89.16281240073124
150	1150	2150	-1	30.68448547889601
151	1151	2151	-1	10.78128694753517
152	1152	2152	-1	10.041388982947364
153	1153	2153	-1	10.716917750018661
154	1154	2154	-1	28.779999233945507
155	1155	2155	-1	29.42004882729401
156	1156	2156	-1	89.01760637401698
157	1157	2157	-1	90.30117750437302
158	1158	2158	-1	30.40237998450033
159	1159	2159	-1	10.466389321196393
160	1160	2160	-1	30.242987896906914
161	1161	2161	-1	30.69794207709867
162	1162	2162	-1	30.834243531892227
163	1163	2163	-1	29.973981566924884
164	1164	2164	-1	30.575235781417906
165	1165	2165	-1	29.1300457478979
166	1166	2166	-1	10.370957940145676
167	1167	2167	-1	10.909112543069561
168	1168	2168	-1	30.52650591300789
169	1169	2169	-1	8.712075520214706
170	1170	2170	-1	30.962094702002993
171	1171	2171	-1	9.910469194971856
172	1172	2172	-1	10.053586505666466
173	1173	2173	-1	8.948995687573353
174	1174	2174	-1	10.255243841328415
175	1175	2175	-1	31.100027217181307
176	1176	2176	-1	9.829802956044706
177	1177	2177	-1	180.9693229628346
178	1178	2178	-1	8.485794833017934
179	1179	2179	-1	90.20423527414955
180	1180	2180	-1	8.956676705598072
181	1181	2181	-1	11.579888712638384
182	1182	2182	-1	11.542397936347331
183	1183	2183	-1	28.61144587899759
184	1184	2184	-1	9.90938417590573
185	1185	2185	-1	31.69115787446807
186	1186	2186	-1	10.27021520334102
187	1187	2187	-1	268.743259337368
188	1188	2188	-1	9.714886252495967
189	1189	2189	-1	10.159715763736816
190	1190	2190	-1	9.869041729154432
191	1191	2191	-1	10.585271812756638
192	1192	2192	-1	9.422327259573311
193	1193	2193	-1	10.236977995507582
194	1194	2194	-1	10.361962711519874
195	1195	2195	-1	90.35239739536074
196	1196	2196	-1	29.078572734048695
197	1197	2197	-1	30.668840647527013
198	1198	2198	-1	29.697010299569065
199	1199	2199	-1	10.102427845998754
200	1200	2200	-1	10.724907761117903
201	1201	2201	-1	11.86075684953193
202	1202	2202	-1	29.69967886650051
203	1203	2203	-1	28.713218264826672
204	1204	2204	-1	89.1702686925611
205	1205	2205	-1	12.16615859069476
206	1206	2206	-1	10.015083216361472
207	1207	2207	-1	30.825012085364563
208	1208	2208	-1	30.512302727895374
209	1209	2209	-1	8.569125617390345
210	1210	2210	-1	9.581522494347675
211	1211	2211	-1	11.596794966952132
212	1212	2212	-1	9.07637778569702
213	1213	2213	-1	268.9334574727876
214	1214	2214	-1	30.805737090805998
215	1215	2215	-1	10.580807480467367
216	1216	2216	-1	9.295316024520298
217	1217	2217	-1	88.64681844324751
218	1218	2218	-1	9.525160639888128
219	1219	2219	-1	30.122244727249058
220	1220	2220	-1	30.12064709064556
221	1221	2221	-1	8.522265479391574
222	1222	2222	-1	10.0004087418183
223	1223	2223	-1	9.429408654403074
224	1224	2224	-1	30.447713537148488
225	1225	2225	-1	30.9571721683283
226	1226	2226	-1	29.070876296282947
227	1227	2227	-1	10.416044898875983
228	1228	2228	-1	30.465274348250983
229	1229	2229	-1	8.7877504918898
230	1230	2230	-1	90.08015330722554
231	1231	2231	-1	11.576299153501601
232	1232	2232	-1	9.943651086948375
233	1233	2233	-1	9.227578866299199
234	1234	2234	-1	10.909799618205286
235	1235	2235	-1	30.16296666164433
236	1236	2236	-1	90.17846930528876
237	1237	2237	-1	28.70948193369353
238	1238	2238	-1	9.474965034839578
239	1239	2239	-1	9.524675961714122
240	1240	2240	-1	9.854099637193993
241	1241	2241	-1	30.33739048048402
242	1242	2242	-1	10.052632155672692
243	1243	2243	-1	11.41266090720013
244	1244	2244	-1	10.646864173305929
245	1245	2245	-1	30.36542236208484
246	1246	2246	-1	8.805274560629881
247	1247	2247	-1	8.546719624308386
248	1248	2248	-1	10.670003892760521
249	1249	2249	-1	30.775139657256833
250	1250	2250	-1	30.18722359530381
251	1251	2251	-1	30.526775743231287
252	1252	2252	-1	269.92576955588714
253	1253	2253	-1	8.454193967657464
254	1254	2254	-1	30.544847265411143
255	1255	2255	-1	11.265332507060124
256	1256	2256	-1	30.558016152861185
257	1257	2257	-1	7.9929132475982385
258	1258	2258	-1	11.666188930273426
259	1259	2259	-1	29.83023242028428
260	1260	2260	-1	12.147964544397915
261	1261	2261	-1	271.2783429586348
262	1262	2262	-1	29.329928410842957
263	1263	2263	-1	29.77661107881746
264	1264	2264	-1	10.721298269648438
265	1265	2265	-1	10.26191270816551
266	1266	2266	-1	9.036264178154498
267	1267	2267	-1	11.027911821126239
268	1268	2268	-1	90.6561220159202
269	1269	2269	-1	28.960879255212838
270	1270	2270	-1	30.669175415426384
271	1271	2271	-1	9.504973146260575
272	1272	2272	-1	10.212967942539056
273	1273	2273	-1	8.503243915033302
274	1274	2274	-1	31.035980181329407
275	1275	2275	-1	8.719421326935635
276	1276	2276	-1	10.361910466380062
277	1277	2277	-1	29.705043352323887
278	1278	2278	-1	30.965790097142033
279	1279	2279	-1	11.732907529290468
280	1280	2280	-1	10.609433478642021
281	1281	2281	-1	8.581822254603862
282	1282	2282	-1	11.437252671590567
283	1283	2283	-1	8.456291109114613
284	1284	2284	-1	91.62345196330841
285	1285	2285	-1	90.08674075767576
286	1286	2286	-1	11.338374482429515
287	1287	2287	-1	89.45957058680287
288	1288	2288	-1	9.380936545614208
289	1289	2289	-1	30.314699079018187
290	1290	2290	-1	11.001898996306172
291	1291	2291	-1	7.765893203865179
292	1292	2292	-1	30.082188456442555
293	1293	2293	-1	10.180195325724515
294	1294	2294	-1	11.540331418758523
295	1295	2295	-1	30.37707659693001
296	1296	2296	-1	9.343082035982201
297	1297	2297	-1	10.688665492514609
298	1298	2298	-1	90.77762045632436
299	1299	2299	-1	89.78027851535943
300	1300	2300	-1	30.22364674946088
301	1301	2301	-1	9.34921402382418
302	1302	2302	-1	9.606125049431691
303	1303	2303	-1	29.644695234695742
304	1304	2304	-1	11.05083641958971
305	1305	2305	-1	8.169202974070032
306	1306	2306	-1	28.590031103924264
307	1307	2307	-1	29.67329057868262
308	1308	2308	-1	11.288898821727454
309	1309	2309	-1	28.33782953696744
310	1310	2310	-1	11.080580225344933
311	1311	2311	-1	29.538105969118774
312	1312	2312	-1	9.205534954887426
313	1313	2313	-1	9.009023061551467
314	1314	2314	-1	30.460945859758798
315	1315	2315	-1	11.077006758327963
316	1316	2316	-1	29.179036631797178
317	1317	2317	-1	91.04637390799253
318	1318	2318	-1	29.245003607248712
319	1319	2319	-1	9.286199430066073
320	1320	2320	-1	10.397114178826623
321	1321	2321	-1	9.66645538201956
322	1322	2322	-1	89.6916025402938
323	1323	2323	-1	10.01929941969097
324	1324	2324	-1	29.45866484135974
325	1325	2325	-1	31.410225840121846
326	1326	2326	-1	30.175497161075157
327	1327	2327	-1	181.3073927271658
328	1328	2328	-1	9.62544555630332
329	1329	2329	-1	10.757964239590924
330	1330	2330	-1	11.2632411056818
331	1331	2331	-1	12.316466739542435
332	1332	2332	-1	9.369316314594162
333	1333	2333	-1	9.06113128410056
334	1334	2334	-1	9.901554018865248
335	1335	2335	-1	9.842519752930553
336	1336	2336	-1	9.467643407714936
337	1337	2337	-1	9.064953909767144
338	1338	2338	-1	28.447188910991517
339	1339	2339	-1	9.685734665261853
340	1340	2340	-1	30.397106399031003
341	1341	2341	-1	29.103864101793047
342	1342	2342	-1	8.661068325534332
343	1343	2343	-1	9.871358638527296
344	1344	2344	-1	9.994419212476185
345	1345	2345	-1	10.565444692665086
346	1346	2346	-1	12.020256978592933
347	1347	2347	-1	92.21558078828599
348	1348	2348	-1	9.534223147136565
349	1349	2349	-1	30.596415343884953
350	1350	2350	-1	8.2745657809015
351	1351	2351	-1	90.06564393336996
352	1352	2352	-1	8.862345118877515
353	1353	2353	-1	11.413332538509497
354	1354	2354	-1	28.876312904498228
355	1355	2355	-1	27.91934049246543
356	1356	2356	-1	8.094406377312902
357	1357	2357	-1	9.730427699260172
358	1358	2358	-1	9.719132700101872
359	1359	2359	-1	9.201491050407206
360	1360	2360	-1	29.944083630519362
361	1361	2361	-1	30.06633991024718
362	1362	2362	-1	29.79839376415682
363	1363	2363	-1	10.728093436828829
364	1364	2364	-1	11.00331265743224
365	1365	2365	-1	30.475949257467633
366	1366	2366	-1	28.601501702596558
367	1367	2367	-1	11.652989479746086
368	1368	2368	-1	8.321513671351065
369	1369	2369	-1	90.5788308577531
370	1370	2370	-1	10.579089683632027
371	1371	2371	-1	30.25733645643673
372	1372	2372	-1	11.232011483170863
373	1373	2373	-1	8.368619043432732
374	1374	2374	-1	11.131494156562342
375	1375	2375	-1	29.244882123154436
376	1376	2376	-1	31.078685307383964
377	1377	2377	-1	30.59479377774627
378	1378	2378	-1	32.67392517700614
379	1379	2379	-1	10.565533330803845
380	1380	2380	-1	9.951030387708526
381	1381	2381	-1	9.691116248036284
382	1382	2382	-1	10.374155512422575
383	1383	2383	-1	88.66120279960488
384	1384	2384	-1	10.341623698315043
385	1385	2385	-1	28.59866832732473
386	1386	2386	-1	9.071376617755142
387	1387	2387	-1	31.41309249554037
388	1388	2388	-1	8.670770882668117
389	1389	2389	-1	8.869177525917275
390	1390	2390	-1	30.870565970738713
391	1391	2391	-1	10.914229050553308
392	1392	2392	-1	10.383089715291224
393	1393	2393	-1	11.567054454479702
394	1394	2394	-1	29.691101328541187
395	1395	2395	-1	29.34744725416221
396	1396	2396	-1	9.091876549966628
397	1397	2397	-1	30.554137262675148
398	1398	2398	-1	10.560316451793934
399	1399	2399	-1	10.441867392795148
400	1400	2400	-1	90.57752790746532
401	1401	2401	-1	10.263051805497401
402	1402	2402	-1	30.93191654304143
403	1403	2403	-1	10.37611710323245
404	1404	2404	-1	10.388314538115248
405	1405	2405	-1	11.535994384818855
406	1406	2406	-1	12.179567747241187
407	1407	2407	-1	91.0278090311396
408	1408	2408	-1	29.623953340236763
409	1409	2409	-1	28.607788704753773
410	1410	2410	-1	8.463646790039341
411	1411	2411	-1	90.22214787422625
412	1412	2412	-1	11.409531022410825
413	1413	2413	-1	27.60314035644325
414	1414	2414	-1	8.647651029235671
415	1415	2415	-1	29.725933828235746
416	1416	2416	-1	31.028893380915143
417	1417	2417	-1	8.324109402005263
418	1418	2418	-1	91.12975546229293
419	1419	2419	-1	10.393936513516975
420	1420	2420	-1	9.565402992244652
421	1421	2421	-1	9.516694240023593
422	1422	2422	-1	10.940004784829206
423	1423	2423	-1	30.923990470631527
424	1424	2424	-1	10.998731117056995
425	1425	2425	-1	11.874092411690128
426	1426	2426	-1	30.93153350059413
427	1427	2427	-1	8.985967650960674
428	1428	2428	-1	90.77167522055157
429	1429	2429	-1	9.450049914953308
430	1430	2430	-1	29.959991819240198
431	1431	2431	-1	28.82937551565202
432	1432	2432	-1	8.92498949620144
433	1433	2433	-1	31.487793787698415
434	1434	2434	-1	29.234186455180843
435	1435	2435	-1	12.076644968898673
436	1436	2436	-1	31.279430168560353
437	1437	2437	-1	11.652798856075279
438	1438	2438	-1	31.566497537732776
439	1439	2439	-1	29.183320300150193
440	1440	2440	-1	29.89471077903225
441	1441	2441	-1	28.65170618245572
442	1442	2442	-1	31.643782282609294
443	1443	2443	-1	11.617872390044926
444	1444	2444	-1	11.665757038208813
445	1445	2445	-1	9.844366750625651
446	1446	2446	-1	30.55642437147642
447	1447	2447	-1	30.496115012487092
448	1448	2448	-1	90.25544783210779
449	1449	2449	-1	9.047368883764804
450	1450	2450	-1	10.8225838737932
451	1451	2451	-1	90.2568560302199
452	1452	2452	-1	9.08501364623332
453	1453	2453	-1	30.410296420001465
454	1454	2454	-1	178.60953685514215
455	1455	2455	-1	12.411699610560365
456	1456	2456	-1	28.948268864047456
457	1457	2457	-1	10.776214804297648
458	1458	2458	-1	31.43321607507954
459	1459	2459	-1	9.389827364024757
460	1460	2460	-1	10.382409316827886
461	1461	2461	-1	9.840870171664477
462	1462	2462	-1	90.13955201243505
463	1463	2463	-1	90.59213287256482
464	1464	2464	-1	11.281752486982723
465	1465	2465	-1	28.74874380886271
466	1466	2466	-1	89.50810926339874
467	1467	2467	-1	9.412003008761312
468	1468	2468	-1	30.73498524508552
469	1469	2469	-1	28.059649494342022
470	1470	2470	-1	32.27340972314185
471	1471	2471	-1	8.033499451551805
472	1472	2472	-1	8.479393743122003
473	1473	2473	-1	29.79524040142628
474	1474	2474	-1	29.251233192173988
475	1475	2475	-1	30.144964045669592
476	1476	2476	-1	30.086861959569386
477	1477	2477	-1	29.26508720288066
478	1478	2478	-1	28.649632227594374
479	1479	2479	-1	29.32575629082002
480	1480	2480	-1	8.720750026216201
481	1481	2481	-1	31.169124895051677
482	1482	2482	-1	32.34350904038423
483	1483	2483	-1	29.290530892271192
484	1484	2484	-1	9.758371689438327
485	1485	2485	-1	29.942689294137644
486	1486	2486	-1	28.460211906749585
487	1487	2487	-1	10.667006210977046
488	1488	2488	-1	30.42879245013217
489	1489	2489	-1	10.659388327937277
490	1490	2490	-1	10.043908662047762
491	1491	2491	-1	8.502988553086608
492	1492	2492	-1	9.263759176827826
493	1493	2493	-1	9.621113812950828
494	1494	2494	-1	31.37301266873282
495	1495	2495	-1	179.77630287778774
496	1496	2496	-1	30.25459936225161
497	1497	2497	-1	11.187610716697517
498	1498	2498	-1	9.820601849255626
499	1499	2499	-1	30.225825567396093
500	1500	2500	-1	29.738458328523162
501	1501	2501	-1	10.811252348046667
502	1502	2502	-1	29.43473643258897
503	1503	2503	-1	11.10615727983031
504	1504	2504	-1	8.725851105966127
505	1505	2505	-1	11.026328135737975
506	1506	2506	-1	9.619575853445063
507	1507	2507	-1	10.639383423402963
508	1508	2508	-1	30.6825914047819
509	1509	2509	-1	29.38666153693887
510	1510	2510	-1	8.861679619964058
511	1511	2511	-1	31.05906370434865
512	1512	2512	-1	29.62904652718326
513	1513	2513	-1	30.148131381636546
514	1514	2514	-1	9.04107682388395
515	1515	2515	-1	30.935242573806374
516	1516	2516	-1	30.04048214696074
517	1517	2517	-1	30.237094412413985
518	1518	2518	-1	31.098499206116653
519	1519	2519	-1	28.8894966456167
520	1520	2520	-1	10.274432035927832
521	1521	2521	-1	30.332583940869814
522	1522	2522	-1	30.69580017567852
523	1523	2523	-1	10.114131972738999
524	1524	2524	-1	10.557015451234987
525	1525	2525	-1	7.530377218082155
526	1526	2526	-1	10.211249651282676
527	1527	2527	-1	10.801207230122747
528	1528	2528	-1	11.019344395688705
529	1529	2529	-1	540.8973659197952
530	1530	2530	-1	29.283864289930044
531	1531	2531	-1	9.03063600362356
532	1532	2532	-1	30.705047255003954
533	1533	2533	-1	9.7602303450421
534	1534	2534	-1	10.16702152884301
535	1535	2535	-1	8.941051704538749
536	1536	2536	-1	9.073143794421092
537	1537	2537	-1	10.891867399203127
538	1538	2538	-1	11.037572466763791
539	1539	2539	-1	9.851713482541305
540	1540	2540	-1	11.289581739571457
541	1541	2541	-1	30.51827221567065
542	1542	2542	-1	28.461309734899928
543	1543	2543	-1	9.754544152973274
544	1544	2544	-1	30.12074557615057
545	1545	2545	-1	29.723987773634587
546	1546	2546	-1	11.240436472615952
547	1547	2547	-1	8.480789449147203
548	1548	2548	-1	9.976854209795935
549	1549	2549	-1	10.003355164882688
550	1550	2550	-1	30.21630721954578
551	1551	2551	-1	9.417638098554669
552	1552	2552	-1	10.392222653198747
553	1553	2553	-1	10.762122436465383
554	1554	2554	-1	10.502770514339408
555	1555	2555	-1	30.528202356341392
556	1556	2556	-1	8.669666061464483
557	1557	2557	-1	10.906279913556054
558	1558	2558	-1	29.589236359458646
559	1559	2559	-1	9.419657056624317
560	1560	2560	-1	8.62995063012209
561	1561	2561	-1	29.708463180589323
562	1562	2562	-1	9.942874504290373
563	1563	2563	-1	30.51688663616549
564	1564	2564	-1	9.278198669311529
565	1565	2565	-1	30.018991098252286
566	1566	2566	-1	10.31416369304166
567	1567	2567	-1	28.602037994378467
568	1568	2568	-1	9.339295706409532
569	1569	2569	-1	30.46057361650835
570	1570	2570	-1	9.73652945844539
571	1571	2571	-1	31.237752295086626
572	1572	2572	-1	10.745095399665288
573	1573	2573	-1	28.202893029456707
574	1574	2574	-1	7.415400751391769
575	1575	2575	-1	8.679865900000518
576	1576	2576	-1	10.391916019306132
577	1577	2577	-1	11.124743035104077
578	1578	2578	-1	9.980734726297213
579	1579	2579	-1	10.571400090856553
580	1580	2580	-1	9.629146755901878
581	1581	2581	-1	30.129661939058835
582	1582	2582	-1	29.590052783499853
583	1583	2583	-1	91.53550001843426
584	1584	2584	-1	10.684418871147445
585	1585	2585	-1	30.359087695968356
586	1586	2586	-1	10.481306308452744
587	1587	2587	-1	10.130793589457816
588	1588	2588	-1	29.373288750988774
589	1589	2589	-1	8.363228233270465
590	1590	2590	-1	9.79880860636396
591	1591	2591	-1	91.05420919724757
592	1592	2592	-1	30.453330822198684
593	1593	2593	-1	27.945249496184537
594	1594	2594	-1	31.723323022365612
595	1595	2595	-1	8.802343999976415
596	1596	2596	-1	11.126310428874726
597	1597	2597	-1	29.8506692321345
598	1598	2598	-1	8.491980462643424
599	1599	2599	-1	29.951968431902433
600	1600	2600	-1	29.783243001878315
601	1601	2601	-1	30.743467269616843
602	1602	2602	-1	29.416345676264296
603	1603	2603	-1	30.619106542168808
604	1604	2604	-1	89.34656311743102
605	1605	2605	-1	9.601353376003374
606	1606	2606	-1	9.900716485885141
607	1607	2607	-1	6.840982655471239
608	1608	2608	-1	8.425611717655283
609	1609	2609	-1	11.223262919169848
610	1610	2610	-1	9.588375888977202
611	1611	2611	-1	8.335800694606409
612	1612	2612	-1	10.799839542988217
613	1613	2613	-1	9.018080940002914
614	1614	2614	-1	29.710988512745
615	1615	2615	-1	10.518246025050102
616	1616	2616	-1	11.812442033653229
617	1617	2617	-1	29.72358468565845
618	1618	2618	-1	8.684179517106438
619	1619	2619	-1	29.903485479873115
620	1620	2620	-1	10.452992288277956
621	1621	2621	-1	269.80585536015985
622	1622	2622	-1	10.633591960804704
623	1623	2623	-1	10.567393096164299
624	1624	2624	-1	10.359321448111224
625	1625	2625	-1	89.50255303732605
626	1626	2626	-1	9.49359577503439
627	1627	2627	-1	9.712216289192117
628	1628	2628	-1	10.498347532807934
629	1629	2629	-1	10.956882295491727
630	1630	2630	-1	9.66542795176367
631	1631	2631	-1	33.08805147810824
632	1632	2632	-1	88.18509062959791
633	1633	2633	-1	9.088455998898363
634	1634	2634	-1	89.20352683048105
635	1635	2635	-1	10.092139347952587
636	1636	2636	-1	9.692400554938386
637	1637	2637	-1	30.49165614854858
638	1638	2638	-1	8.651370829492945
639	1639	2639	-1	9.950457896907908
640	1640	2640	-1	30.166777047363308
641	1641	2641	-1	9.329673444218232
642	1642	2642	-1	9.491459329876953
643	1643	2643	-1	31.056818306823864
644	1644	2644	-1	30.40038212135882
645	1645	2645	-1	9.345590432320448
646	1646	2646	-1	9.762696847180893
647	1647	2647	-1	9.86632190371883
648	1648	2648	-1	9.883782001566058
649	1649	2649	-1	11.670495737979827
650	1650	2650	-1	10.031114977823744
651	1651	2651	-1	180.05333260976127
652	1652	2652	-1	9.702231449404612
653	1653	2653	-1	8.55517409897135
654	1654	2654	-1	29.92651737807569
655	1655	2655	-1	8.54717184186418
656	1656	2656	-1	11.623555799102071
657	1657	2657	-1	31.162371152309714
658	1658	2658	-1	28.9635295939005
659	1659	2659	-1	9.239697856837225
660	1660	2660	-1	30.980011401195867
661	1661	2661	-1	9.731259552135901
662	1662	2662	-1	30.981457409900155
663	1663	2663	-1	8.72899229004723
664	1664	2664	-1	30.69068171233468
665	1665	2665	-1	31.004021352492007
666	1666	2666	-1	29.238910465146954
667	1667	2667	-1	29.622332547419575
668	1668	2668	-1	10.355108729622565
669	1669	2669	-1	30.510722241349182
670	1670	2670	-1	29.973697274087854
671	1671	2671	-1	9.353311140958896
672	1672	2672	-1	28.543276887769593
673	1673	2673	-1	9.183080892050224
674	1674	2674	-1	8.888486630413889
675	1675	2675	-1	31.055505335744765
676	1676	2676	-1	30.081788248404237
677	1677	2677	-1	8.051676491021658
678	1678	2678	-1	10.358967980094544
679	1679	2679	-1	30.676444488779563
680	1680	2680	-1	31.15053864298813
681	1681	2681	-1	30.7296455877513
682	1682	2682	-1	30.19343383014316
683	1683	2683	-1	10.550490298888661
684	1684	2684	-1	10.061340680257098
685	1685	2685	-1	89.92652173852915
686	1686	2686	-1	8.50212851508066
687	1687	2687	-1	7.6545682101505435
688	1688	2688	-1	87.94752808749065
689	1689	2689	-1	9.765184463130922
690	1690	2690	-1	8.470362189240765
691	1691	2691	-1	10.004425918781145
692	1692	2692	-1	10.72266312902093
693	1693	2693	-1	10.461609720584134
694	1694	2694	-1	12.087616652039408
695	1695	2695	-1	10.583909908411862
696	1696	2696	-1	10.3084508073158
697	1697	2697	-1	12.461170699602569
698	1698	2698	-1	9.2608104199832
699	1699	2699	-1	10.258516979728185
700	1700	2700	-1	9.569248968714618
701	1701	2701	-1	9.280842731082208
702	1702	2702	-1	28.775236442542774
703	1703	2703	-1	10.158666503518322
704	1704	2704	-1	29.26156413243796
705	1705	2705	-1	30.43950707505445
706	1706	2706	-1	9.776098023136393
707	1707	2707	-1	29.99364423905061
708	1708	2708	-1	89.88373937449548
709	1709	2709	-1	9.214267628933419
710	1710	2710	-1	29.01749595767831
711	1711	2711	-1	30.905847616114198
712	1712	2712	-1	8.991710536350677
713	1713	2713	-1	8.730843203045652
714	1714	2714	-1	9.955668835448304
715	1715	2715	-1	9.417180956199761
716	1716	2716	-1	30.33708725059948
717	1717	2717	-1	8.86237829326386
718	1718	2718	-1	10.042524068971579
719	1719	2719	-1	8.04901846784714
720	1720	2720	-1	9.411729894739127
721	1721	2721	-1	28.74945473123524
722	1722	2722	-1	10.567002095693793
723	1723	2723	-1	10.876754559756336
724	1724	2724	-1	30.625243381072334
725	1725	2725	-1	28.11666534767241
726	1726	2726	-1	8.44123574434819
727	1727	2727	-1	28.90004373879074
728	1728	2728	-1	7.753887539286458
729	1729	2729	-1	9.895170997740037
730	1730	2730	-1	270.18605499538717
731	1731	2731	-1	29.54619339658382
732	1732	2732	-1	11.79612883384971
733	1733	2733	-1	10.566421052759985
734	1734	2734	-1	90.26293057993584
735	1735	2735	-1	29.863318836511436
736	1736	2736	-1	9.915208805730089
737	1737	2737	-1	9.431646758404096
738	1738	2738	-1	10.663652620093337
739	1739	2739	-1	29.764657849400805
740	1740	2740	-1	31.330827844784615
741	1741	2741	-1	28.570849289516413
742	1742	2742	-1	10.239835297828407
743	1743	2743	-1	10.179034901214337
744	1744	2744	-1	29.84171374983846
745	1745	2745	-1	90.02610039899547
746	1746	2746	-1	27.40604729357632
747	1747	2747	-1	9.699776043004983
748	1748	2748	-1	30.21068962719898
749	1749	2749	-1	8.795979799186943
750	1750	2750	-1	30.07494782299915
751	1751	2751	-1	30.73932574586602
752	1752	2752	-1	30.251724678410973
753	1753	2753	-1	12.148818259842216
754	1754	2754	-1	9.730892233992458
755	1755	2755	-1	29.415978716477483
756	1756	2756	-1	9.82956335558445
757	1757	2757	-1	10.489601167234822
758	1758	2758	-1	10.57931238773613
759	1759	2759	-1	10.575126950668917
760	1760	2760	-1	10.431389796884698
761	1761	2761	-1	30.499320985942706
762	1762	2762	-1	11.054061642760468
763	1763	2763	-1	11.8331532279944
764	1764	2764	-1	29.297750097921483
765	1765	2765	-1	29.58174588742078
766	1766	2766	-1	9.538279716208484
767	1767	2767	-1	9.87704869049972
768	1768	2768	-1	29.764211214107117
769	1769	2769	-1	8.75519811593487
770	1770	2770	-1	9.81672791232151
771	1771	2771	-1	31.48072964235388
772	1772	2772	-1	30.138187758273844
773	1773	2773	-1	10.477907728942283
774	1774	2774	-1	10.666300763948499
775	1775	2775	-1	90.22429325749351
776	1776	2776	-1	31.116045655800622
777	1777	2777	-1	30.205609822673928
778	1778	2778	-1	11.331064127852061
779	1779	2779	-1	9.966485974105538
780	1780	2780	-1	11.213259036749967
781	1781	2781	-1	11.350338926060232
782	1782	2782	-1	11.600459399896437
783	1783	2783	-1	9.723390495537855
784	1784	2784	-1	269.1486142868476
785	1785	2785	-1	28.25661677317625
786	1786	2786	-1	7.209858579092377
787	1787	2787	-1	10.331679464731108
788	1788	2788	-1	9.780959679223045
789	1789	2789	-1	28.814493552435422
790	1790	2790	-1	9.164404672178598
791	1791	2791	-1	8.71342325240032
792	1792	2792	-1	10.926699046145991
793	1793	2793	-1	10.076791706448594
794	1794	2794	-1	10.355041221852535
795	1795	2795	-1	89.67414103985573
796	1796	2796	-1	8.39356581121336
797	1797	2797	-1	30.185333145485405
798	1798	2798	-1	88.73761943361022
799	1799	2799	-1	29.704187030220062
800	1800	2800	-1	90.15651598536772
801	1801	2801	-1	10.339371212905442
802	1802	2802	-1	30.280763650407724
803	1803	2803	-1	10.770295068020786
804	1804	2804	-1	9.844028239356357
805	1805	2805	-1	11.25594872465006
806	1806	2806	-1	9.237323585016174
807	1807	2807	-1	9.05775850801001
808	1808	2808	-1	29.223354871605462
809	1809	2809	-1	10.17021635450554
810	1810	2810	-1	11.273223894104074
811	1811	2811	-1	90.21565301850228
812	1812	2812	-1	9.11090590136617
813	1813	2813	-1	9.178900343660437
814	1814	2814	-1	7.240759740806327
815	1815	2815	-1	9.817255973958071
816	1816	2816	-1	28.384444166858437
817	1817	2817	-1	10.433537103413004
818	1818	2818	-1	90.57318462849229
819	1819	2819	-1	90.7548788917259
820	1820	2820	-1	29.001047221797258
821	1821	2821	-1	29.727418442911564
822	1822	2822	-1	29.42686388538574
823	1823	2823	-1	8.536189178899987
824	1824	2824	-1	9.855858395101418
825	1825	2825	-1	9.719225806991291
826	1826	2826	-1	9.821551253942717
827	1827	2827	-1	10.478547493870918
828	1828	2828	-1	12.796370895524852
829	1829	2829	-1	12.072580296557565
830	1830	2830	-1	10.368718299862767
831	1831	2831	-1	89.27400064153268
832	1832	2832	-1	12.736961643050286
833	1833	2833	-1	180.47796684963748
834	1834	2834	-1	88.24115502687243
835	1835	2835	-1	30.00149827639421
836	1836	2836	-1	30.69503004709491
837	1837	2837	-1	28.90821744605056
838	1838	2838	-1	28.992330156105982
839	1839	2839	-1	90.94032461304282
840	1840	2840	-1	10.475319256248005
841	1841	2841	-1	31.08031690233615
842	1842	2842	-1	30.62364132462555
843	1843	2843	-1	29.082877978154993
844	1844	2844	-1	29.47295573532149
845	1845	2845	-1	32.27154212999623
846	1846	2846	-1	11.660074404515026
847	1847	2847	-1	30.832399624720505
848	1848	2848	-1	28.19295694653352
849	1849	2849	-1	9.346653942808434
850	1850	2850	-1	29.903290592166663
851	1851	2851	-1	9.731564880486
852	1852	2852	-1	10.389109799617469
853	1853	2853	-1	8.57419764553481
854	1854	2854	-1	29.94129431030495
855	1855	2855	-1	10.515960166579632
856	1856	2856	-1	9.45092557020749
857	1857	2857	-1	9.660614195376679
858	1858	2858	-1	180.95022116367647
859	1859	2859	-1	31.068199387492086
860	1860	2860	-1	29.806013457934107
861	1861	2861	-1	27.381264017037058
862	1862	2862	-1	9.302392398656945
863	1863	2863	-1	30.535052824794967
864	1864	2864	-1	10.16713547773095
865	1865	2865	-1	30.35891596510155
866	1866	2866	-1	29.47331701064471
867	1867	2867	-1	9.412333830445396
868	1868	2868	-1	8.567934034301866
869	1869	2869	-1	29.265750277481388
870	1870	2870	-1	30.632131048623
871	1871	2871	-1	30.63490664663765
872	1872	2872	-1	89.54524555230897
873	1873	2873	-1	30.391273367579974
874	1874	2874	-1	11.318902036309254
875	1875	2875	-1	28.773229841799825
876	1876	2876	-1	27.336499682898847
877	1877	2877	-1	30.600908604192167
878	1878	2878	-1	10.51543594240152
879	1879	2879	-1	9.60825710007604
880	1880	2880	-1	89.87703724318963
881	1881	2881	-1	90.89361075340294
882	1882	2882	-1	9.451794152172667
883	1883	2883	-1	11.576569617479759
884	1884	2884	-1	9.875388475174082
885	1885	2885	-1	9.54479047019091
886	1886	2886	-1	10.584623280793757
887	1887	2887	-1	91.34576591962227
888	1888	2888	-1	10.942894689159377
889	1889	2889	-1	9.675698989158173
890	1890	2890	-1	9.35434089371904
891	1891	2891	-1	11.841412511262384
892	1892	2892	-1	10.64479780622562
893	1893	2893	-1	32.011016390279664
894	1894	2894	-1	11.227752114396562
895	1895	2895	-1	27.474186052431246
896	1896	2896	-1	28.787918724536066
897	1897	2897	-1	27.998006350321873
898	1898	2898	-1	11.179331845945267
899	1899	2899	-1	10.412965203388028
900	1900	2900	-1	12.128915455566178
901	1901	2901	-1	8.732671421408405
902	1902	2902	-1	89.34348574661117
903	1903	2903	-1	30.749814493282386
904	1904	2904	-1	29.154094336850132
905	1905	2905	-1	90.20265467409938
906	1906	2906	-1	29.407385656595245
907	1907	2907	-1	9.919394583475183
908	1908	2908	-1	29.56981847288951
909	1909	2909	-1	10.437538780690778
910	1910	2910	-1	31.938720035504826
911	1911	2911	-1	8.9911677396954
912	1912	2912	-1	10.885837089647351
913	1913	2913	-1	30.09876464559613
914	1914	2914	-1	8.923647965855361
915	1915	2915	-1	8.341759680544182
916	1916	2916	-1	29.909547580946107
917	1917	2917	-1	8.229773361880625
918	1918	2918	-1	30.14355216580068
919	1919	2919	-1	30.53641974056181
920	1920	2920	-1	29.574880548083307
921	1921	2921	-1	10.17393293820132
922	1922	2922	-1	9.760807984127837
923	1923	2923	-1	10.298020068553381
924	1924	2924	-1	10.234640521889073
925	1925	2925	-1	27.904492737973154
926	1926	2926	-1	31.338913769867577
927	1927	2927	-1	29.474448612305196
928	1928	2928	-1	11.78099077368056
929	1929	2929	-1	30.40521303373012
930	1930	2930	-1	31.33883484835767
931	1931	2931	-1	9.335318508547758
932	1932	2932	-1	31.0163019280924
933	1933	2933	-1	8.966454774956913
934	1934	2934	-1	10.207413682729735
935	1935	2935	-1	8.996668821470022
936	1936	2936	-1	30.267489398997363
937	1937	2937	-1	30.470101960753126
938	1938	2938	-1	8.584204712724604
939	1939	2939	-1	30.01337756243965
940	1940	2940	-1	29.4611777106575
941	1941	2941	-1	30.336260265188862
942	1942	2942	-1	91.29940785587557
943	1943	2943	-1	31.266365721344705
944	1944	2944	-1	10.263979815646183
945	1945	2945	-1	30.783498579637584
946	1946	2946	-1	11.688626150130618
947	1947	2947	-1	30.173350219269384
948	1948	2948	-1	10.266547893398945
949	1949	2949	-1	10.13761030185678
950	1950	2950	-1	30.633080930681334
951	1951	2951	-1	10.688883220155942
952	1952	2952	-1	28.100005935048422
953	1953	2953	-1	29.080682121597487
954	1954	2954	-1	28.927466989124902
955	1955	2955	-1	10.524456335554843
956	1956	2956	-1	29.258620407396425
957	1957	2957	-1	31.448438681307138
958	1958	2958	-1	10.6854368604295
959	1959	2959	-1	29.64409566275347
960	1960	2960	-1	9.849258109437946
961	1961	2961	-1	30.458638023486046
962	1962	2962	-1	10.173331065340765
963	1963	2963	-1	12.544353691989835
964	1964	2964	-1	10.293522424705396
965	1965	2965	-1	10.334564920330893
966	1966	2966	-1	90.20802596024427
967	1967	2967	-1	11.651939642790152
968	1968	2968	-1	29.87054224888233
969	1969	2969	-1	29.87830203647694
970	1970	2970	-1	31.54792471271457
971	1971	2971	-1	11.74788708227621
972	1972	2972	-1	10.311294165607022
973	1973	2973	-1	10.579865839945903
974	1974	2974	-1	9.171915937576259
975	1975	2975	-1	90.84780183986008
976	1976	2976	-1	11.155323286623556
977	1977	2977	-1	11.187711562133654
978	1978	2978	-1	11.744511966934416
979	1979	2979	-1	9.815866934367518
980	1980	2980	-1	9.675221049901992
981	1981	2981	-1	9.406596333339674
982	1982	2982	-1	10.35074587389208
983	1983	2983	-1	181.45321481215112
984	1984	2984	-1	9.753608199052119
985	1985	2985	-1	8.280289211155242
986	1986	2986	-1	10.000929528960835
987	1987	2987	-1	30.642785277063
988	1988	2988	-1	30.203540279815634
989	1989	2989	-1	30.09906035597421
990	1990	2990	-1	9.034545554594866
991	1991	2991	-1	10.15449573722394
992	1992	2992	-1	11.479410591680901
993	1993	2993	-1	10.385955187410552
994	1994	2994	-1	29.37702900175291
995	1995	2995	-1	10.43439132887218
996	1996	2996	-1	91.83951591129092
997	1997	2997	-1	90.69706121303297
998	1998	2998	-1	10.332006849299306
999	1999	2999	-1	89.64844562343035
