ind_ID	father_ID	mother_ID	Sex	Phenotype
0	1000	2000	-1	14.233661960036233
1	1001	2001	-1	13.931782351229785
2	1002	2002	-1	8.576799993740792
3	1003	2003	-1	10.278785758944839
4	1004	2004	-1	16.111528596470745
5	1005	2005	-1	10.540681784771861
6	1006	2006	-1	9.962143994660222
7	1007	2007	-1	6.963546977251114
8	1008	2008	-1	10.019002890427231
9	1009	2009	-1	45.20356524047128
10	1010	2010	-1	9.16775983837155
11	1011	2011	-1	10.203960683806848
12	1012	2012	-1	11.856986568910395
13	1013	2013	-1	12.74830607997922
14	1014	2014	-1	9.864579954449745
15	1015	2015	-1	8.754709942479174
16	1016	2016	-1	8.668775003136771
17	1017	2017	-1	13.027224924190058
18	1018	2018	-1	9.181209038717645
19	1019	2019	-1	9.584843784752273
20	1020	2020	-1	8.235601797011611
21	1021	2021	-1	9.118358431594187
22	1022	2022	-1	14.684495399765472
23	1023	2023	-1	10.082803619150724
24	1024	2024	-1	8.981030847401723
25	1025	2025	-1	8.899911803452547
26	1026	2026	-1	9.342325663353428
27	1027	2027	-1	9.447460061375324
28	1028	2028	-1	9.527509283781592
29	1029	2029	-1	10.483401360759691
30	1030	2030	-1	20.588269010089444
31	1031	2031	-1	14.919303451943168
32	1032	2032	-1	10.72397869707401
33	1033	2033	-1	11.051638129392865
34	1034	2034	-1	9.954752711542282
35	1035	2035	-1	29.916765884300784
36	1036	2036	-1	10.36296918327654
37	1037	2037	-1	23.629733172579698
38	1038	2038	-1	16.620642866696425
39	1039	2039	-1	20.684411507256755
40	1040	2040	-1	29.32274404949055
41	1041	2041	-1	14.030195970981158
42	1042	2042	-1	12.162701344503468
43	1043	2043	-1	8.649361116333804
44	1044	2044	-1	9.645774824712237
45	1045	2045	-1	10.00142906312321
46	1046	2046	-1	10.550740825058687
47	1047	2047	-1	15.779266828995198
48	1048	2048	-1	10.289889947485646
49	1049	2049	-1	45.1969657271852
50	1050	2050	-1	10.803404242082765
51	1051	2051	-1	10.792706201759449
52	1052	2052	-1	15.869456119810666
53	1053	2053	-1	28.87097085749127
54	1054	2054	-1	31.274690335233643
55	1055	2055	-1	9.00500190036796
56	1056	2056	-1	8.892974576847646
57	1057	2057	-1	13.949410330828922
58	1058	2058	-1	29.20236891418556
59	1059	2059	-1	9.201160840463334
60	1060	2060	-1	9.488341495759483
61	1061	2061	-1	15.83764795824246
62	1062	2062	-1	14.873543935951538
63	1063	2063	-1	14.44076323001478
64	1064	2064	-1	29.827169220035582
65	1065	2065	-1	30.512818104854023
66	1066	2066	-1	11.484717585868614
67	1067	2067	-1	11.462426541884321
68	1068	2068	-1	9.09574925325331
69	1069	2069	-1	10.299102918744175
70	1070	2070	-1	11.569538385424762
71	1071	2071	-1	9.253473370294442
72	1072	2072	-1	13.604935569618096
73	1073	2073	-1	11.226423203469578
74	1074	2074	-1	10.225550691952387
75	1075	2075	-1	22.28694039050455
76	1076	2076	-1	9.928915406830546
77	1077	2077	-1	9.824594770956915
78	1078	2078	-1	9.033743071009145
79	1079	2079	-1	8.778226489498731
80	1080	2080	-1	12.978935920501957
81	1081	2081	-1	10.469037606536723
82	1082	2082	-1	8.932525244979358
83	1083	2083	-1	29.661922766006885
84	1084	2084	-1	15.826006767358693
85	1085	2085	-1	10.10642993491217
86	1086	2086	-1	10.50324197584465
87	1087	2087	-1	9.606581567843865
88	1088	2088	-1	11.035134605482968
89	1089	2089	-1	12.180361182861708
90	1090	2090	-1	15.168472157872806
91	1091	2091	-1	16.031232152476054
92	1092	2092	-1	9.076286340638852
93	1093	2093	-1	9.045196819871444
94	1094	2094	-1	15.643918580312866
95	1095	2095	-1	9.582079218302965
96	1096	2096	-1	11.753019825287199
97	1097	2097	-1	19.37637404241309
98	1098	2098	-1	9.228628496424458
99	1099	2099	-1	14.651281891232228
100	1100	2100	-1	9.661340487237553
101	1101	2101	-1	10.87551949377906
102	1102	2102	-1	9.772582853096333
103	1103	2103	-1	14.016316370675975
104	1104	2104	-1	15.74080190899203
105	1105	2105	-1	11.263543027901886
106	1106	2106	-1	10.754982603149447
107	1107	2107	-1	10.732203926800507
108	1108	2108	-1	30.31870875851392
109	1109	2109	-1	10.180376545550427
110	1110	2110	-1	11.239248776443928
111	1111	2111	-1	10.05270971056154
112	1112	2112	-1	13.200288824667822
113	1113	2113	-1	30.686732511470307
114	1114	2114	-1	9.488804615730496
115	1115	2115	-1	45.35449591664725
116	1116	2116	-1	14.927029685169787
117	1117	2117	-1	15.187859418314389
118	1118	2118	-1	9.703320665658648
119	1119	2119	-1	12.669489280418027
120	1120	2120	-1	8.593476389963254
121	1121	2121	-1	14.860544051488628
122	1122	2122	-1	10.001389432176136
123	1123	2123	-1	21.40067507371562
124	1124	2124	-1	10.9749475374801
125	1125	2125	-1	9.60680837706374
126	1126	2126	-1	10.350439319661362
127	1127	2127	-1	8.71401778639434
128	1128	2128	-1	10.257489682958306
129	1129	2129	-1	9.913661222164
130	1130	2130	-1	15.46528438814147
131	1131	2131	-1	8.92798466567691
132	1132	2132	-1	9.221992440562188
133	1133	2133	-1	12.654129279824344
134	1134	2134	-1	10.664759519652815
135	1135	2135	-1	10.820259422858364
136	1136	2136	-1	10.516798457895145
137	1137	2137	-1	9.643088500950968
138	1138	2138	-1	11.967275093492244
139	1139	2139	-1	29.53353768194888
140	1140	2140	-1	16.03834933097258
141	1141	2141	-1	9.189315044802196
142	1142	2142	-1	14.977263290087565
143	1143	2143	-1	9.664902612091568
144	1144	2144	-1	11.058901916764958
145	1145	2145	-1	15.359835577112246
146	1146	2146	-1	13.05527098090756
147	1147	2147	-1	14.673598687373863
148	1148	2148	-1	14.166328191005196
149	1149	2149	-1	14.712796178480747
150	1150	2150	-1	11.713048431848213
151	1151	2151	-1	8.808450061680428
152	1152	2152	-1	10.47722922056941
153	1153	2153	-1	10.865863233670158
154	1154	2154	-1	10.957116460791125
155	1155	2155	-1	11.816515556427776
156	1156	2156	-1	31.44121007402439
157	1157	2157	-1	8.981755473921943
158	1158	2158	-1	12.54607187737739
159	1159	2159	-1	14.0138275101945
160	1160	2160	-1	10.007058820528053
161	1161	2161	-1	11.723760251006686
162	1162	2162	-1	13.164213356308807
163	1163	2163	-1	14.113330403495649
164	1164	2164	-1	10.243027501808157
165	1165	2165	-1	10.792362113596944
166	1166	2166	-1	15.326191212229906
167	1167	2167	-1	10.075405569393558
168	1168	2168	-1	10.370193612361643
169	1169	2169	-1	9.569670016763196
170	1170	2170	-1	11.582441476575228
171	1171	2171	-1	9.279902353384832
172	1172	2172	-1	10.399419495992765
173	1173	2173	-1	13.54567473050427
174	1174	2174	-1	9.739405072501242
175	1175	2175	-1	12.160281984586176
176	1176	2176	-1	7.582015173931822
177	1177	2177	-1	15.051596789143286
178	1178	2178	-1	10.567583371133205
179	1179	2179	-1	8.617262157665323
180	1180	2180	-1	28.890376752491417
181	1181	2181	-1	15.321715483688294
182	1182	2182	-1	14.755644094698184
183	1183	2183	-1	14.141314251262099
184	1184	2184	-1	14.56252304139797
185	1185	2185	-1	16.467400827302804
186	1186	2186	-1	8.759631577131179
187	1187	2187	-1	10.086513313392334
188	1188	2188	-1	9.25008605428292
189	1189	2189	-1	10.662420669274749
190	1190	2190	-1	9.777012028704473
191	1191	2191	-1	16.67626891608767
192	1192	2192	-1	8.89722043751708
193	1193	2193	-1	10.64042621550436
194	1194	2194	-1	7.342676184112904
195	1195	2195	-1	7.716423180342737
196	1196	2196	-1	10.655475728089975
197	1197	2197	-1	9.947243809895584
198	1198	2198	-1	10.47816014359905
199	1199	2199	-1	29.42763694874275
200	1200	2200	-1	10.950701862594403
201	1201	2201	-1	15.018259900654465
202	1202	2202	-1	28.704051665487885
203	1203	2203	-1	9.100017551424445
204	1204	2204	-1	22.46076252683091
205	1205	2205	-1	8.964062676036818
206	1206	2206	-1	9.658992679638477
207	1207	2207	-1	9.156807199900271
208	1208	2208	-1	7.605437242122651
209	1209	2209	-1	9.267418451291341
210	1210	2210	-1	13.600760898206767
211	1211	2211	-1	14.824750569514249
212	1212	2212	-1	14.388521873620544
213	1213	2213	-1	9.624319186668957
214	1214	2214	-1	11.180726982109157
215	1215	2215	-1	15.950189224153949
216	1216	2216	-1	8.8007677706291
217	1217	2217	-1	10.191522703433337
218	1218	2218	-1	11.50464019273765
219	1219	2219	-1	10.758616640373273
220	1220	2220	-1	9.011924925294075
221	1221	2221	-1	16.873864949313933
222	1222	2222	-1	9.699013239249334
223	1223	2223	-1	9.044474029650958
224	1224	2224	-1	12.743440362488922
225	1225	2225	-1	11.608870501551985
226	1226	2226	-1	10.774234418933714
227	1227	2227	-1	9.982333347138468
228	1228	2228	-1	10.10164153397257
229	1229	2229	-1	7.697352844491809
230	1230	2230	-1	14.231258152814872
231	1231	2231	-1	8.959849609492418
232	1232	2232	-1	9.514172295171756
233	1233	2233	-1	9.822333463148304
234	1234	2234	-1	9.455171547588025
235	1235	2235	-1	11.953015751186973
236	1236	2236	-1	9.333956819248055
237	1237	2237	-1	14.914436931303655
238	1238	2238	-1	10.226527958725436
239	1239	2239	-1	14.812915859889067
240	1240	2240	-1	9.67639798082156
241	1241	2241	-1	10.331150845488068
242	1242	2242	-1	14.274151491692379
243	1243	2243	-1	8.853983883059135
244	1244	2244	-1	14.50764010765295
245	1245	2245	-1	21.935901678458645
246	1246	2246	-1	9.327193793928103
247	1247	2247	-1	14.582690063335363
248	1248	2248	-1	9.69319811214243
249	1249	2249	-1	10.186655158029154
250	1250	2250	-1	10.048516582131079
251	1251	2251	-1	13.746323702668407
252	1252	2252	-1	8.43577753258783
253	1253	2253	-1	11.079678163052078
254	1254	2254	-1	9.807187182200634
255	1255	2255	-1	14.916364644805217
256	1256	2256	-1	32.33998438109009
257	1257	2257	-1	9.77516465085368
258	1258	2258	-1	9.716212499276631
259	1259	2259	-1	11.08738349259833
260	1260	2260	-1	8.530731360627597
261	1261	2261	-1	11.266243962758638
262	1262	2262	-1	8.557696286042766
263	1263	2263	-1	9.551127768384399
264	1264	2264	-1	9.470330816665445
265	1265	2265	-1	9.873208529584454
266	1266	2266	-1	11.33954148459736
267	1267	2267	-1	11.117256857446113
268	1268	2268	-1	10.811930434797986
269	1269	2269	-1	10.474738645508854
270	1270	2270	-1	8.318471379210889
271	1271	2271	-1	14.3605835122723
272	1272	2272	-1	9.34165710245497
273	1273	2273	-1	10.801631169451246
274	1274	2274	-1	9.282215434169826
275	1275	2275	-1	12.512476155489951
276	1276	2276	-1	10.122291359061618
277	1277	2277	-1	13.285755145086387
278	1278	2278	-1	11.833518834482467
279	1279	2279	-1	15.387162918754392
280	1280	2280	-1	10.442449873943144
281	1281	2281	-1	43.899613219817546
282	1282	2282	-1	10.778252632482861
283	1283	2283	-1	9.459154155552461
284	1284	2284	-1	9.345704696219014
285	1285	2285	-1	9.809664018498752
286	1286	2286	-1	10.519233354843134
287	1287	2287	-1	10.361441430935326
288	1288	2288	-1	9.23531128865952
289	1289	2289	-1	14.409908419620818
290	1290	2290	-1	9.844767404355883
291	1291	2291	-1	8.164920093281808
292	1292	2292	-1	16.25726395798853
293	1293	2293	-1	15.369616995186204
294	1294	2294	-1	10.455860971086611
295	1295	2295	-1	9.002787586200045
296	1296	2296	-1	11.210172525053633
297	1297	2297	-1	9.66862082033441
298	1298	2298	-1	17.06786489171731
299	1299	2299	-1	8.697288694941946
300	1300	2300	-1	10.401856021412653
301	1301	2301	-1	11.04615798111184
302	1302	2302	-1	10.255814533636503
303	1303	2303	-1	19.138897081089855
304	1304	2304	-1	15.027447825652601
305	1305	2305	-1	12.37423625268649
306	1306	2306	-1	10.213116992514871
307	1307	2307	-1	14.555746807976426
308	1308	2308	-1	10.627088458209874
309	1309	2309	-1	14.926331174415473
310	1310	2310	-1	10.42000439192851
311	1311	2311	-1	10.586495174527535
312	1312	2312	-1	8.707136008145893
313	1313	2313	-1	10.957626658015448
314	1314	2314	-1	11.131162267370673
315	1315	2315	-1	15.747642475818822
316	1316	2316	-1	9.594116397759144
317	1317	2317	-1	14.741199832645949
318	1318	2318	-1	9.124887533703511
319	1319	2319	-1	9.24829299480191
320	1320	2320	-1	10.39483347497103
321	1321	2321	-1	8.870162870303172
322	1322	2322	-1	7.752377432231075
323	1323	2323	-1	15.48669858376259
324	1324	2324	-1	11.06503760083796
325	1325	2325	-1	29.257972380092866
326	1326	2326	-1	8.802424667883036
327	1327	2327	-1	14.772244319656599
328	1328	2328	-1	13.336738837807223
329	1329	2329	-1	15.634214682890503
330	1330	2330	-1	9.604963792693205
331	1331	2331	-1	13.96931052659374
332	1332	2332	-1	8.961197084657332
333	1333	2333	-1	16.229246389830852
334	1334	2334	-1	10.448893515536222
335	1335	2335	-1	10.048535412425714
336	1336	2336	-1	30.624002133542007
337	1337	2337	-1	10.469340328275521
338	1338	2338	-1	8.824100437301967
339	1339	2339	-1	15.96800955240467
340	1340	2340	-1	9.131998136930068
341	1341	2341	-1	9.57659694348316
342	1342	2342	-1	11.014578071154084
343	1343	2343	-1	9.495494414930969
344	1344	2344	-1	10.662462096444205
345	1345	2345	-1	23.738412329045
346	1346	2346	-1	10.499056734580027
347	1347	2347	-1	9.318529511385199
348	1348	2348	-1	10.30288529425041
349	1349	2349	-1	9.882447680259355
350	1350	2350	-1	11.041074885709637
351	1351	2351	-1	9.024574306901142
352	1352	2352	-1	30.09553340966335
353	1353	2353	-1	8.1156522004792
354	1354	2354	-1	15.918368512762786
355	1355	2355	-1	10.602134562584645
356	1356	2356	-1	9.089251555889991
357	1357	2357	-1	13.614854204321666
358	1358	2358	-1	10.118350434398787
359	1359	2359	-1	9.18639859996309
360	1360	2360	-1	15.265966962079249
361	1361	2361	-1	11.154991740169303
362	1362	2362	-1	12.035087116816548
363	1363	2363	-1	10.520790397385984
364	1364	2364	-1	16.344016415427397
365	1365	2365	-1	9.209329994082719
366	1366	2366	-1	9.83145129338243
367	1367	2367	-1	28.361375461080648
368	1368	2368	-1	14.47821214991526
369	1369	2369	-1	9.194002402815169
370	1370	2370	-1	11.20418850827166
371	1371	2371	-1	15.897089925681858
372	1372	2372	-1	11.936833531407187
373	1373	2373	-1	10.210806083847505
374	1374	2374	-1	13.544715649522407
375	1375	2375	-1	10.047766983480678
376	1376	2376	-1	7.670785528377715
377	1377	2377	-1	10.910499129504943
378	1378	2378	-1	28.93168581039207
379	1379	2379	-1	23.388849323931904
380	1380	2380	-1	9.318470122113528
381	1381	2381	-1	10.13611090093726
382	1382	2382	-1	29.90817280430293
383	1383	2383	-1	7.896838456094773
384	1384	2384	-1	15.369522280485944
385	1385	2385	-1	14.874956857974276
386	1386	2386	-1	14.491405402871564
387	1387	2387	-1	10.743252819169758
388	1388	2388	-1	10.907538198778166
389	1389	2389	-1	13.64115988861607
390	1390	2390	-1	9.101090376872067
391	1391	2391	-1	8.576115563246663
392	1392	2392	-1	11.693016053707247
393	1393	2393	-1	9.951468203766785
394	1394	2394	-1	10.301803086407439
395	1395	2395	-1	10.5087771660413
396	1396	2396	-1	15.216088215276269
397	1397	2397	-1	10.143857414636296
398	1398	2398	-1	7.674393497382433
399	1399	2399	-1	9.127752372488626
400	1400	2400	-1	16.54355306913052
401	1401	2401	-1	9.105049224917465
402	1402	2402	-1	11.233837727268352
403	1403	2403	-1	10.384272784665308
404	1404	2404	-1	11.48462413116921
405	1405	2405	-1	16.858440893486872
406	1406	2406	-1	16.1591125061217
407	1407	2407	-1	9.874978501855493
408	1408	2408	-1	9.814084131416521
409	1409	2409	-1	10.13830499341276
410	1410	2410	-1	15.737947268847746
411	1411	2411	-1	29.970014739877563
412	1412	2412	-1	21.401146438745567
413	1413	2413	-1	32.029246522572855
414	1414	2414	-1	9.617614950232042
415	1415	2415	-1	8.96720574488269
416	1416	2416	-1	10.87356097333314
417	1417	2417	-1	10.838243538623164
418	1418	2418	-1	10.791566878269022
419	1419	2419	-1	9.922809251770008
420	1420	2420	-1	10.122477041096358
421	1421	2421	-1	10.528526160250888
422	1422	2422	-1	10.073499330453929
423	1423	2423	-1	8.58581195384293
424	1424	2424	-1	8.959493695736796
425	1425	2425	-1	9.703978331626464
426	1426	2426	-1	10.884224819216932
427	1427	2427	-1	10.610950782356134
428	1428	2428	-1	9.2186094393561
429	1429	2429	-1	8.686404352727736
430	1430	2430	-1	8.600966508751416
431	1431	2431	-1	10.133795635362763
432	1432	2432	-1	14.12032619117079
433	1433	2433	-1	7.791767379925017
434	1434	2434	-1	16.48900867003992
435	1435	2435	-1	14.969415996255908
436	1436	2436	-1	12.027359776846795
437	1437	2437	-1	28.77829525706894
438	1438	2438	-1	10.331382627961943
439	1439	2439	-1	14.612299291942671
440	1440	2440	-1	14.22670663149413
441	1441	2441	-1	10.049908522340477
442	1442	2442	-1	9.571024774569098
443	1443	2443	-1	16.494261490104755
444	1444	2444	-1	9.621734480291275
445	1445	2445	-1	11.87730132271868
446	1446	2446	-1	9.348235634364025
447	1447	2447	-1	14.572919875831836
448	1448	2448	-1	9.64541151997354
449	1449	2449	-1	10.17116386621366
450	1450	2450	-1	7.715070557478384
451	1451	2451	-1	10.25517909971683
452	1452	2452	-1	14.405697757366081
453	1453	2453	-1	10.262197016605478
454	1454	2454	-1	13.579476192006702
455	1455	2455	-1	15.213515846072582
456	1456	2456	-1	45.049708012810214
457	1457	2457	-1	11.055972377313227
458	1458	2458	-1	8.831077375164861
459	1459	2459	-1	16.045738290678536
460	1460	2460	-1	67.11653219567545
461	1461	2461	-1	9.937344385321284
462	1462	2462	-1	10.228083673668884
463	1463	2463	-1	9.474286811592275
464	1464	2464	-1	14.413066778845653
465	1465	2465	-1	8.845861775843186
466	1466	2466	-1	15.767263821090857
467	1467	2467	-1	9.586646602154898
468	1468	2468	-1	10.175198386764691
469	1469	2469	-1	9.790778245707669
470	1470	2470	-1	9.313140527280451
471	1471	2471	-1	29.289000524222303
472	1472	2472	-1	10.16665849663502
473	1473	2473	-1	8.960943450127644
474	1474	2474	-1	11.377550988034734
475	1475	2475	-1	19.607972405437323
476	1476	2476	-1	10.142940250956356
477	1477	2477	-1	9.437804368390672
478	1478	2478	-1	13.854285389507705
479	1479	2479	-1	10.808699158862133
480	1480	2480	-1	15.708100393873307
481	1481	2481	-1	13.572513297803013
482	1482	2482	-1	11.299533086446807
483	1483	2483	-1	9.795825840484358
484	1484	2484	-1	9.306941453024873
485	1485	2485	-1	14.510729318836562
486	1486	2486	-1	10.253934924101285
487	1487	2487	-1	8.93830429193665
488	1488	2488	-1	31.071588177007072
489	1489	2489	-1	15.039960804362343
490	1490	2490	-1	10.228215267582817
491	1491	2491	-1	46.16729336086069
492	1492	2492	-1	10.90059832471465
493	1493	2493	-1	14.76263880634469
494	1494	2494	-1	16.598926583022116
495	1495	2495	-1	11.599389880315526
496	1496	2496	-1	8.702828958335267
497	1497	2497	-1	8.644902855492125
498	1498	2498	-1	11.091293848551723
499	1499	2499	-1	9.079716461060762
500	1500	2500	-1	8.827847599075016
501	1501	2501	-1	8.01674406470284
502	1502	2502	-1	9.27446728455245
503	1503	2503	-1	14.914548292068146
504	1504	2504	-1	10.37410602526282
505	1505	2505	-1	9.385828225022602
506	1506	2506	-1	9.284837688015227
507	1507	2507	-1	14.798630831889087
508	1508	2508	-1	9.311469988177084
509	1509	2509	-1	12.674399649448835
510	1510	2510	-1	10.26268041249101
511	1511	2511	-1	9.830266151860075
512	1512	2512	-1	9.775893747781074
513	1513	2513	-1	9.58075542525885
514	1514	2514	-1	15.298346673669524
515	1515	2515	-1	15.6774411474439
516	1516	2516	-1	12.426586351968488
517	1517	2517	-1	28.60886418301515
518	1518	2518	-1	8.536770658271022
519	1519	2519	-1	30.237999138418747
520	1520	2520	-1	10.632741119610563
521	1521	2521	-1	10.01369011854405
522	1522	2522	-1	13.269201839577647
523	1523	2523	-1	10.652501682880665
524	1524	2524	-1	10.28060984439495
525	1525	2525	-1	15.356024210095073
526	1526	2526	-1	9.783569500413446
527	1527	2527	-1	11.832336615660202
528	1528	2528	-1	19.673891596097235
529	1529	2529	-1	13.820614222736124
530	1530	2530	-1	9.877318700984253
531	1531	2531	-1	10.45839066523904
532	1532	2532	-1	10.356619936280108
533	1533	2533	-1	9.178102349658827
534	1534	2534	-1	10.229629236235636
535	1535	2535	-1	28.869381091656503
536	1536	2536	-1	15.534481870141095
537	1537	2537	-1	30.274197780392743
538	1538	2538	-1	11.014615713301795
539	1539	2539	-1	13.133029284945499
540	1540	2540	-1	9.124499812849514
541	1541	2541	-1	9.011442685110342
542	1542	2542	-1	15.901630250455062
543	1543	2543	-1	11.179528555511753
544	1544	2544	-1	8.733931712047948
545	1545	2545	-1	15.351867797068458
546	1546	2546	-1	15.07585224124838
547	1547	2547	-1	8.211486747834785
548	1548	2548	-1	14.84331885075081
549	1549	2549	-1	8.21898250939434
550	1550	2550	-1	11.31953791757375
551	1551	2551	-1	28.907215961711152
552	1552	2552	-1	10.891917233306575
553	1553	2553	-1	15.359383120700986
554	1554	2554	-1	10.784509317596584
555	1555	2555	-1	10.149915365952339
556	1556	2556	-1	9.67276327500514
557	1557	2557	-1	10.054322570783937
558	1558	2558	-1	10.558838084676134
559	1559	2559	-1	9.695395057872004
560	1560	2560	-1	9.600618252886719
561	1561	2561	-1	14.90193352422175
562	1562	2562	-1	13.571502348471103
563	1563	2563	-1	10.101733621432977
564	1564	2564	-1	9.912858662007247
565	1565	2565	-1	10.71592836857737
566	1566	2566	-1	8.977284186158618
567	1567	2567	-1	7.921302388770004
568	1568	2568	-1	9.371170098706065
569	1569	2569	-1	16.051009309443316
570	1570	2570	-1	11.464023139226013
571	1571	2571	-1	11.622345459163721
572	1572	2572	-1	14.661957491055704
573	1573	2573	-1	10.478607887447803
574	1574	2574	-1	8.751715037338407
575	1575	2575	-1	10.599620524243583
576	1576	2576	-1	9.278141552609748
577	1577	2577	-1	10.926284170226145
578	1578	2578	-1	22.935619313155186
579	1579	2579	-1	11.623908393043648
580	1580	2580	-1	14.185595845327708
581	1581	2581	-1	10.840220921308957
582	1582	2582	-1	9.119953165722661
583	1583	2583	-1	15.912334716496476
584	1584	2584	-1	11.782880384022826
585	1585	2585	-1	10.375317315390788
586	1586	2586	-1	11.038826015097442
587	1587	2587	-1	9.204599013760639
588	1588	2588	-1	10.336002135062541
589	1589	2589	-1	9.338044780476402
590	1590	2590	-1	10.349061912477266
591	1591	2591	-1	14.270545242215377
592	1592	2592	-1	29.32928937848925
593	1593	2593	-1	10.317772894846694
594	1594	2594	-1	16.376718389453494
595	1595	2595	-1	8.909555390138628
596	1596	2596	-1	9.489335701743368
597	1597	2597	-1	15.335873044336198
598	1598	2598	-1	10.291873268826878
599	1599	2599	-1	20.761102058640482
600	1600	2600	-1	14.91284320704067
601	1601	2601	-1	7.955923670920716
602	1602	2602	-1	16.11101531632906
603	1603	2603	-1	10.389810512018054
604	1604	2604	-1	15.214577768463219
605	1605	2605	-1	9.021235627875573
606	1606	2606	-1	59.45231084942732
607	1607	2607	-1	11.06978107856616
608	1608	2608	-1	14.252393932951755
609	1609	2609	-1	13.65463806706945
610	1610	2610	-1	9.920430903704736
611	1611	2611	-1	14.874976034588874
612	1612	2612	-1	11.13160376399556
613	1613	2613	-1	9.483963694950692
614	1614	2614	-1	9.848626887732268
615	1615	2615	-1	30.385024124695057
616	1616	2616	-1	12.841898127922681
617	1617	2617	-1	8.456381904185783
618	1618	2618	-1	8.08554242116926
619	1619	2619	-1	15.546741476217331
620	1620	2620	-1	14.705537198440487
621	1621	2621	-1	13.028617665089897
622	1622	2622	-1	15.242429286311562
623	1623	2623	-1	10.940347166866827
624	1624	2624	-1	8.55380150752903
625	1625	2625	-1	30.735497775259436
626	1626	2626	-1	9.648698308844589
627	1627	2627	-1	10.467498764655105
628	1628	2628	-1	11.98808652899759
629	1629	2629	-1	9.890659879992695
630	1630	2630	-1	10.445509913670612
631	1631	2631	-1	11.4755464608985
632	1632	2632	-1	14.862239392142065
633	1633	2633	-1	8.808894714203284
634	1634	2634	-1	17.26808488783438
635	1635	2635	-1	10.850308166264158
636	1636	2636	-1	9.8907830701798
637	1637	2637	-1	9.82824425774625
638	1638	2638	-1	22.29726422063067
639	1639	2639	-1	15.152745923780884
640	1640	2640	-1	44.920252994625436
641	1641	2641	-1	9.936372557287134
642	1642	2642	-1	9.761622741043874
643	1643	2643	-1	8.802191986920397
644	1644	2644	-1	9.97333409124256
645	1645	2645	-1	10.448381626273063
646	1646	2646	-1	15.833610744334166
647	1647	2647	-1	14.943390092533448
648	1648	2648	-1	45.43520393575416
649	1649	2649	-1	45.72252812923796
650	1650	2650	-1	14.806955534194994
651	1651	2651	-1	9.070555648124902
652	1652	2652	-1	30.58656272847443
653	1653	2653	-1	15.83441530144
654	1654	2654	-1	14.513496473581332
655	1655	2655	-1	11.291417977168432
656	1656	2656	-1	15.561941733182694
657	1657	2657	-1	14.918991277211626
658	1658	2658	-1	10.82860858454762
659	1659	2659	-1	8.570939563688155
660	1660	2660	-1	10.331149788109522
661	1661	2661	-1	8.854806347339192
662	1662	2662	-1	10.064959006958425
663	1663	2663	-1	15.10105331465533
664	1664	2664	-1	15.43782139242512
665	1665	2665	-1	13.230861915677195
666	1666	2666	-1	10.886194848735613
667	1667	2667	-1	9.350787685559736
668	1668	2668	-1	10.591795344803252
669	1669	2669	-1	11.356813292334357
670	1670	2670	-1	11.394519126642097
671	1671	2671	-1	9.942167503558549
672	1672	2672	-1	16.59008538393047
673	1673	2673	-1	11.398558656139182
674	1674	2674	-1	15.280497281127085
675	1675	2675	-1	8.060164501925234
676	1676	2676	-1	11.211989538166357
677	1677	2677	-1	9.86330162535884
678	1678	2678	-1	13.848381077915459
679	1679	2679	-1	9.941379275927265
680	1680	2680	-1	12.617822891665751
681	1681	2681	-1	9.096582761066584
682	1682	2682	-1	10.629683957924046
683	1683	2683	-1	11.184354678334758
684	1684	2684	-1	9.961627424109956
685	1685	2685	-1	10.715370603578219
686	1686	2686	-1	9.3502867204629
687	1687	2687	-1	8.358720262598737
688	1688	2688	-1	10.858513985287576
689	1689	2689	-1	9.35355285972118
690	1690	2690	-1	10.263586017052312
691	1691	2691	-1	9.505479701867461
692	1692	2692	-1	16.39787701879145
693	1693	2693	-1	15.643224606251996
694	1694	2694	-1	14.298606096044022
695	1695	2695	-1	47.506036889734915
696	1696	2696	-1	16.13813851358649
697	1697	2697	-1	9.212504024512223
698	1698	2698	-1	10.331845014708785
699	1699	2699	-1	30.105277658816977
700	1700	2700	-1	11.590968055591116
701	1701	2701	-1	12.77689214504181
702	1702	2702	-1	10.100817329949574
703	1703	2703	-1	10.335940992580396
704	1704	2704	-1	18.346493026481042
705	1705	2705	-1	15.868120002039419
706	1706	2706	-1	10.691681505149246
707	1707	2707	-1	14.183677297638326
708	1708	2708	-1	10.833746485519018
709	1709	2709	-1	14.105679508321407
710	1710	2710	-1	9.029324951754063
711	1711	2711	-1	7.89828716398589
712	1712	2712	-1	9.5913207363313
713	1713	2713	-1	10.311079168637596
714	1714	2714	-1	9.64027508412983
715	1715	2715	-1	9.928651353246755
716	1716	2716	-1	10.758059997530385
717	1717	2717	-1	9.671103393706646
718	1718	2718	-1	9.363469473055758
719	1719	2719	-1	9.91787873113896
720	1720	2720	-1	15.896548735576959
721	1721	2721	-1	10.582907048808709
722	1722	2722	-1	9.742185689515848
723	1723	2723	-1	15.457717417457845
724	1724	2724	-1	9.886771522205658
725	1725	2725	-1	15.72699328464271
726	1726	2726	-1	9.28994791392202
727	1727	2727	-1	30.733341377998045
728	1728	2728	-1	10.718394934354817
729	1729	2729	-1	14.64104034427718
730	1730	2730	-1	9.498453802948944
731	1731	2731	-1	10.730786520143917
732	1732	2732	-1	11.631359723035844
733	1733	2733	-1	16.918843352104126
734	1734	2734	-1	9.60624299911553
735	1735	2735	-1	10.215747217680411
736	1736	2736	-1	8.665214848906652
737	1737	2737	-1	15.455718323708757
738	1738	2738	-1	17.615488915659412
739	1739	2739	-1	7.997401644094582
740	1740	2740	-1	11.240382458741138
741	1741	2741	-1	14.91936157425433
742	1742	2742	-1	18.518998785742752
743	1743	2743	-1	43.0635919267961
744	1744	2744	-1	10.964925427218326
745	1745	2745	-1	11.807310217251585
746	1746	2746	-1	9.894560854064611
747	1747	2747	-1	15.937063489336895
748	1748	2748	-1	9.517194159381425
749	1749	2749	-1	15.125922472014675
750	1750	2750	-1	10.37997614602601
751	1751	2751	-1	9.912691884739818
752	1752	2752	-1	9.439877702719562
753	1753	2753	-1	10.736762980755973
754	1754	2754	-1	10.45365595437613
755	1755	2755	-1	8.709171679965264
756	1756	2756	-1	8.885221578290198
757	1757	2757	-1	15.96817484947036
758	1758	2758	-1	10.544912356559427
759	1759	2759	-1	10.697045616298936
760	1760	2760	-1	9.97031850324021
761	1761	2761	-1	11.040804769409569
762	1762	2762	-1	11.293213210964423
763	1763	2763	-1	9.169168797379001
764	1764	2764	-1	9.931070313232285
765	1765	2765	-1	10.249968963094213
766	1766	2766	-1	9.711141592141423
767	1767	2767	-1	9.567942488448647
768	1768	2768	-1	10.958362520293498
769	1769	2769	-1	10.514578706903457
770	1770	2770	-1	9.546925863303231
771	1771	2771	-1	15.034319017473221
772	1772	2772	-1	10.228095086032006
773	1773	2773	-1	9.94009821800428
774	1774	2774	-1	8.62663588329026
775	1775	2775	-1	10.894298661483802
776	1776	2776	-1	10.101485294579051
777	1777	2777	-1	10.494272450475524
778	1778	2778	-1	10.493138903487063
779	1779	2779	-1	12.001718044923603
780	1780	2780	-1	10.3150003319555
781	1781	2781	-1	8.997354545254206
782	1782	2782	-1	20.1280704983533
783	1783	2783	-1	10.536771572834073
784	1784	2784	-1	14.875210905111754
785	1785	2785	-1	9.982388238741702
786	1786	2786	-1	14.57714325445878
787	1787	2787	-1	21.709490493800384
788	1788	2788	-1	31.023366387688736
789	1789	2789	-1	8.277390244741934
790	1790	2790	-1	8.652652778850289
791	1791	2791	-1	16.168965503956528
792	1792	2792	-1	14.534756817814596
793	1793	2793	-1	11.88842777006472
794	1794	2794	-1	11.991547568683497
795	1795	2795	-1	11.428109088866544
796	1796	2796	-1	10.045698339688842
797	1797	2797	-1	9.661580248253042
798	1798	2798	-1	9.606942254303172
799	1799	2799	-1	11.8328671486296
800	1800	2800	-1	14.383268067402005
801	1801	2801	-1	10.518869903692696
802	1802	2802	-1	14.745783001010341
803	1803	2803	-1	19.12030022564189
804	1804	2804	-1	10.453740652554215
805	1805	2805	-1	16.328258348748417
806	1806	2806	-1	9.932612556779272
807	1807	2807	-1	10.18667130768687
808	1808	2808	-1	10.786990680333322
809	1809	2809	-1	23.83850262233239
810	1810	2810	-1	14.416960188926486
811	1811	2811	-1	9.409808329516563
812	1812	2812	-1	8.007922731584905
813	1813	2813	-1	42.73822407363408
814	1814	2814	-1	8.67228070764776
815	1815	2815	-1	9.291299685755721
816	1816	2816	-1	9.483614903896141
817	1817	2817	-1	43.89894501889828
818	1818	2818	-1	9.267147220269818
819	1819	2819	-1	9.576674332712296
820	1820	2820	-1	9.483353537433471
821	1821	2821	-1	9.758183680831543
822	1822	2822	-1	14.814263814194886
823	1823	2823	-1	10.887356638168106
824	1824	2824	-1	9.15633398484489
825	1825	2825	-1	10.46061372514907
826	1826	2826	-1	10.1619726629232
827	1827	2827	-1	9.632533290073065
828	1828	2828	-1	9.926592850299128
829	1829	2829	-1	15.898288784463622
830	1830	2830	-1	15.203787766443824
831	1831	2831	-1	20.46378363509361
832	1832	2832	-1	12.348005080451934
833	1833	2833	-1	15.200298726813568
834	1834	2834	-1	20.713963160545557
835	1835	2835	-1	19.18189248402098
836	1836	2836	-1	14.745458483180883
837	1837	2837	-1	14.497363526777514
838	1838	2838	-1	31.47142736651591
839	1839	2839	-1	32.157311514241854
840	1840	2840	-1	11.058032409703122
841	1841	2841	-1	11.399211394019206
842	1842	2842	-1	10.572534298177851
843	1843	2843	-1	10.258008519778805
844	1844	2844	-1	9.571408340333969
845	1845	2845	-1	16.078126550048676
846	1846	2846	-1	10.990928252759366
847	1847	2847	-1	10.828152148920736
848	1848	2848	-1	28.977965699535922
849	1849	2849	-1	7.615121026696166
850	1850	2850	-1	10.779670671811896
851	1851	2851	-1	13.929974207313688
852	1852	2852	-1	13.070382960986626
853	1853	2853	-1	11.301381062386419
854	1854	2854	-1	15.117485532475815
855	1855	2855	-1	8.69208914326169
856	1856	2856	-1	28.22193369160686
857	1857	2857	-1	10.706986588082927
858	1858	2858	-1	14.109517434336198
859	1859	2859	-1	10.7235073059109
860	1860	2860	-1	10.344361125608705
861	1861	2861	-1	11.250148428815232
862	1862	2862	-1	9.35626962220392
863	1863	2863	-1	9.231677478784638
864	1864	2864	-1	8.83518555089934
865	1865	2865	-1	10.40093952604749
866	1866	2866	-1	11.962446429198092
867	1867	2867	-1	15.350833986684531
868	1868	2868	-1	10.143821232726596
869	1869	2869	-1	8.89545972268819
870	1870	2870	-1	10.243457376952101
871	1871	2871	-1	10.964497845057105
872	1872	2872	-1	14.29798115347377
873	1873	2873	-1	13.54051605095133
874	1874	2874	-1	15.601805968936116
875	1875	2875	-1	11.748736034845065
876	1876	2876	-1	11.035326076503772
877	1877	2877	-1	10.640247106701525
878	1878	2878	-1	10.477616207318421
879	1879	2879	-1	9.778020181850454
880	1880	2880	-1	9.945415486113594
881	1881	2881	-1	9.595868256866865
882	1882	2882	-1	15.259189181035817
883	1883	2883	-1	10.809396442719743
884	1884	2884	-1	15.87984138762998
885	1885	2885	-1	15.721865810955169
886	1886	2886	-1	10.015218486205063
887	1887	2887	-1	9.628607538853341
888	1888	2888	-1	9.75006307850481
889	1889	2889	-1	11.007583138607933
890	1890	2890	-1	15.667839166076858
891	1891	2891	-1	9.36128269136571
892	1892	2892	-1	9.50977706658147
893	1893	2893	-1	8.648002194977575
894	1894	2894	-1	23.769905461925553
895	1895	2895	-1	30.593970682360915
896	1896	2896	-1	13.777701758286764
897	1897	2897	-1	15.41438866072751
898	1898	2898	-1	10.670046275134514
899	1899	2899	-1	9.597359415161751
900	1900	2900	-1	10.17272160433731
901	1901	2901	-1	20.56483379449427
902	1902	2902	-1	9.830849458009038
903	1903	2903	-1	9.849989898252522
904	1904	2904	-1	10.659437465016795
905	1905	2905	-1	10.053771886149413
906	1906	2906	-1	30.948500091792326
907	1907	2907	-1	8.988943923184554
908	1908	2908	-1	9.37509361019321
909	1909	2909	-1	16.81403327380009
910	1910	2910	-1	11.222154060884582
911	1911	2911	-1	7.826966201700894
912	1912	2912	-1	11.088006141810649
913	1913	2913	-1	14.752370921374453
914	1914	2914	-1	9.972869909074966
915	1915	2915	-1	15.893502239726107
916	1916	2916	-1	8.877749267937332
917	1917	2917	-1	8.331660445035942
918	1918	2918	-1	30.38223098630416
919	1919	2919	-1	10.654212532725923
920	1920	2920	-1	8.99533588578995
921	1921	2921	-1	14.723356981920647
922	1922	2922	-1	10.147756301067787
923	1923	2923	-1	12.870374253721703
924	1924	2924	-1	8.332717553126338
925	1925	2925	-1	31.33246347575811
926	1926	2926	-1	14.01048011711372
927	1927	2927	-1	15.436895889209051
928	1928	2928	-1	32.487893333038166
929	1929	2929	-1	9.804354447566883
930	1930	2930	-1	16.222108760857306
931	1931	2931	-1	15.085760491684727
932	1932	2932	-1	12.295874907423933
933	1933	2933	-1	10.22379741106538
934	1934	2934	-1	10.07676942953187
935	1935	2935	-1	12.007496637103657
936	1936	2936	-1	15.784901090087056
937	1937	2937	-1	30.80738470336942
938	1938	2938	-1	10.623945759782112
939	1939	2939	-1	15.770699647072691
940	1940	2940	-1	23.356822740096387
941	1941	2941	-1	9.483874700620232
942	1942	2942	-1	28.13474036543531
943	1943	2943	-1	11.553571178583937
944	1944	2944	-1	14.652804769808293
945	1945	2945	-1	10.566174067453455
946	1946	2946	-1	10.168222535211576
947	1947	2947	-1	8.152774785105128
948	1948	2948	-1	14.961055852547693
949	1949	2949	-1	9.636290293970559
950	1950	2950	-1	7.988565372932747
951	1951	2951	-1	14.876671940085119
952	1952	2952	-1	10.330033333482714
953	1953	2953	-1	30.899442267010862
954	1954	2954	-1	9.911337211290437
955	1955	2955	-1	9.793138041871307
956	1956	2956	-1	10.792558040562996
957	1957	2957	-1	11.717050675728915
958	1958	2958	-1	15.628141525191943
959	1959	2959	-1	28.855517187519517
960	1960	2960	-1	9.299891026009414
961	1961	2961	-1	14.302181473598662
962	1962	2962	-1	29.213135147605072
963	1963	2963	-1	9.588352018394396
964	1964	2964	-1	15.723570310801632
965	1965	2965	-1	9.767389127740126
966	1966	2966	-1	10.774399933818973
967	1967	2967	-1	9.992405477373147
968	1968	2968	-1	30.777618479951677
969	1969	2969	-1	16.07909990768329
970	1970	2970	-1	9.558696308565242
971	1971	2971	-1	9.578745476887121
972	1972	2972	-1	9.710095408449723
973	1973	2973	-1	10.904687302541662
974	1974	2974	-1	11.440614323692808
975	1975	2975	-1	10.268131923278359
976	1976	2976	-1	10.46735433733923
977	1977	2977	-1	11.259880584974999
978	1978	2978	-1	10.825950681857835
979	1979	2979	-1	9.625704610969434
980	1980	2980	-1	13.118951340004745
981	1981	2981	-1	8.296228790083658
982	1982	2982	-1	14.995826794555875
983	1983	2983	-1	22.572680603516243
984	1984	2984	-1	10.406384276115551
985	1985	2985	-1	14.761236093932945
986	1986	2986	-1	8.77771809780367
987	1987	2987	-1	9.92863285298434
988	1988	2988	-1	21.210044304311193
989	1989	2989	-1	11.197745102198944
990	1990	2990	-1	10.63895410997403
991	1991	2991	-1	15.059961084092393
992	1992	2992	-1	9.133363628417058
993	1993	2993	-1	10.65821905588647
994	1994	2994	-1	10.579920777103682
995	1995	2995	-1	10.360293327852464
996	1996	2996	-1	10.331088407985547
997	1997	2997	-1	10.63671776788558
998	1998	2998	-1	10.023145010388486
999	1999	2999	-1	9.540177699539083
