ind_ID	father_ID	mother_ID	Sex	Phenotype
0	1000	2000	-1	21.13524031784283
1	1001	2001	-1	8.707704403265614
2	1002	2002	-1	10.375973634870766
3	1003	2003	-1	8.321947659190997
4	1004	2004	-1	10.334440895417686
5	1005	2005	-1	5.7403835316439356
6	1006	2006	-1	29.89523773069573
7	1007	2007	-1	59.76211394893314
8	1008	2008	-1	10.057372476684701
9	1009	2009	-1	32.18593763521022
10	1010	2010	-1	10.288722555741032
11	1011	2011	-1	8.034086593194644
12	1012	2012	-1	10.381235145217854
13	1013	2013	-1	9.863674638218
14	1014	2014	-1	6.381997708322038
15	1015	2015	-1	28.07515106451366
16	1016	2016	-1	9.440188701365022
17	1017	2017	-1	8.67841645175789
18	1018	2018	-1	8.8507692446275
19	1019	2019	-1	9.513609591192154
20	1020	2020	-1	29.826549305949463
21	1021	2021	-1	10.310257196953632
22	1022	2022	-1	9.771216658577329
23	1023	2023	-1	10.008878519015166
24	1024	2024	-1	10.112931501032808
25	1025	2025	-1	11.306464441323254
26	1026	2026	-1	8.9736337982193
27	1027	2027	-1	8.875657841798333
28	1028	2028	-1	30.50498005294276
29	1029	2029	-1	29.784723672631362
30	1030	2030	-1	9.01019468803675
31	1031	2031	-1	30.367470022961047
32	1032	2032	-1	8.961719267214853
33	1033	2033	-1	959.8803056057969
34	1034	2034	-1	10.890403719228171
35	1035	2035	-1	19.49097320152371
36	1036	2036	-1	10.1084909747123
37	1037	2037	-1	9.991964168601958
38	1038	2038	-1	9.621835630961533
39	1039	2039	-1	28.982516168482178
40	1040	2040	-1	29.484294433512506
41	1041	2041	-1	29.503231707690823
42	1042	2042	-1	8.604054055028776
43	1043	2043	-1	10.750910112319534
44	1044	2044	-1	9.30754078523587
45	1045	2045	-1	60.13940484957046
46	1046	2046	-1	10.72833025293396
47	1047	2047	-1	29.198289423954606
48	1048	2048	-1	29.99037197979961
49	1049	2049	-1	8.629126511395688
50	1050	2050	-1	12.871274267854973
51	1051	2051	-1	28.88508008888372
52	1052	2052	-1	10.432704902868895
53	1053	2053	-1	9.5222710313571
54	1054	2054	-1	13.840709203191617
55	1055	2055	-1	11.659595680636652
56	1056	2056	-1	29.000137972185744
57	1057	2057	-1	29.79940760182636
58	1058	2058	-1	9.702032435031045
59	1059	2059	-1	15.474074960633578
60	1060	2060	-1	12.867524909233214
61	1061	2061	-1	29.837613075187548
62	1062	2062	-1	28.786899302753632
63	1063	2063	-1	9.676737800172795
64	1064	2064	-1	10.71857575065882
65	1065	2065	-1	8.864113525703893
66	1066	2066	-1	31.753533132875077
67	1067	2067	-1	10.269038885071351
68	1068	2068	-1	11.168970812983908
69	1069	2069	-1	28.609666503640504
70	1070	2070	-1	9.928755866846558
71	1071	2071	-1	8.760109638387494
72	1072	2072	-1	29.16965384176396
73	1073	2073	-1	8.76986060139103
74	1074	2074	-1	5.770046690089547
75	1075	2075	-1	11.0969911706021
76	1076	2076	-1	9.21308879625067
77	1077	2077	-1	10.778719995788697
78	1078	2078	-1	11.05852838879868
79	1079	2079	-1	9.413458649227051
80	1080	2080	-1	9.518716655136497
81	1081	2081	-1	29.57982380505844
82	1082	2082	-1	10.457115799153481
83	1083	2083	-1	29.13959032166264
84	1084	2084	-1	10.405973521782206
85	1085	2085	-1	8.698431184068593
86	1086	2086	-1	10.189009600632183
87	1087	2087	-1	10.688081254244317
88	1088	2088	-1	7.961087550720042
89	1089	2089	-1	29.61993520094993
90	1090	2090	-1	5.878443931260489
91	1091	2091	-1	9.123102899201367
92	1092	2092	-1	11.167741663328524
93	1093	2093	-1	29.002672765963375
94	1094	2094	-1	60.1951389925081
95	1095	2095	-1	9.400369408517177
96	1096	2096	-1	10.292390937723425
97	1097	2097	-1	20.281878268036447
98	1098	2098	-1	7.928738078333705
99	1099	2099	-1	12.088708121298462
100	1100	2100	-1	11.031198664703384
101	1101	2101	-1	19.857174184925366
102	1102	2102	-1	11.482996272308128
103	1103	2103	-1	9.050283148596098
104	1104	2104	-1	9.970850476294295
105	1105	2105	-1	31.25733506499368
106	1106	2106	-1	9.887149650184925
107	1107	2107	-1	8.920621519813691
108	1108	2108	-1	10.753581303499852
109	1109	2109	-1	9.76861357699866
110	1110	2110	-1	18.855598208168068
111	1111	2111	-1	10.949263126328217
112	1112	2112	-1	9.231367727438435
113	1113	2113	-1	30.223156836184298
114	1114	2114	-1	28.393831504173445
115	1115	2115	-1	29.652435216399002
116	1116	2116	-1	10.582684705201657
117	1117	2117	-1	6.160572802028109
118	1118	2118	-1	32.15725771461178
119	1119	2119	-1	30.4653798537711
120	1120	2120	-1	9.721061114473775
121	1121	2121	-1	19.90514745070081
122	1122	2122	-1	30.37798215592179
123	1123	2123	-1	10.441029599024967
124	1124	2124	-1	9.222206096130602
125	1125	2125	-1	8.911623659720187
126	1126	2126	-1	9.963385149686289
127	1127	2127	-1	10.350995887038174
128	1128	2128	-1	8.283551976004386
129	1129	2129	-1	14.8967434342446
130	1130	2130	-1	9.578071262594992
131	1131	2131	-1	9.990434975949064
132	1132	2132	-1	8.961463039888951
133	1133	2133	-1	4.0304713595236095
134	1134	2134	-1	20.688789513145338
135	1135	2135	-1	10.008256044697545
136	1136	2136	-1	10.448355045237891
137	1137	2137	-1	10.157589868207054
138	1138	2138	-1	30.02531210706626
139	1139	2139	-1	10.746095435920953
140	1140	2140	-1	28.042923826822094
141	1141	2141	-1	10.24654837100233
142	1142	2142	-1	29.760494971742677
143	1143	2143	-1	14.456364005915882
144	1144	2144	-1	9.948668704860427
145	1145	2145	-1	10.395404330348786
146	1146	2146	-1	11.171506331353918
147	1147	2147	-1	10.061548743781067
148	1148	2148	-1	17.969108572749416
149	1149	2149	-1	10.423293903114143
150	1150	2150	-1	10.622154861950216
151	1151	2151	-1	30.114955281943416
152	1152	2152	-1	8.673093074620299
153	1153	2153	-1	3.3271242145716027
154	1154	2154	-1	10.949545511000506
155	1155	2155	-1	29.47456169538831
156	1156	2156	-1	18.094009267470668
157	1157	2157	-1	9.281010624035085
158	1158	2158	-1	10.955998624238308
159	1159	2159	-1	8.787405393913339
160	1160	2160	-1	9.460249490998224
161	1161	2161	-1	30.629144762771112
162	1162	2162	-1	9.849737280427147
163	1163	2163	-1	30.586137650719728
164	1164	2164	-1	9.06608673539406
165	1165	2165	-1	20.123700837906387
166	1166	2166	-1	31.435047423410232
167	1167	2167	-1	5.798410440495853
168	1168	2168	-1	10.208032627087112
169	1169	2169	-1	8.31272457393188
170	1170	2170	-1	2.7326643162505886
171	1171	2171	-1	8.960671059404238
172	1172	2172	-1	30.16611198494495
173	1173	2173	-1	9.75101053116983
174	1174	2174	-1	11.482447678679211
175	1175	2175	-1	60.47477376771581
176	1176	2176	-1	29.096169825284612
177	1177	2177	-1	10.197082493548228
178	1178	2178	-1	30.425932852620527
179	1179	2179	-1	28.53638340736829
180	1180	2180	-1	30.68585498028841
181	1181	2181	-1	10.739660937185068
182	1182	2182	-1	10.110026972481556
183	1183	2183	-1	29.629814699949666
184	1184	2184	-1	10.16879451166945
185	1185	2185	-1	31.389846251159454
186	1186	2186	-1	30.141719083253452
187	1187	2187	-1	9.856031039071894
188	1188	2188	-1	27.430320982079746
189	1189	2189	-1	9.479283937557197
190	1190	2190	-1	4.9257759730371395
191	1191	2191	-1	10.671945574307363
192	1192	2192	-1	20.668181861749314
193	1193	2193	-1	30.702226137206253
194	1194	2194	-1	9.579259049944701
195	1195	2195	-1	10.529656914007749
196	1196	2196	-1	6.129521776150203
197	1197	2197	-1	9.383905739810094
198	1198	2198	-1	9.797565244306439
199	1199	2199	-1	7.55329940894641
200	1200	2200	-1	10.864171133314262
201	1201	2201	-1	9.92237263087458
202	1202	2202	-1	10.803429197378282
203	1203	2203	-1	28.23409560013662
204	1204	2204	-1	9.88315901657942
205	1205	2205	-1	9.617868704819573
206	1206	2206	-1	9.474003566349403
207	1207	2207	-1	9.233620234659734
208	1208	2208	-1	9.708955531905263
209	1209	2209	-1	7.3120293712352264
210	1210	2210	-1	14.95747268201214
211	1211	2211	-1	4.644963855056353
212	1212	2212	-1	29.291616715606573
213	1213	2213	-1	32.62109716744494
214	1214	2214	-1	10.894737545266484
215	1215	2215	-1	8.860974267928954
216	1216	2216	-1	10.017326841111858
217	1217	2217	-1	9.893917278710884
218	1218	2218	-1	11.512237241476928
219	1219	2219	-1	8.906604688538735
220	1220	2220	-1	27.819232114582743
221	1221	2221	-1	10.13945823263685
222	1222	2222	-1	28.580839841245737
223	1223	2223	-1	12.099928916117792
224	1224	2224	-1	10.149310684289947
225	1225	2225	-1	30.341068238133417
226	1226	2226	-1	9.283291296586047
227	1227	2227	-1	28.211569976291557
228	1228	2228	-1	9.849296301472787
229	1229	2229	-1	5.882580489162171
230	1230	2230	-1	8.293458937454329
231	1231	2231	-1	10.45790763434238
232	1232	2232	-1	28.08056149876195
233	1233	2233	-1	30.406507758298964
234	1234	2234	-1	29.99113401153971
235	1235	2235	-1	10.908926602005671
236	1236	2236	-1	32.17171132388202
237	1237	2237	-1	8.643951672755318
238	1238	2238	-1	9.650764944032433
239	1239	2239	-1	9.241438483033711
240	1240	2240	-1	30.174893993749684
241	1241	2241	-1	9.352207397577999
242	1242	2242	-1	32.5312203714024
243	1243	2243	-1	9.054787326038406
244	1244	2244	-1	9.870125230354773
245	1245	2245	-1	10.300242128896802
246	1246	2246	-1	11.018942974438719
247	1247	2247	-1	30.262269735414737
248	1248	2248	-1	8.277060388695581
249	1249	2249	-1	31.293243573462405
250	1250	2250	-1	61.08735008686266
251	1251	2251	-1	29.725500609623673
252	1252	2252	-1	7.676783201236656
253	1253	2253	-1	30.517797443226296
254	1254	2254	-1	9.561365261808758
255	1255	2255	-1	11.326132546551193
256	1256	2256	-1	9.043009823551428
257	1257	2257	-1	10.566086765924366
258	1258	2258	-1	9.579568010174135
259	1259	2259	-1	9.236329571372314
260	1260	2260	-1	11.25535807842436
261	1261	2261	-1	10.395434554657292
262	1262	2262	-1	7.640561475078026
263	1263	2263	-1	8.8823038466882
264	1264	2264	-1	9.8236554257317
265	1265	2265	-1	28.453478569884727
266	1266	2266	-1	60.633252812497815
267	1267	2267	-1	9.799226031112688
268	1268	2268	-1	9.827388335197465
269	1269	2269	-1	28.970043547007126
270	1270	2270	-1	10.090440208436982
271	1271	2271	-1	10.474813167053593
272	1272	2272	-1	9.955739988072194
273	1273	2273	-1	10.337158232664091
274	1274	2274	-1	9.410554240968224
275	1275	2275	-1	30.970404603617606
276	1276	2276	-1	31.475038655410753
277	1277	2277	-1	9.533090967060053
278	1278	2278	-1	9.840749697011944
279	1279	2279	-1	10.203911907741018
280	1280	2280	-1	10.347314785945146
281	1281	2281	-1	29.878361562503628
282	1282	2282	-1	10.325268167467836
283	1283	2283	-1	30.62215669224106
284	1284	2284	-1	9.274848944777144
285	1285	2285	-1	11.329574505542988
286	1286	2286	-1	31.140421079386726
287	1287	2287	-1	8.653476698641477
288	1288	2288	-1	28.86116005401352
289	1289	2289	-1	9.119894561755883
290	1290	2290	-1	10.482970723418985
291	1291	2291	-1	4.995786905988404
292	1292	2292	-1	8.534151370143775
293	1293	2293	-1	30.575409333142368
294	1294	2294	-1	30.599161475991203
295	1295	2295	-1	29.415125829442953
296	1296	2296	-1	11.311136821603203
297	1297	2297	-1	10.2578446164686
298	1298	2298	-1	9.287658324725614
299	1299	2299	-1	9.734024924342718
300	1300	2300	-1	10.412520235861697
301	1301	2301	-1	28.787648683471225
302	1302	2302	-1	11.184791524181025
303	1303	2303	-1	11.520148838046723
304	1304	2304	-1	11.10010381563985
305	1305	2305	-1	12.59888952064827
306	1306	2306	-1	5.7792580013285635
307	1307	2307	-1	9.754479487785106
308	1308	2308	-1	28.984415065919425
309	1309	2309	-1	31.526547269982963
310	1310	2310	-1	10.252742086408803
311	1311	2311	-1	8.482832031464152
312	1312	2312	-1	9.492745421793238
313	1313	2313	-1	9.780005088000395
314	1314	2314	-1	8.017381845139429
315	1315	2315	-1	12.943400079649479
316	1316	2316	-1	30.03858248020762
317	1317	2317	-1	29.032182208249782
318	1318	2318	-1	4.688039772394864
319	1319	2319	-1	10.731167934055302
320	1320	2320	-1	29.949755141305083
321	1321	2321	-1	9.885887553013006
322	1322	2322	-1	10.768702480387056
323	1323	2323	-1	10.43576235041537
324	1324	2324	-1	9.875380793001238
325	1325	2325	-1	10.152511190843331
326	1326	2326	-1	10.245336666186812
327	1327	2327	-1	9.611278936583942
328	1328	2328	-1	8.899265083637994
329	1329	2329	-1	31.372825055072337
330	1330	2330	-1	30.402075962235852
331	1331	2331	-1	10.56335367471141
332	1332	2332	-1	10.95703396957278
333	1333	2333	-1	10.755090393069077
334	1334	2334	-1	10.948358125139602
335	1335	2335	-1	29.30080872446515
336	1336	2336	-1	12.454003631142934
337	1337	2337	-1	6.5340994097449325
338	1338	2338	-1	2.735980594324946
339	1339	2339	-1	11.584483991865554
340	1340	2340	-1	10.233935205075921
341	1341	2341	-1	29.813539628273567
342	1342	2342	-1	10.338733151871077
343	1343	2343	-1	9.760739414833
344	1344	2344	-1	30.786878019494985
345	1345	2345	-1	20.83085315020815
346	1346	2346	-1	8.77924653700347
347	1347	2347	-1	32.04210668436778
348	1348	2348	-1	29.911499899528835
349	1349	2349	-1	10.136141381939108
350	1350	2350	-1	9.953108539377485
351	1351	2351	-1	11.77036444255598
352	1352	2352	-1	10.39848570990786
353	1353	2353	-1	9.542957488337505
354	1354	2354	-1	10.104437396786464
355	1355	2355	-1	5.760863902247133
356	1356	2356	-1	15.54369225217436
357	1357	2357	-1	9.683115991666394
358	1358	2358	-1	30.47707780597021
359	1359	2359	-1	9.249494333670354
360	1360	2360	-1	10.321507007333604
361	1361	2361	-1	11.361142737117754
362	1362	2362	-1	10.953165657120019
363	1363	2363	-1	10.11726941647119
364	1364	2364	-1	61.075824773231076
365	1365	2365	-1	30.088693744813195
366	1366	2366	-1	12.233488042012869
367	1367	2367	-1	8.881613802550362
368	1368	2368	-1	12.478415439693078
369	1369	2369	-1	59.88287730988604
370	1370	2370	-1	4.007280439811585
371	1371	2371	-1	20.494938634166505
372	1372	2372	-1	11.574631503932261
373	1373	2373	-1	10.053906137296387
374	1374	2374	-1	10.432014715987167
375	1375	2375	-1	27.679180138526338
376	1376	2376	-1	10.863615556739862
377	1377	2377	-1	10.928163032742006
378	1378	2378	-1	20.658988340949126
379	1379	2379	-1	9.288446935268077
380	1380	2380	-1	8.850182298746208
381	1381	2381	-1	9.93711321468424
382	1382	2382	-1	30.48976473040654
383	1383	2383	-1	9.934251586456828
384	1384	2384	-1	9.195616692958554
385	1385	2385	-1	9.263078334690674
386	1386	2386	-1	9.141977334785347
387	1387	2387	-1	30.78559137062274
388	1388	2388	-1	10.758362567904758
389	1389	2389	-1	11.282358225387487
390	1390	2390	-1	9.533931022444902
391	1391	2391	-1	8.060567424883336
392	1392	2392	-1	14.095566370940253
393	1393	2393	-1	9.442007331176194
394	1394	2394	-1	9.211228460432089
395	1395	2395	-1	9.848688836494217
396	1396	2396	-1	9.677293354492553
397	1397	2397	-1	32.046889754130305
398	1398	2398	-1	8.601997061374444
399	1399	2399	-1	8.463618692857493
400	1400	2400	-1	12.088540255328368
401	1401	2401	-1	7.821877792661686
402	1402	2402	-1	10.289838469570656
403	1403	2403	-1	30.713124715674866
404	1404	2404	-1	9.322864696647954
405	1405	2405	-1	8.009404162675509
406	1406	2406	-1	9.04512614401432
407	1407	2407	-1	8.966161164853785
408	1408	2408	-1	9.566522824557442
409	1409	2409	-1	11.327276570273398
410	1410	2410	-1	9.033993066638079
411	1411	2411	-1	10.438713739999901
412	1412	2412	-1	31.48111331596673
413	1413	2413	-1	10.313336862946342
414	1414	2414	-1	9.942522226612201
415	1415	2415	-1	10.420037643357572
416	1416	2416	-1	19.34256945166072
417	1417	2417	-1	6.018260303994359
418	1418	2418	-1	9.781271791973356
419	1419	2419	-1	8.662059720565141
420	1420	2420	-1	7.805252573840781
421	1421	2421	-1	9.74712393094238
422	1422	2422	-1	9.97118713742664
423	1423	2423	-1	9.332017477081651
424	1424	2424	-1	9.51975639706464
425	1425	2425	-1	14.268721879776981
426	1426	2426	-1	33.054235163741204
427	1427	2427	-1	29.77330654216441
428	1428	2428	-1	30.53266117780684
429	1429	2429	-1	10.364044615293437
430	1430	2430	-1	11.211263728621374
431	1431	2431	-1	10.769460782746242
432	1432	2432	-1	14.620274799469701
433	1433	2433	-1	9.769575868395975
434	1434	2434	-1	30.469784460745945
435	1435	2435	-1	29.021013887717764
436	1436	2436	-1	10.636203268698207
437	1437	2437	-1	7.746156617030867
438	1438	2438	-1	11.55791563447405
439	1439	2439	-1	29.768969577242395
440	1440	2440	-1	30.28652716243983
441	1441	2441	-1	4.224964752441424
442	1442	2442	-1	10.650211742954086
443	1443	2443	-1	11.63460601336672
444	1444	2444	-1	27.642231614378492
445	1445	2445	-1	11.106429478547184
446	1446	2446	-1	10.07076271452231
447	1447	2447	-1	10.178793133513075
448	1448	2448	-1	9.64868942264625
449	1449	2449	-1	10.069020617217138
450	1450	2450	-1	15.615842155062623
451	1451	2451	-1	9.029782088002255
452	1452	2452	-1	11.59958357567432
453	1453	2453	-1	4.711616327083285
454	1454	2454	-1	10.338291322834856
455	1455	2455	-1	10.64376993247813
456	1456	2456	-1	10.163165596743362
457	1457	2457	-1	11.225042025594803
458	1458	2458	-1	10.491571829304991
459	1459	2459	-1	4.450841130874072
460	1460	2460	-1	10.89219650621079
461	1461	2461	-1	29.84921587123596
462	1462	2462	-1	9.030000333750698
463	1463	2463	-1	30.712687265567403
464	1464	2464	-1	8.24107910980808
465	1465	2465	-1	31.600629771539197
466	1466	2466	-1	9.615581620023727
467	1467	2467	-1	10.369254000775172
468	1468	2468	-1	9.188553613047917
469	1469	2469	-1	11.025942773720185
470	1470	2470	-1	9.774455464246097
471	1471	2471	-1	10.297665600229465
472	1472	2472	-1	11.007161879648233
473	1473	2473	-1	10.72591243408272
474	1474	2474	-1	10.074951943020292
475	1475	2475	-1	22.08921073319442
476	1476	2476	-1	9.81617236825269
477	1477	2477	-1	10.10312161631665
478	1478	2478	-1	10.456414401588775
479	1479	2479	-1	11.564166591093766
480	1480	2480	-1	7.812096659914632
481	1481	2481	-1	8.917590422162162
482	1482	2482	-1	11.281270639461875
483	1483	2483	-1	6.52432008737413
484	1484	2484	-1	10.54429467666759
485	1485	2485	-1	8.123089547554219
486	1486	2486	-1	9.226469709944244
487	1487	2487	-1	8.90960532925262
488	1488	2488	-1	9.787381340681675
489	1489	2489	-1	9.605609945949787
490	1490	2490	-1	27.554577302415975
491	1491	2491	-1	30.982976682651056
492	1492	2492	-1	9.986109839019145
493	1493	2493	-1	10.691325304924113
494	1494	2494	-1	11.609750907664692
495	1495	2495	-1	9.889668808711928
496	1496	2496	-1	30.01229783321844
497	1497	2497	-1	10.312738923545101
498	1498	2498	-1	30.938349838734915
499	1499	2499	-1	10.126019066074985
500	1500	2500	-1	10.188698220413404
501	1501	2501	-1	9.70112818445643
502	1502	2502	-1	4.732633211075108
503	1503	2503	-1	11.91823587698465
504	1504	2504	-1	3.6532364359578637
505	1505	2505	-1	9.34283160800732
506	1506	2506	-1	9.105426196940378
507	1507	2507	-1	30.21673807183026
508	1508	2508	-1	320.1257305250326
509	1509	2509	-1	8.495431269853466
510	1510	2510	-1	10.146834446368294
511	1511	2511	-1	29.34430546769764
512	1512	2512	-1	10.320284810598388
513	1513	2513	-1	30.795762730346087
514	1514	2514	-1	7.713517932978199
515	1515	2515	-1	27.734816721207864
516	1516	2516	-1	29.076687667477454
517	1517	2517	-1	9.473861643023836
518	1518	2518	-1	59.50110177351513
519	1519	2519	-1	29.87846891656829
520	1520	2520	-1	30.27638282272882
521	1521	2521	-1	10.050447324040727
522	1522	2522	-1	29.89182700911737
523	1523	2523	-1	8.985017336733128
524	1524	2524	-1	9.863190293516032
525	1525	2525	-1	9.386325867464631
526	1526	2526	-1	10.97325105245102
527	1527	2527	-1	28.795966157262505
528	1528	2528	-1	8.675850527038
529	1529	2529	-1	9.872157443557066
530	1530	2530	-1	9.817922460698727
531	1531	2531	-1	9.248422883424054
532	1532	2532	-1	32.019912454327724
533	1533	2533	-1	9.29613922328113
534	1534	2534	-1	9.332594541219741
535	1535	2535	-1	9.308533883050167
536	1536	2536	-1	7.58742032911241
537	1537	2537	-1	9.604256668750203
538	1538	2538	-1	9.078305726348967
539	1539	2539	-1	30.083711224383755
540	1540	2540	-1	30.55883778065122
541	1541	2541	-1	9.268871328508705
542	1542	2542	-1	9.663326509363284
543	1543	2543	-1	9.23848402633752
544	1544	2544	-1	29.376015730958933
545	1545	2545	-1	9.174454851313186
546	1546	2546	-1	11.020790941090246
547	1547	2547	-1	9.916052538664523
548	1548	2548	-1	5.53345171134875
549	1549	2549	-1	10.629862995026313
550	1550	2550	-1	10.717782754242007
551	1551	2551	-1	10.708585907767143
552	1552	2552	-1	4.225853374809255
553	1553	2553	-1	10.333435066673008
554	1554	2554	-1	9.489460742219562
555	1555	2555	-1	9.84618374661653
556	1556	2556	-1	8.052184165383503
557	1557	2557	-1	10.60961950256257
558	1558	2558	-1	11.383737364433422
559	1559	2559	-1	8.820394352673283
560	1560	2560	-1	29.0338777889903
561	1561	2561	-1	9.904192343155977
562	1562	2562	-1	10.489131964324159
563	1563	2563	-1	31.91414094071234
564	1564	2564	-1	10.481526708305129
565	1565	2565	-1	9.155975940510999
566	1566	2566	-1	9.493260855929718
567	1567	2567	-1	8.376177446376454
568	1568	2568	-1	10.173284892004498
569	1569	2569	-1	20.397401122290205
570	1570	2570	-1	10.237762931966703
571	1571	2571	-1	10.075485497190437
572	1572	2572	-1	10.56911214112793
573	1573	2573	-1	30.06932437513787
574	1574	2574	-1	10.659329644495124
575	1575	2575	-1	28.709575429862333
576	1576	2576	-1	4.379804523254683
577	1577	2577	-1	9.412051004383008
578	1578	2578	-1	11.197808030663687
579	1579	2579	-1	10.114651289357024
580	1580	2580	-1	9.01811915244325
581	1581	2581	-1	11.511254152788789
582	1582	2582	-1	10.345892927355756
583	1583	2583	-1	10.600445030535715
584	1584	2584	-1	5.881844398047132
585	1585	2585	-1	9.595878203239536
586	1586	2586	-1	31.572954104394192
587	1587	2587	-1	11.229911217898648
588	1588	2588	-1	30.888457268284935
589	1589	2589	-1	5.254184532243567
590	1590	2590	-1	11.149612870547472
591	1591	2591	-1	29.836207154932215
592	1592	2592	-1	8.95029651008648
593	1593	2593	-1	9.971895214034996
594	1594	2594	-1	28.438663849217665
595	1595	2595	-1	11.051082378752822
596	1596	2596	-1	9.374601928306394
597	1597	2597	-1	8.929773312327226
598	1598	2598	-1	9.766071885324916
599	1599	2599	-1	31.666886023984734
600	1600	2600	-1	11.506223194503828
601	1601	2601	-1	10.414706740149914
602	1602	2602	-1	9.004659547297791
603	1603	2603	-1	11.308194510971004
604	1604	2604	-1	8.21236823447406
605	1605	2605	-1	8.283666630037345
606	1606	2606	-1	8.705911384554375
607	1607	2607	-1	28.679568813334313
608	1608	2608	-1	11.526879215233727
609	1609	2609	-1	10.689234140100485
610	1610	2610	-1	10.702222775609844
611	1611	2611	-1	30.718081463999372
612	1612	2612	-1	8.255716986795678
613	1613	2613	-1	9.698359543266655
614	1614	2614	-1	28.246578744928765
615	1615	2615	-1	10.346179156495321
616	1616	2616	-1	9.400197474026509
617	1617	2617	-1	14.457707324971539
618	1618	2618	-1	21.64250841405701
619	1619	2619	-1	10.47026458485962
620	1620	2620	-1	9.66238709682706
621	1621	2621	-1	9.43831898919159
622	1622	2622	-1	7.252040051466327
623	1623	2623	-1	29.512731255889328
624	1624	2624	-1	11.239319522089195
625	1625	2625	-1	29.39442120389511
626	1626	2626	-1	30.690585608520312
627	1627	2627	-1	58.98742800217438
628	1628	2628	-1	30.364036522067046
629	1629	2629	-1	9.945171001103823
630	1630	2630	-1	30.20659285614005
631	1631	2631	-1	19.92243951258713
632	1632	2632	-1	30.79274246320378
633	1633	2633	-1	11.57277713571127
634	1634	2634	-1	5.46983188495575
635	1635	2635	-1	8.928149304941629
636	1636	2636	-1	8.96118636034453
637	1637	2637	-1	10.84994134278986
638	1638	2638	-1	9.008941905498592
639	1639	2639	-1	10.08186353077835
640	1640	2640	-1	11.30773237076393
641	1641	2641	-1	14.211330490277298
642	1642	2642	-1	29.305072591564016
643	1643	2643	-1	9.478091342707257
644	1644	2644	-1	11.01494420834851
645	1645	2645	-1	31.76529555826429
646	1646	2646	-1	10.700764821879366
647	1647	2647	-1	9.838839492156183
648	1648	2648	-1	9.35019567811688
649	1649	2649	-1	10.737553807200207
650	1650	2650	-1	10.137252767455678
651	1651	2651	-1	9.035227320632297
652	1652	2652	-1	29.902859019515738
653	1653	2653	-1	8.435341950973367
654	1654	2654	-1	29.969272441195056
655	1655	2655	-1	20.916321122920113
656	1656	2656	-1	9.97598733995564
657	1657	2657	-1	9.623490652549577
658	1658	2658	-1	11.570016013439869
659	1659	2659	-1	9.200804759653176
660	1660	2660	-1	8.5495586551974
661	1661	2661	-1	8.334276134122254
662	1662	2662	-1	9.607158806317862
663	1663	2663	-1	29.01870563300024
664	1664	2664	-1	9.556176224162728
665	1665	2665	-1	8.87346933816869
666	1666	2666	-1	9.926481770783344
667	1667	2667	-1	8.858198381183074
668	1668	2668	-1	10.979010186271761
669	1669	2669	-1	10.832088412459514
670	1670	2670	-1	5.990293099086818
671	1671	2671	-1	10.263731345220556
672	1672	2672	-1	10.461381239322249
673	1673	2673	-1	9.446038118708339
674	1674	2674	-1	30.368582061891118
675	1675	2675	-1	9.641046567988349
676	1676	2676	-1	28.417696222374534
677	1677	2677	-1	8.195149749142631
678	1678	2678	-1	10.26091519114174
679	1679	2679	-1	28.19935876103486
680	1680	2680	-1	10.121322824883359
681	1681	2681	-1	28.53609869845988
682	1682	2682	-1	31.011614828670066
683	1683	2683	-1	20.843393529844068
684	1684	2684	-1	9.728467496057089
685	1685	2685	-1	9.557222576104873
686	1686	2686	-1	10.254377305792387
687	1687	2687	-1	11.957551757935347
688	1688	2688	-1	11.121781700170096
689	1689	2689	-1	9.847089920703665
690	1690	2690	-1	30.85276805189344
691	1691	2691	-1	9.884772573282769
692	1692	2692	-1	30.86314609447138
693	1693	2693	-1	30.181846540873156
694	1694	2694	-1	19.859922495124312
695	1695	2695	-1	8.353685210300801
696	1696	2696	-1	11.196662230505975
697	1697	2697	-1	11.268194999110213
698	1698	2698	-1	30.013725949065183
699	1699	2699	-1	11.550679200032638
700	1700	2700	-1	9.560609864015412
701	1701	2701	-1	9.391152828766598
702	1702	2702	-1	3.8803496347097903
703	1703	2703	-1	10.144987449615908
704	1704	2704	-1	31.74670999855416
705	1705	2705	-1	11.20984078932268
706	1706	2706	-1	9.053659834264973
707	1707	2707	-1	10.620576635991027
708	1708	2708	-1	11.172157892603751
709	1709	2709	-1	10.473161448109124
710	1710	2710	-1	11.028178741920984
711	1711	2711	-1	10.002594427709493
712	1712	2712	-1	9.353582920760328
713	1713	2713	-1	8.382189602974716
714	1714	2714	-1	10.382045715022652
715	1715	2715	-1	8.734417169275652
716	1716	2716	-1	10.431268110443021
717	1717	2717	-1	8.600029469662935
718	1718	2718	-1	9.800424789639338
719	1719	2719	-1	10.361372819498111
720	1720	2720	-1	28.35721277371777
721	1721	2721	-1	8.759597100775533
722	1722	2722	-1	9.9470606202044
723	1723	2723	-1	10.856477207298438
724	1724	2724	-1	8.935731458587263
725	1725	2725	-1	9.388864618974138
726	1726	2726	-1	10.371853335775223
727	1727	2727	-1	20.04264292479893
728	1728	2728	-1	9.538751994699822
729	1729	2729	-1	27.6257900456746
730	1730	2730	-1	9.369697343910085
731	1731	2731	-1	10.08683501358212
732	1732	2732	-1	29.665621920851013
733	1733	2733	-1	10.195201179949654
734	1734	2734	-1	5.217484994711723
735	1735	2735	-1	9.309227619620422
736	1736	2736	-1	5.026310402122417
737	1737	2737	-1	9.372722057824657
738	1738	2738	-1	9.032032187735377
739	1739	2739	-1	30.40764241140534
740	1740	2740	-1	9.496399257221745
741	1741	2741	-1	8.936002506769041
742	1742	2742	-1	9.196458056071048
743	1743	2743	-1	31.20789516855246
744	1744	2744	-1	9.804379891192603
745	1745	2745	-1	9.020924352545382
746	1746	2746	-1	9.170074383898525
747	1747	2747	-1	29.50677305098563
748	1748	2748	-1	30.060190724178167
749	1749	2749	-1	3.809878661964305
750	1750	2750	-1	30.754865096292487
751	1751	2751	-1	29.678692995532636
752	1752	2752	-1	9.007973082962183
753	1753	2753	-1	8.06092103599057
754	1754	2754	-1	9.775818216460415
755	1755	2755	-1	9.603390440365864
756	1756	2756	-1	10.15228825765719
757	1757	2757	-1	28.26182781995895
758	1758	2758	-1	19.746144545000355
759	1759	2759	-1	10.438752931648903
760	1760	2760	-1	9.205111717369467
761	1761	2761	-1	11.451535198637929
762	1762	2762	-1	11.18045718678497
763	1763	2763	-1	30.028405800323913
764	1764	2764	-1	10.971173989802146
765	1765	2765	-1	5.937340207977424
766	1766	2766	-1	10.87483750118767
767	1767	2767	-1	9.09443745319183
768	1768	2768	-1	15.56430113648439
769	1769	2769	-1	10.21269309365806
770	1770	2770	-1	6.426186972770679
771	1771	2771	-1	30.01873971723107
772	1772	2772	-1	30.30335877951533
773	1773	2773	-1	10.18577521828882
774	1774	2774	-1	32.27324712229927
775	1775	2775	-1	10.319884033394409
776	1776	2776	-1	8.79103004595473
777	1777	2777	-1	10.023757920723922
778	1778	2778	-1	9.588574332124303
779	1779	2779	-1	10.349109315200865
780	1780	2780	-1	9.776833977625067
781	1781	2781	-1	9.836895646177664
782	1782	2782	-1	9.019931559748155
783	1783	2783	-1	29.741903327784115
784	1784	2784	-1	9.198513962391203
785	1785	2785	-1	20.507843107252
786	1786	2786	-1	11.206216091635051
787	1787	2787	-1	10.422490682003778
788	1788	2788	-1	11.685080947515758
789	1789	2789	-1	5.880778976178196
790	1790	2790	-1	28.979676074043535
791	1791	2791	-1	31.832914765663997
792	1792	2792	-1	9.735341940205211
793	1793	2793	-1	9.718196577129456
794	1794	2794	-1	9.631549594143172
795	1795	2795	-1	10.084656109777681
796	1796	2796	-1	18.399120087413497
797	1797	2797	-1	30.097278420662096
798	1798	2798	-1	10.284772296904054
799	1799	2799	-1	11.236985944465546
800	1800	2800	-1	10.118583076242913
801	1801	2801	-1	9.66931820471111
802	1802	2802	-1	9.90266504677836
803	1803	2803	-1	9.852153048770292
804	1804	2804	-1	28.092132896889805
805	1805	2805	-1	10.859906359102444
806	1806	2806	-1	29.45454629383064
807	1807	2807	-1	10.04248241405062
808	1808	2808	-1	30.924925330347687
809	1809	2809	-1	8.9241780246645
810	1810	2810	-1	10.728263602941265
811	1811	2811	-1	10.554276767442058
812	1812	2812	-1	9.485088618669018
813	1813	2813	-1	10.772690399910122
814	1814	2814	-1	10.60797668961223
815	1815	2815	-1	8.321422391914153
816	1816	2816	-1	30.510294908530167
817	1817	2817	-1	30.386370759621613
818	1818	2818	-1	5.801822451983446
819	1819	2819	-1	29.613037219215858
820	1820	2820	-1	10.152690967540586
821	1821	2821	-1	10.248483081284277
822	1822	2822	-1	10.599583539560491
823	1823	2823	-1	20.71136727172604
824	1824	2824	-1	10.70814719689991
825	1825	2825	-1	9.017573687626973
826	1826	2826	-1	29.430419127235627
827	1827	2827	-1	9.773619268520576
828	1828	2828	-1	9.977435836071592
829	1829	2829	-1	10.319469971277519
830	1830	2830	-1	11.425739568240598
831	1831	2831	-1	9.38812737451431
832	1832	2832	-1	9.999583188919358
833	1833	2833	-1	29.610519586777638
834	1834	2834	-1	19.18563589794626
835	1835	2835	-1	11.725762501562848
836	1836	2836	-1	10.612212017187737
837	1837	2837	-1	28.860962553116718
838	1838	2838	-1	29.656571121174064
839	1839	2839	-1	9.910255082063577
840	1840	2840	-1	11.225948703019188
841	1841	2841	-1	9.311949504099573
842	1842	2842	-1	8.835040483362379
843	1843	2843	-1	11.273632549245594
844	1844	2844	-1	10.814357587239954
845	1845	2845	-1	5.64660133603437
846	1846	2846	-1	30.07842524061739
847	1847	2847	-1	9.426436425438805
848	1848	2848	-1	7.685243256706194
849	1849	2849	-1	8.848556693514238
850	1850	2850	-1	30.562177898195394
851	1851	2851	-1	8.344765801553098
852	1852	2852	-1	11.122843807579901
853	1853	2853	-1	9.423183470523846
854	1854	2854	-1	29.81507743959711
855	1855	2855	-1	59.51554171245704
856	1856	2856	-1	10.628748650122292
857	1857	2857	-1	10.327261907602711
858	1858	2858	-1	10.426240771501611
859	1859	2859	-1	30.461219696639976
860	1860	2860	-1	9.600069031743793
861	1861	2861	-1	29.95364088648066
862	1862	2862	-1	8.815724720653106
863	1863	2863	-1	11.39634818987043
864	1864	2864	-1	30.732348042474506
865	1865	2865	-1	59.04052259066453
866	1866	2866	-1	9.318375195110676
867	1867	2867	-1	31.782417675586732
868	1868	2868	-1	11.449096583707998
869	1869	2869	-1	29.57917743104316
870	1870	2870	-1	10.338833279462651
871	1871	2871	-1	9.805209477950635
872	1872	2872	-1	29.6947327702278
873	1873	2873	-1	9.450210092259422
874	1874	2874	-1	30.08196079076735
875	1875	2875	-1	10.424208211356532
876	1876	2876	-1	10.706764228187733
877	1877	2877	-1	10.302997302007787
878	1878	2878	-1	11.649565172614626
879	1879	2879	-1	29.48821247175313
880	1880	2880	-1	9.13735953579105
881	1881	2881	-1	10.323903608554316
882	1882	2882	-1	29.765378392452483
883	1883	2883	-1	9.718905273439853
884	1884	2884	-1	9.433636070872746
885	1885	2885	-1	11.056048158801078
886	1886	2886	-1	11.063179827324358
887	1887	2887	-1	31.09996800540365
888	1888	2888	-1	9.682399766908814
889	1889	2889	-1	9.50669699584812
890	1890	2890	-1	9.69284464965492
891	1891	2891	-1	4.067322806138774
892	1892	2892	-1	10.31334767968909
893	1893	2893	-1	11.354687638720565
894	1894	2894	-1	10.325474981489752
895	1895	2895	-1	10.61715489616541
896	1896	2896	-1	10.301249390035002
897	1897	2897	-1	30.790005502516408
898	1898	2898	-1	10.661198369128119
899	1899	2899	-1	8.728436983934554
900	1900	2900	-1	9.646018890200697
901	1901	2901	-1	9.926797055835895
902	1902	2902	-1	30.045095775608974
903	1903	2903	-1	11.137936667379423
904	1904	2904	-1	9.635234873967844
905	1905	2905	-1	30.09974475653692
906	1906	2906	-1	3.556429289357972
907	1907	2907	-1	10.594891554751229
908	1908	2908	-1	8.347265297835518
909	1909	2909	-1	10.20795093272284
910	1910	2910	-1	19.529402226580373
911	1911	2911	-1	29.589392947936084
912	1912	2912	-1	7.975827863199267
913	1913	2913	-1	30.026219577076475
914	1914	2914	-1	9.575275165953025
915	1915	2915	-1	18.89610784374773
916	1916	2916	-1	8.990183804998454
917	1917	2917	-1	18.447845464792156
918	1918	2918	-1	10.112790946399377
919	1919	2919	-1	8.996873922730797
920	1920	2920	-1	10.96309985784939
921	1921	2921	-1	10.315474445224616
922	1922	2922	-1	9.84347935033144
923	1923	2923	-1	30.309281459559884
924	1924	2924	-1	31.173835436083117
925	1925	2925	-1	9.776109294664291
926	1926	2926	-1	11.733758953635085
927	1927	2927	-1	29.89139834824171
928	1928	2928	-1	60.50386842623394
929	1929	2929	-1	16.485066882599522
930	1930	2930	-1	29.326694002656517
931	1931	2931	-1	9.631057157308138
932	1932	2932	-1	29.55942060013507
933	1933	2933	-1	10.588159932866324
934	1934	2934	-1	11.585203328707074
935	1935	2935	-1	11.733203572567058
936	1936	2936	-1	11.762855240037664
937	1937	2937	-1	15.495418828192681
938	1938	2938	-1	10.748998668763397
939	1939	2939	-1	10.089953776446347
940	1940	2940	-1	29.02051631270074
941	1941	2941	-1	9.21402792860226
942	1942	2942	-1	9.727454094222672
943	1943	2943	-1	10.503477861341961
944	1944	2944	-1	11.093486579182153
945	1945	2945	-1	8.80178905532681
946	1946	2946	-1	9.57279318857838
947	1947	2947	-1	10.791603539270028
948	1948	2948	-1	8.951232266994436
949	1949	2949	-1	29.10003343251832
950	1950	2950	-1	21.022507066198774
951	1951	2951	-1	10.83006998308712
952	1952	2952	-1	8.979817978276504
953	1953	2953	-1	11.09578012768252
954	1954	2954	-1	10.701550116233411
955	1955	2955	-1	11.199810542781718
956	1956	2956	-1	9.319642885906532
957	1957	2957	-1	8.777925717696778
958	1958	2958	-1	9.702042214062878
959	1959	2959	-1	9.683608678251852
960	1960	2960	-1	10.541759773529387
961	1961	2961	-1	9.16453920326743
962	1962	2962	-1	10.23386611987359
963	1963	2963	-1	8.981184696771384
964	1964	2964	-1	10.272307746720083
965	1965	2965	-1	10.10205966639265
966	1966	2966	-1	8.247527574983135
967	1967	2967	-1	8.992523905360704
968	1968	2968	-1	10.519272604509702
969	1969	2969	-1	8.759526319562868
970	1970	2970	-1	4.9520436047735235
971	1971	2971	-1	20.27853013490428
972	1972	2972	-1	30.330425013960905
973	1973	2973	-1	29.676743422945087
974	1974	2974	-1	10.663082988856104
975	1975	2975	-1	10.199677375187338
976	1976	2976	-1	10.875078074401713
977	1977	2977	-1	8.706931565329604
978	1978	2978	-1	9.22125989833225
979	1979	2979	-1	10.208296682761588
980	1980	2980	-1	20.00445487403775
981	1981	2981	-1	9.898703778162083
982	1982	2982	-1	10.087007379226348
983	1983	2983	-1	8.376746336246061
984	1984	2984	-1	11.121233269524803
985	1985	2985	-1	29.352286045008622
986	1986	2986	-1	10.618479803707224
987	1987	2987	-1	30.767774482637858
988	1988	2988	-1	30.957368795038228
989	1989	2989	-1	12.055071705037872
990	1990	2990	-1	9.323172191047547
991	1991	2991	-1	10.49949483580279
992	1992	2992	-1	11.378671971660516
993	1993	2993	-1	9.446435541002016
994	1994	2994	-1	10.128239831183947
995	1995	2995	-1	10.558550417948203
996	1996	2996	-1	10.517574961819728
997	1997	2997	-1	30.55305014700739
998	1998	2998	-1	9.134162049833337
999	1999	2999	-1	30.587338206983553
