ind_ID	father_ID	mother_ID	Sex	Phenotype
0	1000	2000	-1	9.464018596459336
1	1001	2001	-1	10.742156463481031
2	1002	2002	-1	10.7187134169777
3	1003	2003	-1	8.424767009207844
4	1004	2004	-1	19.987063769168593
5	1005	2005	-1	11.259913635908896
6	1006	2006	-1	9.171828826668342
7	1007	2007	-1	29.091284339711574
8	1008	2008	-1	8.617875773221957
9	1009	2009	-1	11.588611768416305
10	1010	2010	-1	59.65865308926894
11	1011	2011	-1	29.93940152029428
12	1012	2012	-1	31.582156023935113
13	1013	2013	-1	10.835003244274459
14	1014	2014	-1	10.023595905960692
15	1015	2015	-1	28.30883814489635
16	1016	2016	-1	10.339915494735315
17	1017	2017	-1	8.898540576687546
18	1018	2018	-1	9.492108062472223
19	1019	2019	-1	28.367365157065823
20	1020	2020	-1	11.750969591524264
21	1021	2021	-1	11.030288141739966
22	1022	2022	-1	29.683735126381176
23	1023	2023	-1	19.402560825099005
24	1024	2024	-1	31.095672064170945
25	1025	2025	-1	10.16901518693027
26	1026	2026	-1	19.95447035594358
27	1027	2027	-1	29.184272791007373
28	1028	2028	-1	10.892459684984216
29	1029	2029	-1	9.676497000870468
30	1030	2030	-1	9.936313448451521
31	1031	2031	-1	9.590036169479255
32	1032	2032	-1	5.365734873350037
33	1033	2033	-1	11.658813136491009
34	1034	2034	-1	60.38459892060249
35	1035	2035	-1	10.68025044759539
36	1036	2036	-1	10.110264024387913
37	1037	2037	-1	30.2114550368448
38	1038	2038	-1	29.429028162173925
39	1039	2039	-1	10.37157546774131
40	1040	2040	-1	9.759780963715588
41	1041	2041	-1	28.833814452539173
42	1042	2042	-1	28.113082986447086
43	1043	2043	-1	9.497531279492486
44	1044	2044	-1	10.129792663859293
45	1045	2045	-1	8.92856500899845
46	1046	2046	-1	9.293067662921818
47	1047	2047	-1	30.4972686915579
48	1048	2048	-1	29.04329989832944
49	1049	2049	-1	28.371825500703
50	1050	2050	-1	61.58760371679421
51	1051	2051	-1	30.46324035772157
52	1052	2052	-1	9.802985165787634
53	1053	2053	-1	21.123710895624047
54	1054	2054	-1	30.664027951819612
55	1055	2055	-1	30.717226413305823
56	1056	2056	-1	9.48383242155846
57	1057	2057	-1	30.064445261915942
58	1058	2058	-1	29.640543720643215
59	1059	2059	-1	10.341900389439944
60	1060	2060	-1	9.11647519275883
61	1061	2061	-1	29.13491638283301
62	1062	2062	-1	9.042182121240014
63	1063	2063	-1	28.8605875232957
64	1064	2064	-1	9.714734240567328
65	1065	2065	-1	30.762801271536244
66	1066	2066	-1	8.62049913474505
67	1067	2067	-1	20.94701693039304
68	1068	2068	-1	11.156116700318123
69	1069	2069	-1	29.579351089302897
70	1070	2070	-1	29.432366946718947
71	1071	2071	-1	10.037328004480047
72	1072	2072	-1	9.969572215122344
73	1073	2073	-1	30.245556957424004
74	1074	2074	-1	8.374589492342688
75	1075	2075	-1	9.851485663281126
76	1076	2076	-1	10.25078266015683
77	1077	2077	-1	9.51385120057318
78	1078	2078	-1	10.686771040506361
79	1079	2079	-1	10.586597528272032
80	1080	2080	-1	19.64703187991014
81	1081	2081	-1	11.76739815763024
82	1082	2082	-1	9.810572994941753
83	1083	2083	-1	29.39732301195967
84	1084	2084	-1	10.425444684908065
85	1085	2085	-1	31.272537544182995
86	1086	2086	-1	7.62836229899265
87	1087	2087	-1	29.403374289995458
88	1088	2088	-1	30.396553841901756
89	1089	2089	-1	9.244436386687504
90	1090	2090	-1	30.539536799774353
91	1091	2091	-1	8.686860672297987
92	1092	2092	-1	59.718040645077004
93	1093	2093	-1	9.473659865480261
94	1094	2094	-1	10.022916084193026
95	1095	2095	-1	10.28129521642311
96	1096	2096	-1	10.13148629921293
97	1097	2097	-1	9.251770369570002
98	1098	2098	-1	9.98646524676555
99	1099	2099	-1	29.89003231837724
100	1100	2100	-1	11.088795970538834
101	1101	2101	-1	30.145384985574783
102	1102	2102	-1	11.154558627361842
103	1103	2103	-1	28.840598350216386
104	1104	2104	-1	29.745511884687357
105	1105	2105	-1	10.931251428579314
106	1106	2106	-1	32.41239027101532
107	1107	2107	-1	9.757939405676536
108	1108	2108	-1	30.831588640705032
109	1109	2109	-1	9.048792726372959
110	1110	2110	-1	9.869046780739945
111	1111	2111	-1	10.36895225280827
112	1112	2112	-1	10.356620058280974
113	1113	2113	-1	29.38600999698087
114	1114	2114	-1	8.628903691254468
115	1115	2115	-1	31.86272465068818
116	1116	2116	-1	8.329775460976995
117	1117	2117	-1	19.744872277666268
118	1118	2118	-1	9.739715842681516
119	1119	2119	-1	9.480173193389547
120	1120	2120	-1	20.816848768421313
121	1121	2121	-1	29.983397258158337
122	1122	2122	-1	10.950019483161004
123	1123	2123	-1	29.337861517498975
124	1124	2124	-1	9.410454210087124
125	1125	2125	-1	30.496985854859933
126	1126	2126	-1	11.661726923420394
127	1127	2127	-1	19.623727421491566
128	1128	2128	-1	10.377522878305811
129	1129	2129	-1	10.509619813007431
130	1130	2130	-1	15.851929653209009
131	1131	2131	-1	60.6365248435612
132	1132	2132	-1	8.453644688667262
133	1133	2133	-1	20.302531598281966
134	1134	2134	-1	30.817967836738195
135	1135	2135	-1	9.69807198971042
136	1136	2136	-1	10.19814771627656
137	1137	2137	-1	29.402996320092978
138	1138	2138	-1	9.175826749598267
139	1139	2139	-1	8.018648899660288
140	1140	2140	-1	30.744257866126105
141	1141	2141	-1	9.96515558135269
142	1142	2142	-1	31.396151661158726
143	1143	2143	-1	9.221234389561236
144	1144	2144	-1	20.609114938410837
145	1145	2145	-1	10.490179230406586
146	1146	2146	-1	11.399811508379752
147	1147	2147	-1	9.520312679280297
148	1148	2148	-1	8.756591482268927
149	1149	2149	-1	31.33211160759651
150	1150	2150	-1	28.7251924661639
151	1151	2151	-1	9.670896762553282
152	1152	2152	-1	9.720956922042266
153	1153	2153	-1	29.64667712432504
154	1154	2154	-1	30.785161801824646
155	1155	2155	-1	19.654543443011715
156	1156	2156	-1	39.78494566900266
157	1157	2157	-1	29.20127329067278
158	1158	2158	-1	29.331904653977006
159	1159	2159	-1	10.222049192810113
160	1160	2160	-1	31.721516892301636
161	1161	2161	-1	32.0113317292684
162	1162	2162	-1	28.815501633426436
163	1163	2163	-1	11.024899684989586
164	1164	2164	-1	31.32582673986606
165	1165	2165	-1	10.959389554158758
166	1166	2166	-1	9.864850229862922
167	1167	2167	-1	12.248739646132655
168	1168	2168	-1	29.624030993564563
169	1169	2169	-1	10.274178545913614
170	1170	2170	-1	11.338445145003776
171	1171	2171	-1	4.1992462054945605
172	1172	2172	-1	10.251685199884783
173	1173	2173	-1	28.85058865230007
174	1174	2174	-1	28.954531550388054
175	1175	2175	-1	9.171486564354362
176	1176	2176	-1	29.666443424090378
177	1177	2177	-1	10.601421449543128
178	1178	2178	-1	9.6472064886482
179	1179	2179	-1	9.45605669503097
180	1180	2180	-1	10.809972901696467
181	1181	2181	-1	30.365322892033213
182	1182	2182	-1	9.380297678840538
183	1183	2183	-1	8.772440848342397
184	1184	2184	-1	8.762719431949673
185	1185	2185	-1	10.963265519165082
186	1186	2186	-1	29.911952056575984
187	1187	2187	-1	5.73112694745125
188	1188	2188	-1	9.211398401917434
189	1189	2189	-1	10.024024981168877
190	1190	2190	-1	31.453872958971775
191	1191	2191	-1	11.717810708477261
192	1192	2192	-1	31.600478596237643
193	1193	2193	-1	9.28042058245731
194	1194	2194	-1	31.050262363626167
195	1195	2195	-1	10.019079687375118
196	1196	2196	-1	30.789939844990855
197	1197	2197	-1	8.916179621310768
198	1198	2198	-1	9.021020221048643
199	1199	2199	-1	10.62113930944323
200	1200	2200	-1	29.446208474016682
201	1201	2201	-1	9.992736663344749
202	1202	2202	-1	11.024196513815397
203	1203	2203	-1	10.276707739782974
204	1204	2204	-1	27.62281929903138
205	1205	2205	-1	9.903810193669623
206	1206	2206	-1	9.983966693020891
207	1207	2207	-1	30.221798161599036
208	1208	2208	-1	9.90875320945468
209	1209	2209	-1	10.068416956561657
210	1210	2210	-1	21.67328831603652
211	1211	2211	-1	10.110619493511889
212	1212	2212	-1	10.86333589127016
213	1213	2213	-1	31.009985204321165
214	1214	2214	-1	9.061370696724316
215	1215	2215	-1	28.388708450461383
216	1216	2216	-1	4.954645811364013
217	1217	2217	-1	9.06790671262462
218	1218	2218	-1	9.021987025952093
219	1219	2219	-1	60.521159406560095
220	1220	2220	-1	30.95353488240049
221	1221	2221	-1	29.286045460589783
222	1222	2222	-1	8.356360990020042
223	1223	2223	-1	8.845986894334533
224	1224	2224	-1	29.748961405732544
225	1225	2225	-1	9.653997029928764
226	1226	2226	-1	28.80731215614575
227	1227	2227	-1	9.593447205502827
228	1228	2228	-1	28.52452024077532
229	1229	2229	-1	29.45571394423141
230	1230	2230	-1	11.676795178285666
231	1231	2231	-1	30.772386848799325
232	1232	2232	-1	10.218652092720506
233	1233	2233	-1	30.39997517264727
234	1234	2234	-1	30.44958223900741
235	1235	2235	-1	11.500213345101992
236	1236	2236	-1	10.380252290956372
237	1237	2237	-1	29.753622749028096
238	1238	2238	-1	30.850084533398263
239	1239	2239	-1	31.37101966372406
240	1240	2240	-1	19.129591965396333
241	1241	2241	-1	19.395007631446987
242	1242	2242	-1	9.202377843669021
243	1243	2243	-1	31.963254427948552
244	1244	2244	-1	29.086908446677864
245	1245	2245	-1	4.848545056116142
246	1246	2246	-1	58.56214801817157
247	1247	2247	-1	32.537694205407604
248	1248	2248	-1	29.90815659827892
249	1249	2249	-1	30.8209136087944
250	1250	2250	-1	60.30155680620295
251	1251	2251	-1	11.74212859823665
252	1252	2252	-1	9.605504257507079
253	1253	2253	-1	9.609150528703426
254	1254	2254	-1	9.550058633325387
255	1255	2255	-1	11.598291892838258
256	1256	2256	-1	10.40986223059927
257	1257	2257	-1	10.01037067500824
258	1258	2258	-1	30.034321901614813
259	1259	2259	-1	10.391797623397629
260	1260	2260	-1	21.016203061139763
261	1261	2261	-1	29.007771071921216
262	1262	2262	-1	29.205500927587124
263	1263	2263	-1	11.26010355458841
264	1264	2264	-1	8.849686345381965
265	1265	2265	-1	9.666455674161076
266	1266	2266	-1	9.848941517673204
267	1267	2267	-1	31.013597212445575
268	1268	2268	-1	9.435210720280288
269	1269	2269	-1	10.637440541787166
270	1270	2270	-1	9.27514460248108
271	1271	2271	-1	9.644938722790997
272	1272	2272	-1	11.259224336623824
273	1273	2273	-1	8.413764961162729
274	1274	2274	-1	8.146496149892535
275	1275	2275	-1	11.003962925693513
276	1276	2276	-1	9.200065777267968
277	1277	2277	-1	9.651479436132075
278	1278	2278	-1	10.32166883737754
279	1279	2279	-1	29.03656604139824
280	1280	2280	-1	29.31983201738955
281	1281	2281	-1	10.611323610293312
282	1282	2282	-1	11.696565782101013
283	1283	2283	-1	8.1750450771155
284	1284	2284	-1	9.999423748364666
285	1285	2285	-1	29.328915098120888
286	1286	2286	-1	29.38909015232617
287	1287	2287	-1	9.837519579012845
288	1288	2288	-1	9.550104371620069
289	1289	2289	-1	10.471892935242012
290	1290	2290	-1	11.587316198498867
291	1291	2291	-1	28.35699084988289
292	1292	2292	-1	9.662465477084625
293	1293	2293	-1	12.123963952706182
294	1294	2294	-1	11.389331289983991
295	1295	2295	-1	29.38316070079874
296	1296	2296	-1	59.72676225026041
297	1297	2297	-1	9.260605380752594
298	1298	2298	-1	28.546436745925877
299	1299	2299	-1	32.47452809545915
300	1300	2300	-1	10.341981859397691
301	1301	2301	-1	9.028225352296673
302	1302	2302	-1	9.707452523861507
303	1303	2303	-1	29.58296496441312
304	1304	2304	-1	28.675860521473485
305	1305	2305	-1	11.152387081824559
306	1306	2306	-1	10.869469154235501
307	1307	2307	-1	10.627607287954353
308	1308	2308	-1	11.532987480707103
309	1309	2309	-1	10.371746103991045
310	1310	2310	-1	31.37604753483864
311	1311	2311	-1	9.75207856020732
312	1312	2312	-1	28.679478980287726
313	1313	2313	-1	10.081565086577639
314	1314	2314	-1	30.87094059662246
315	1315	2315	-1	11.268080203817833
316	1316	2316	-1	9.755024115792352
317	1317	2317	-1	9.94978619807071
318	1318	2318	-1	31.20920969878135
319	1319	2319	-1	30.728145714405414
320	1320	2320	-1	8.83683713575587
321	1321	2321	-1	9.70299161702131
322	1322	2322	-1	9.942248923413773
323	1323	2323	-1	9.917868586769604
324	1324	2324	-1	9.447129483623822
325	1325	2325	-1	9.522153357583786
326	1326	2326	-1	28.692637078731018
327	1327	2327	-1	9.614369106203293
328	1328	2328	-1	8.552081086009625
329	1329	2329	-1	10.247438729458676
330	1330	2330	-1	29.206543837637195
331	1331	2331	-1	10.678599830722694
332	1332	2332	-1	10.928333969311218
333	1333	2333	-1	8.726031342459189
334	1334	2334	-1	9.759933451140451
335	1335	2335	-1	9.758953850818976
336	1336	2336	-1	30.291804672612844
337	1337	2337	-1	10.224371150986002
338	1338	2338	-1	9.524467156629093
339	1339	2339	-1	30.450409347949243
340	1340	2340	-1	31.765855554929736
341	1341	2341	-1	30.639294930497332
342	1342	2342	-1	10.524165829002238
343	1343	2343	-1	9.619259502636984
344	1344	2344	-1	28.6075166134713
345	1345	2345	-1	60.541495266545816
346	1346	2346	-1	8.757470395762944
347	1347	2347	-1	13.911478776837084
348	1348	2348	-1	11.84697763592577
349	1349	2349	-1	11.046828558345313
350	1350	2350	-1	9.501177064523338
351	1351	2351	-1	10.489807448173451
352	1352	2352	-1	7.168507242045798
353	1353	2353	-1	9.926498060934332
354	1354	2354	-1	30.324511382349268
355	1355	2355	-1	10.897296662244226
356	1356	2356	-1	10.171764854206742
357	1357	2357	-1	31.445926947341512
358	1358	2358	-1	30.9094201681337
359	1359	2359	-1	29.91853979278665
360	1360	2360	-1	29.925873823215124
361	1361	2361	-1	29.91717504348048
362	1362	2362	-1	9.877247332741566
363	1363	2363	-1	11.952219480026367
364	1364	2364	-1	9.647281488089284
365	1365	2365	-1	20.021144525602054
366	1366	2366	-1	29.17709505145121
367	1367	2367	-1	10.770381989686479
368	1368	2368	-1	8.400004129262843
369	1369	2369	-1	30.327421281511707
370	1370	2370	-1	30.23433174496063
371	1371	2371	-1	11.94301328583539
372	1372	2372	-1	7.9078588761277
373	1373	2373	-1	8.710981331922111
374	1374	2374	-1	12.385424260417475
375	1375	2375	-1	59.360468630179035
376	1376	2376	-1	60.842239838044875
377	1377	2377	-1	10.83250597313878
378	1378	2378	-1	29.892697824841527
379	1379	2379	-1	28.671661683927002
380	1380	2380	-1	10.750776493529589
381	1381	2381	-1	30.408691786340235
382	1382	2382	-1	8.85384151018603
383	1383	2383	-1	9.913504833598882
384	1384	2384	-1	10.958621571010479
385	1385	2385	-1	11.926184746563507
386	1386	2386	-1	10.830376642514794
387	1387	2387	-1	30.44523688789595
388	1388	2388	-1	8.57309259312066
389	1389	2389	-1	11.9582694211168
390	1390	2390	-1	11.038199986288987
391	1391	2391	-1	10.083539211334125
392	1392	2392	-1	10.562664295559397
393	1393	2393	-1	31.05546661379888
394	1394	2394	-1	9.286904379792068
395	1395	2395	-1	7.770153184286848
396	1396	2396	-1	30.197271531161892
397	1397	2397	-1	30.708722372180354
398	1398	2398	-1	9.612603073569831
399	1399	2399	-1	10.311918276229514
400	1400	2400	-1	29.44710410966362
401	1401	2401	-1	12.259246483447292
402	1402	2402	-1	19.070597000748055
403	1403	2403	-1	32.107107927538884
404	1404	2404	-1	8.216124994661099
405	1405	2405	-1	30.892581647947317
406	1406	2406	-1	30.91339564876901
407	1407	2407	-1	30.138555632545852
408	1408	2408	-1	29.658974755636898
409	1409	2409	-1	9.629452295497448
410	1410	2410	-1	9.70192483333445
411	1411	2411	-1	20.25362710534499
412	1412	2412	-1	9.968636151007662
413	1413	2413	-1	29.76294077070836
414	1414	2414	-1	5.306456807778762
415	1415	2415	-1	9.080722533126522
416	1416	2416	-1	21.106272347773235
417	1417	2417	-1	29.913888134110486
418	1418	2418	-1	10.640349124253461
419	1419	2419	-1	10.617495539179378
420	1420	2420	-1	11.654210014244438
421	1421	2421	-1	9.466750308964468
422	1422	2422	-1	30.195634349933336
423	1423	2423	-1	31.178654172873056
424	1424	2424	-1	10.615812098739166
425	1425	2425	-1	30.959956884786845
426	1426	2426	-1	9.328424039634404
427	1427	2427	-1	31.96427876378975
428	1428	2428	-1	29.50971954598607
429	1429	2429	-1	10.526830962712294
430	1430	2430	-1	10.488486765607751
431	1431	2431	-1	30.673112428720174
432	1432	2432	-1	10.386569222606886
433	1433	2433	-1	9.461902291612686
434	1434	2434	-1	14.776891727327321
435	1435	2435	-1	7.305989113649496
436	1436	2436	-1	9.884321673977471
437	1437	2437	-1	11.355953604211983
438	1438	2438	-1	9.335613774302336
439	1439	2439	-1	31.019059359602476
440	1440	2440	-1	31.01626324998657
441	1441	2441	-1	8.381683924076986
442	1442	2442	-1	4.684507926935703
443	1443	2443	-1	10.23435721332354
444	1444	2444	-1	8.564748627014565
445	1445	2445	-1	39.90403178469506
446	1446	2446	-1	5.259739301917644
447	1447	2447	-1	9.863254187305253
448	1448	2448	-1	10.662532722175627
449	1449	2449	-1	31.064207486261463
450	1450	2450	-1	29.382733735543216
451	1451	2451	-1	9.191996509466277
452	1452	2452	-1	29.292155378161056
453	1453	2453	-1	61.791048300058584
454	1454	2454	-1	11.830016023412782
455	1455	2455	-1	9.763373240339492
456	1456	2456	-1	29.474174347462125
457	1457	2457	-1	9.174563187148465
458	1458	2458	-1	10.562460637180404
459	1459	2459	-1	28.700842420277564
460	1460	2460	-1	14.027421568640628
461	1461	2461	-1	9.126068971608536
462	1462	2462	-1	30.15956280611189
463	1463	2463	-1	10.65463448230438
464	1464	2464	-1	9.201718096071023
465	1465	2465	-1	9.486447946410737
466	1466	2466	-1	60.71842310025336
467	1467	2467	-1	9.05010612035935
468	1468	2468	-1	30.140610401960124
469	1469	2469	-1	9.432044806385782
470	1470	2470	-1	15.225857932100114
471	1471	2471	-1	8.664783322151717
472	1472	2472	-1	29.728561920961294
473	1473	2473	-1	10.254811494216263
474	1474	2474	-1	30.30835501508146
475	1475	2475	-1	15.720720661713719
476	1476	2476	-1	29.652672478799033
477	1477	2477	-1	11.701866169772753
478	1478	2478	-1	27.068551001525464
479	1479	2479	-1	8.469073730188246
480	1480	2480	-1	11.80098657506466
481	1481	2481	-1	10.112003478196536
482	1482	2482	-1	7.8309979087203105
483	1483	2483	-1	30.205713367617815
484	1484	2484	-1	30.623719697744463
485	1485	2485	-1	10.283880781823042
486	1486	2486	-1	10.566386018053187
487	1487	2487	-1	9.972643406176129
488	1488	2488	-1	29.03151993541967
489	1489	2489	-1	10.74140990203928
490	1490	2490	-1	10.236906559109899
491	1491	2491	-1	29.93890832779528
492	1492	2492	-1	29.66336977903978
493	1493	2493	-1	10.436618682717839
494	1494	2494	-1	28.748984256022048
495	1495	2495	-1	8.197389917618745
496	1496	2496	-1	29.974123120662046
497	1497	2497	-1	9.386963093389141
498	1498	2498	-1	20.311124912798242
499	1499	2499	-1	9.502794328420327
500	1500	2500	-1	10.966990620224028
501	1501	2501	-1	10.095920950317037
502	1502	2502	-1	30.871407081797702
503	1503	2503	-1	9.325501886039088
504	1504	2504	-1	10.577973322526532
505	1505	2505	-1	31.25907035783749
506	1506	2506	-1	9.967050917625059
507	1507	2507	-1	29.46250164970543
508	1508	2508	-1	10.994327318571708
509	1509	2509	-1	9.156132858423465
510	1510	2510	-1	9.865346273851689
511	1511	2511	-1	9.278352357640369
512	1512	2512	-1	29.69742080352061
513	1513	2513	-1	9.98335907561284
514	1514	2514	-1	29.9819821256319
515	1515	2515	-1	9.982080652972355
516	1516	2516	-1	10.02864044178042
517	1517	2517	-1	31.206257305849935
518	1518	2518	-1	30.21178092190445
519	1519	2519	-1	9.372613026678684
520	1520	2520	-1	31.12690920598668
521	1521	2521	-1	9.012402968403233
522	1522	2522	-1	4.909904643460479
523	1523	2523	-1	29.36188364558508
524	1524	2524	-1	10.11465561106467
525	1525	2525	-1	8.875334015943348
526	1526	2526	-1	10.896468412987929
527	1527	2527	-1	32.18572857589596
528	1528	2528	-1	9.976325847023565
529	1529	2529	-1	29.924328639287175
530	1530	2530	-1	30.032452927585336
531	1531	2531	-1	31.523587550761665
532	1532	2532	-1	9.991767893282146
533	1533	2533	-1	9.965925107259817
534	1534	2534	-1	9.969401781281567
535	1535	2535	-1	10.561782014002212
536	1536	2536	-1	8.161098200610697
537	1537	2537	-1	9.517571531758646
538	1538	2538	-1	30.351013181128604
539	1539	2539	-1	9.584395682795124
540	1540	2540	-1	31.142936781484952
541	1541	2541	-1	9.371988985614864
542	1542	2542	-1	9.038677724494121
543	1543	2543	-1	10.088514582038439
544	1544	2544	-1	31.639794346554055
545	1545	2545	-1	19.087821212587205
546	1546	2546	-1	27.98531987716256
547	1547	2547	-1	7.586145129096504
548	1548	2548	-1	29.984622540255316
549	1549	2549	-1	10.025957238049502
550	1550	2550	-1	11.059730530769382
551	1551	2551	-1	29.378308323353444
552	1552	2552	-1	30.38088140057686
553	1553	2553	-1	9.598074927046145
554	1554	2554	-1	11.091473342877029
555	1555	2555	-1	9.774749359381541
556	1556	2556	-1	27.634753934546424
557	1557	2557	-1	9.855148411130916
558	1558	2558	-1	31.581169088643968
559	1559	2559	-1	10.29927682427307
560	1560	2560	-1	30.65431396873597
561	1561	2561	-1	29.90539770889413
562	1562	2562	-1	30.35541408600889
563	1563	2563	-1	9.457549558989891
564	1564	2564	-1	10.73008624534093
565	1565	2565	-1	30.427414262245893
566	1566	2566	-1	29.944412956953133
567	1567	2567	-1	28.929875717902792
568	1568	2568	-1	9.393675260712444
569	1569	2569	-1	10.223449742730255
570	1570	2570	-1	9.866405159605133
571	1571	2571	-1	59.12198084448293
572	1572	2572	-1	8.754103364959718
573	1573	2573	-1	10.011128071809935
574	1574	2574	-1	9.685423361166988
575	1575	2575	-1	10.541148232446258
576	1576	2576	-1	9.446442786806797
577	1577	2577	-1	9.463846068476379
578	1578	2578	-1	10.1432949110381
579	1579	2579	-1	9.215668385303147
580	1580	2580	-1	9.337035352427629
581	1581	2581	-1	11.108833360490198
582	1582	2582	-1	8.37992798481993
583	1583	2583	-1	9.050137614160548
584	1584	2584	-1	31.055393954111214
585	1585	2585	-1	9.109279453985629
586	1586	2586	-1	9.498867749628491
587	1587	2587	-1	11.050731989606042
588	1588	2588	-1	29.143556302018457
589	1589	2589	-1	31.23203702800897
590	1590	2590	-1	30.673291304362063
591	1591	2591	-1	9.973371156204239
592	1592	2592	-1	10.550332378533895
593	1593	2593	-1	60.35249477669766
594	1594	2594	-1	29.075822492811636
595	1595	2595	-1	9.30939815218151
596	1596	2596	-1	9.620626500288608
597	1597	2597	-1	9.676474190156599
598	1598	2598	-1	20.986925036819414
599	1599	2599	-1	5.102969864984953
600	1600	2600	-1	4.762517714107389
601	1601	2601	-1	9.605078933056747
602	1602	2602	-1	9.356161594652024
603	1603	2603	-1	22.501436138375368
604	1604	2604	-1	27.341109017897903
605	1605	2605	-1	9.319537902643164
606	1606	2606	-1	9.309648519412846
607	1607	2607	-1	11.48250288622163
608	1608	2608	-1	9.862958869837527
609	1609	2609	-1	10.24838951275056
610	1610	2610	-1	10.306182481010769
611	1611	2611	-1	10.251505493140268
612	1612	2612	-1	9.291915195981378
613	1613	2613	-1	19.212220391513
614	1614	2614	-1	28.862721043586017
615	1615	2615	-1	29.603921424300726
616	1616	2616	-1	8.379069671102087
617	1617	2617	-1	9.09583093604234
618	1618	2618	-1	8.598206124496354
619	1619	2619	-1	31.01825734540664
620	1620	2620	-1	30.74582352837326
621	1621	2621	-1	28.554785881195773
622	1622	2622	-1	30.269500850285873
623	1623	2623	-1	9.981918652235196
624	1624	2624	-1	5.313458875927274
625	1625	2625	-1	14.521800045518347
626	1626	2626	-1	14.57150251168465
627	1627	2627	-1	9.837332832495118
628	1628	2628	-1	31.042567012740747
629	1629	2629	-1	29.41351696472939
630	1630	2630	-1	8.330763076043326
631	1631	2631	-1	28.822253933136547
632	1632	2632	-1	59.407240432303745
633	1633	2633	-1	10.929498400197682
634	1634	2634	-1	10.022710767335349
635	1635	2635	-1	30.645555731901165
636	1636	2636	-1	28.56460785696475
637	1637	2637	-1	32.67661040331441
638	1638	2638	-1	19.779635641151398
639	1639	2639	-1	9.540259227314113
640	1640	2640	-1	9.063407412086207
641	1641	2641	-1	29.054509776433086
642	1642	2642	-1	30.650174707323266
643	1643	2643	-1	30.02816796577434
644	1644	2644	-1	30.505384913632238
645	1645	2645	-1	8.811354511733146
646	1646	2646	-1	29.81492657020009
647	1647	2647	-1	31.05199270858052
648	1648	2648	-1	9.678383017800108
649	1649	2649	-1	60.339005211916906
650	1650	2650	-1	9.839702107986506
651	1651	2651	-1	10.28130912690723
652	1652	2652	-1	11.181063187350542
653	1653	2653	-1	9.3476873932858
654	1654	2654	-1	29.392172893354395
655	1655	2655	-1	10.721464440690312
656	1656	2656	-1	11.728015538350089
657	1657	2657	-1	29.80003776747952
658	1658	2658	-1	9.575202682102871
659	1659	2659	-1	9.732368468374048
660	1660	2660	-1	28.62678835725085
661	1661	2661	-1	10.598476994781368
662	1662	2662	-1	19.49077999720088
663	1663	2663	-1	8.941650308073168
664	1664	2664	-1	30.607543219562043
665	1665	2665	-1	9.976057571337671
666	1666	2666	-1	10.557320133584241
667	1667	2667	-1	30.042698606480233
668	1668	2668	-1	15.421605462604653
669	1669	2669	-1	8.184958172765958
670	1670	2670	-1	10.463138706363939
671	1671	2671	-1	9.212261554336013
672	1672	2672	-1	10.649090258267455
673	1673	2673	-1	9.924416487241139
674	1674	2674	-1	9.02818351515853
675	1675	2675	-1	10.267053121100771
676	1676	2676	-1	10.339496213319693
677	1677	2677	-1	9.799743870257926
678	1678	2678	-1	11.322371255294696
679	1679	2679	-1	29.790379524184537
680	1680	2680	-1	29.509145230500835
681	1681	2681	-1	9.483512982076066
682	1682	2682	-1	3.5022049230530437
683	1683	2683	-1	59.805352463921245
684	1684	2684	-1	30.65981796232142
685	1685	2685	-1	9.526541991194255
686	1686	2686	-1	28.411769692804306
687	1687	2687	-1	9.898382946617955
688	1688	2688	-1	30.344128035553286
689	1689	2689	-1	29.57131242097871
690	1690	2690	-1	28.088979643236186
691	1691	2691	-1	5.040081795922813
692	1692	2692	-1	10.86603289503599
693	1693	2693	-1	9.534042327963201
694	1694	2694	-1	30.44249051382911
695	1695	2695	-1	11.3237528127843
696	1696	2696	-1	30.1872389463609
697	1697	2697	-1	8.389541815482197
698	1698	2698	-1	10.208516981460168
699	1699	2699	-1	10.114162103844096
700	1700	2700	-1	28.70402860030932
701	1701	2701	-1	30.99981864716311
702	1702	2702	-1	9.408170228557761
703	1703	2703	-1	10.103657435411849
704	1704	2704	-1	8.89688045177154
705	1705	2705	-1	10.983336179327107
706	1706	2706	-1	30.695224356975675
707	1707	2707	-1	29.98631422340465
708	1708	2708	-1	9.70602783794066
709	1709	2709	-1	9.23535961009429
710	1710	2710	-1	5.4076328690998725
711	1711	2711	-1	21.286985296574642
712	1712	2712	-1	28.83765869440473
713	1713	2713	-1	11.353221714998133
714	1714	2714	-1	21.027581124243856
715	1715	2715	-1	14.717430240887756
716	1716	2716	-1	11.582045714678866
717	1717	2717	-1	9.05134245125617
718	1718	2718	-1	9.976815809369418
719	1719	2719	-1	5.930079261790747
720	1720	2720	-1	10.584459433101843
721	1721	2721	-1	10.437229435507088
722	1722	2722	-1	60.30601029752717
723	1723	2723	-1	27.83503078810026
724	1724	2724	-1	10.277662595731986
725	1725	2725	-1	31.524154969662018
726	1726	2726	-1	9.415204396720013
727	1727	2727	-1	10.616907958594794
728	1728	2728	-1	30.503596540734
729	1729	2729	-1	3.0192347300310374
730	1730	2730	-1	10.670098591545765
731	1731	2731	-1	30.34914467328705
732	1732	2732	-1	31.60581794850931
733	1733	2733	-1	4.6846549850677555
734	1734	2734	-1	10.761537939392156
735	1735	2735	-1	9.433612895607036
736	1736	2736	-1	29.369290754354946
737	1737	2737	-1	10.855786813886969
738	1738	2738	-1	8.818074304403362
739	1739	2739	-1	5.228653527729004
740	1740	2740	-1	31.531500591948145
741	1741	2741	-1	9.459779876202015
742	1742	2742	-1	30.37798475972379
743	1743	2743	-1	9.516480405026956
744	1744	2744	-1	9.592752878902802
745	1745	2745	-1	9.007446499749392
746	1746	2746	-1	9.945494760855812
747	1747	2747	-1	14.83180572417375
748	1748	2748	-1	6.069696641360718
749	1749	2749	-1	29.805979168933597
750	1750	2750	-1	29.760474576534474
751	1751	2751	-1	10.214845893439103
752	1752	2752	-1	29.460586437313495
753	1753	2753	-1	20.031258238988194
754	1754	2754	-1	8.598595047753316
755	1755	2755	-1	8.365688474081953
756	1756	2756	-1	10.472775463184716
757	1757	2757	-1	19.795574577719982
758	1758	2758	-1	19.576331761729385
759	1759	2759	-1	10.564438440852303
760	1760	2760	-1	11.221440658416869
761	1761	2761	-1	9.33769230442483
762	1762	2762	-1	19.341165673481257
763	1763	2763	-1	10.821731686969153
764	1764	2764	-1	9.36556661762756
765	1765	2765	-1	30.22182269678404
766	1766	2766	-1	9.38799260634709
767	1767	2767	-1	29.100233673182213
768	1768	2768	-1	9.32896858560332
769	1769	2769	-1	28.792673871130553
770	1770	2770	-1	9.646229760927964
771	1771	2771	-1	29.792665134586127
772	1772	2772	-1	21.676273999830613
773	1773	2773	-1	9.104105393683906
774	1774	2774	-1	9.503624742506217
775	1775	2775	-1	10.462760291385969
776	1776	2776	-1	10.13870904000181
777	1777	2777	-1	30.064976117098798
778	1778	2778	-1	10.357137844437787
779	1779	2779	-1	8.228869387896228
780	1780	2780	-1	11.101067163917836
781	1781	2781	-1	9.65337812252539
782	1782	2782	-1	9.020036951008647
783	1783	2783	-1	9.768164300376537
784	1784	2784	-1	10.435200845329266
785	1785	2785	-1	11.129400097329393
786	1786	2786	-1	9.147672315952516
787	1787	2787	-1	10.54568126686811
788	1788	2788	-1	9.485056144611262
789	1789	2789	-1	29.705553169661723
790	1790	2790	-1	30.522992019816307
791	1791	2791	-1	28.81530326865449
792	1792	2792	-1	11.110807440605928
793	1793	2793	-1	12.052983666622042
794	1794	2794	-1	9.835674352763533
795	1795	2795	-1	27.74130527939831
796	1796	2796	-1	9.66880171661192
797	1797	2797	-1	10.453617105580909
798	1798	2798	-1	10.195646330168985
799	1799	2799	-1	29.453804523911106
800	1800	2800	-1	10.786213365833355
801	1801	2801	-1	9.171069428687154
802	1802	2802	-1	30.766844423093847
803	1803	2803	-1	9.473825210882906
804	1804	2804	-1	8.612138789060383
805	1805	2805	-1	30.751878070273694
806	1806	2806	-1	29.305281159658392
807	1807	2807	-1	58.15557099899694
808	1808	2808	-1	31.260170091040877
809	1809	2809	-1	28.502430018086393
810	1810	2810	-1	9.903999326734821
811	1811	2811	-1	9.089097267569526
812	1812	2812	-1	11.027280526509543
813	1813	2813	-1	10.676170303512468
814	1814	2814	-1	9.82457873837504
815	1815	2815	-1	9.521959004125511
816	1816	2816	-1	11.567743430533897
817	1817	2817	-1	11.489908888298345
818	1818	2818	-1	30.770344595610304
819	1819	2819	-1	9.468012004914696
820	1820	2820	-1	10.3401875720655
821	1821	2821	-1	29.48789729239642
822	1822	2822	-1	5.790470314019607
823	1823	2823	-1	31.467565602305037
824	1824	2824	-1	8.643136926311909
825	1825	2825	-1	14.583506929492659
826	1826	2826	-1	10.166502205436414
827	1827	2827	-1	10.395659400108379
828	1828	2828	-1	10.602041866219427
829	1829	2829	-1	60.79372700156823
830	1830	2830	-1	9.821913956783735
831	1831	2831	-1	10.243158067126132
832	1832	2832	-1	30.722962968867726
833	1833	2833	-1	8.47579941570493
834	1834	2834	-1	10.352967052631946
835	1835	2835	-1	8.833051532036658
836	1836	2836	-1	30.29531090590353
837	1837	2837	-1	8.53092681041195
838	1838	2838	-1	29.235516153654185
839	1839	2839	-1	28.89439292414784
840	1840	2840	-1	10.64753932173643
841	1841	2841	-1	20.31266221084676
842	1842	2842	-1	30.4106850862108
843	1843	2843	-1	8.049461507042674
844	1844	2844	-1	32.19596985140966
845	1845	2845	-1	30.441012681926495
846	1846	2846	-1	9.393397301215069
847	1847	2847	-1	8.886572705052048
848	1848	2848	-1	7.736923303713687
849	1849	2849	-1	8.792612287884658
850	1850	2850	-1	28.60837673134722
851	1851	2851	-1	10.658637981209134
852	1852	2852	-1	15.274698008704085
853	1853	2853	-1	28.769204328036306
854	1854	2854	-1	11.531561071843463
855	1855	2855	-1	13.813455522795008
856	1856	2856	-1	28.124741529874857
857	1857	2857	-1	30.57793106035369
858	1858	2858	-1	6.1874081111554355
859	1859	2859	-1	28.254185823716824
860	1860	2860	-1	31.6814472483053
861	1861	2861	-1	11.376450732243754
862	1862	2862	-1	3.6900909308752867
863	1863	2863	-1	30.5146926734738
864	1864	2864	-1	30.88978291086032
865	1865	2865	-1	29.072916285348658
866	1866	2866	-1	9.345494915096555
867	1867	2867	-1	9.453163079992118
868	1868	2868	-1	20.098248095992634
869	1869	2869	-1	9.888322726512744
870	1870	2870	-1	30.268503336834087
871	1871	2871	-1	10.783335799903178
872	1872	2872	-1	9.604386766013576
873	1873	2873	-1	9.85605351202171
874	1874	2874	-1	30.52401648535658
875	1875	2875	-1	7.969101896309908
876	1876	2876	-1	10.779697680221703
877	1877	2877	-1	28.929140193059855
878	1878	2878	-1	12.290852476743877
879	1879	2879	-1	10.532825771793053
880	1880	2880	-1	9.84093573279301
881	1881	2881	-1	31.230239956426303
882	1882	2882	-1	9.856854748698078
883	1883	2883	-1	10.38558111816973
884	1884	2884	-1	59.26403016003894
885	1885	2885	-1	10.095613378055305
886	1886	2886	-1	10.460263796608228
887	1887	2887	-1	4.515311420319398
888	1888	2888	-1	8.828914397183258
889	1889	2889	-1	28.917817719352843
890	1890	2890	-1	30.587711323032938
891	1891	2891	-1	28.653340567306987
892	1892	2892	-1	30.1855633354251
893	1893	2893	-1	10.19303408433783
894	1894	2894	-1	58.722426575763095
895	1895	2895	-1	30.684514062735047
896	1896	2896	-1	10.060682153857652
897	1897	2897	-1	8.891930136990426
898	1898	2898	-1	32.31491065316033
899	1899	2899	-1	30.7081695029497
900	1900	2900	-1	11.893922948462475
901	1901	2901	-1	9.478549001303463
902	1902	2902	-1	9.625261734941938
903	1903	2903	-1	9.073184563928766
904	1904	2904	-1	29.11025015656973
905	1905	2905	-1	9.920784454608723
906	1906	2906	-1	28.81131630873582
907	1907	2907	-1	10.149743913937293
908	1908	2908	-1	12.133036696440712
909	1909	2909	-1	30.11367383955737
910	1910	2910	-1	29.48933846860292
911	1911	2911	-1	29.228074964901182
912	1912	2912	-1	16.75752823898038
913	1913	2913	-1	30.46891075495922
914	1914	2914	-1	30.56783499059726
915	1915	2915	-1	8.975567532238895
916	1916	2916	-1	29.42958049608947
917	1917	2917	-1	8.626157990236212
918	1918	2918	-1	9.840969394629745
919	1919	2919	-1	61.83711048591774
920	1920	2920	-1	11.331688468542499
921	1921	2921	-1	30.837781334162532
922	1922	2922	-1	19.834095119070415
923	1923	2923	-1	10.074107540819956
924	1924	2924	-1	10.45666773835219
925	1925	2925	-1	30.592652899792586
926	1926	2926	-1	29.87047938998783
927	1927	2927	-1	10.503663863800886
928	1928	2928	-1	30.52917637870839
929	1929	2929	-1	8.99185341512303
930	1930	2930	-1	30.49913299903419
931	1931	2931	-1	30.74376296429641
932	1932	2932	-1	19.684555548603946
933	1933	2933	-1	4.932440477734212
934	1934	2934	-1	9.059844255674363
935	1935	2935	-1	28.57432897302358
936	1936	2936	-1	32.081352192617885
937	1937	2937	-1	10.989755119223602
938	1938	2938	-1	6.030105583195265
939	1939	2939	-1	10.096864673756187
940	1940	2940	-1	11.438158331065495
941	1941	2941	-1	10.145483524964648
942	1942	2942	-1	7.600547011957779
943	1943	2943	-1	10.162596775706156
944	1944	2944	-1	8.354657015085687
945	1945	2945	-1	20.959987063144062
946	1946	2946	-1	30.020106275043343
947	1947	2947	-1	30.458279988973295
948	1948	2948	-1	10.074730700792307
949	1949	2949	-1	18.690618658162073
950	1950	2950	-1	9.981384092013275
951	1951	2951	-1	29.9209564740441
952	1952	2952	-1	28.982498919859125
953	1953	2953	-1	9.597055836257628
954	1954	2954	-1	9.174700922372608
955	1955	2955	-1	29.930048359342226
956	1956	2956	-1	8.66179502083571
957	1957	2957	-1	30.08390137509273
958	1958	2958	-1	30.5021092451335
959	1959	2959	-1	29.961064599955947
960	1960	2960	-1	29.321302854797732
961	1961	2961	-1	20.86182413223161
962	1962	2962	-1	8.540178277790075
963	1963	2963	-1	21.15527549199852
964	1964	2964	-1	31.329376900549722
965	1965	2965	-1	10.507199394676848
966	1966	2966	-1	11.676598152591941
967	1967	2967	-1	29.604485132963074
968	1968	2968	-1	8.963337755179941
969	1969	2969	-1	28.928585234070006
970	1970	2970	-1	30.068776629053133
971	1971	2971	-1	9.586446114271547
972	1972	2972	-1	11.19369252502148
973	1973	2973	-1	30.333342662569613
974	1974	2974	-1	10.29639502831597
975	1975	2975	-1	13.624326137665332
976	1976	2976	-1	11.398392912163791
977	1977	2977	-1	10.608960754505258
978	1978	2978	-1	31.066186359238067
979	1979	2979	-1	30.724349952673574
980	1980	2980	-1	31.13569167694387
981	1981	2981	-1	10.130480237055068
982	1982	2982	-1	9.351256737761528
983	1983	2983	-1	8.086209059017246
984	1984	2984	-1	27.648154861268747
985	1985	2985	-1	30.996459473177882
986	1986	2986	-1	11.530237863020249
987	1987	2987	-1	12.573386326035527
988	1988	2988	-1	9.517971589322693
989	1989	2989	-1	30.167238747481072
990	1990	2990	-1	10.266864640679064
991	1991	2991	-1	28.92012996767383
992	1992	2992	-1	29.642223031598594
993	1993	2993	-1	60.394675997504834
994	1994	2994	-1	27.82087420427324
995	1995	2995	-1	5.801075992005125
996	1996	2996	-1	11.703040000196834
997	1997	2997	-1	30.642680366831375
998	1998	2998	-1	9.813438070163738
999	1999	2999	-1	30.879279366650938
