ind_ID	father_ID	mother_ID	Sex	Phenotype
0	1000	2000	-1	29.609146165259904
1	1001	2001	-1	10.841719949894378
2	1002	2002	-1	7.902097661578713
3	1003	2003	-1	10.198942226875593
4	1004	2004	-1	8.880043000488442
5	1005	2005	-1	9.920561106959243
6	1006	2006	-1	30.742230976221983
7	1007	2007	-1	9.98591231000654
8	1008	2008	-1	13.402595590487845
9	1009	2009	-1	10.41414099276748
10	1010	2010	-1	9.936798988998135
11	1011	2011	-1	28.93184460745313
12	1012	2012	-1	11.983706308054424
13	1013	2013	-1	10.992120763969382
14	1014	2014	-1	10.053419639261756
15	1015	2015	-1	19.680916240863564
16	1016	2016	-1	28.728791513990203
17	1017	2017	-1	8.492918436301679
18	1018	2018	-1	31.838524409144444
19	1019	2019	-1	11.554434096652024
20	1020	2020	-1	10.775402431345453
21	1021	2021	-1	31.60363961427492
22	1022	2022	-1	30.39949542704595
23	1023	2023	-1	8.314344209737047
24	1024	2024	-1	11.437145180872768
25	1025	2025	-1	19.7239580797592
26	1026	2026	-1	28.82302682260903
27	1027	2027	-1	30.138655045670227
28	1028	2028	-1	29.988920164921797
29	1029	2029	-1	10.446643926165994
30	1030	2030	-1	60.66257403029882
31	1031	2031	-1	11.054201718497838
32	1032	2032	-1	8.726630298159348
33	1033	2033	-1	9.312151114496642
34	1034	2034	-1	11.076277534687229
35	1035	2035	-1	6.142625200290524
36	1036	2036	-1	10.731983773147665
37	1037	2037	-1	8.809439417096266
38	1038	2038	-1	9.002463185061172
39	1039	2039	-1	8.634077231224081
40	1040	2040	-1	10.849796777398689
41	1041	2041	-1	8.790943267839225
42	1042	2042	-1	11.035852002516634
43	1043	2043	-1	8.940725021418341
44	1044	2044	-1	10.418383753146468
45	1045	2045	-1	4.745162597183599
46	1046	2046	-1	9.710644053216313
47	1047	2047	-1	8.641571451292426
48	1048	2048	-1	10.069139004470253
49	1049	2049	-1	11.560073003690192
50	1050	2050	-1	9.77403210893255
51	1051	2051	-1	10.531157382686002
52	1052	2052	-1	8.979168106158804
53	1053	2053	-1	29.271028951061457
54	1054	2054	-1	10.985372334847987
55	1055	2055	-1	8.546922331650087
56	1056	2056	-1	9.608732365576122
57	1057	2057	-1	10.382229984837261
58	1058	2058	-1	8.762191543035616
59	1059	2059	-1	9.788667904630023
60	1060	2060	-1	9.323881379444678
61	1061	2061	-1	31.314735563497635
62	1062	2062	-1	10.063291364651672
63	1063	2063	-1	10.83218634422974
64	1064	2064	-1	9.02894429536129
65	1065	2065	-1	31.24343081864001
66	1066	2066	-1	9.955126137208428
67	1067	2067	-1	11.688548460691786
68	1068	2068	-1	29.210850479926712
69	1069	2069	-1	60.024475152039635
70	1070	2070	-1	8.179834617350373
71	1071	2071	-1	31.671756390113902
72	1072	2072	-1	10.341499213385028
73	1073	2073	-1	60.74427251949804
74	1074	2074	-1	9.317722119929323
75	1075	2075	-1	11.139594838992663
76	1076	2076	-1	29.91188115213231
77	1077	2077	-1	8.78907857536037
78	1078	2078	-1	10.411333836092975
79	1079	2079	-1	9.21677033764986
80	1080	2080	-1	10.790322360504797
81	1081	2081	-1	9.99177468697567
82	1082	2082	-1	10.800202480844705
83	1083	2083	-1	30.553332771037777
84	1084	2084	-1	8.986974058029293
85	1085	2085	-1	30.661873630675178
86	1086	2086	-1	60.620842710966215
87	1087	2087	-1	10.92897622793353
88	1088	2088	-1	30.224497442573586
89	1089	2089	-1	10.404080945426058
90	1090	2090	-1	10.127292270102439
91	1091	2091	-1	9.330609784328844
92	1092	2092	-1	11.305232310283426
93	1093	2093	-1	8.952350432454853
94	1094	2094	-1	30.842085393809864
95	1095	2095	-1	9.260402104469637
96	1096	2096	-1	8.376957875487575
97	1097	2097	-1	9.230237042305129
98	1098	2098	-1	10.140175872712227
99	1099	2099	-1	11.81203872936
100	1100	2100	-1	29.9152009902453
101	1101	2101	-1	29.7835411728606
102	1102	2102	-1	28.523640301628255
103	1103	2103	-1	16.052064171623908
104	1104	2104	-1	7.579479530693487
105	1105	2105	-1	29.540822429129644
106	1106	2106	-1	31.205653895582262
107	1107	2107	-1	8.636930366047975
108	1108	2108	-1	10.541301256302397
109	1109	2109	-1	9.671771407707633
110	1110	2110	-1	10.207768133531902
111	1111	2111	-1	9.45771538128373
112	1112	2112	-1	15.103281248718101
113	1113	2113	-1	10.491831552265674
114	1114	2114	-1	5.270250952820928
115	1115	2115	-1	29.706538742494477
116	1116	2116	-1	10.769317754712507
117	1117	2117	-1	29.418077838223304
118	1118	2118	-1	9.727031155014545
119	1119	2119	-1	30.032117204849524
120	1120	2120	-1	10.20501609148645
121	1121	2121	-1	19.65114849061515
122	1122	2122	-1	32.339194765462274
123	1123	2123	-1	10.430761908264413
124	1124	2124	-1	9.00826129240398
125	1125	2125	-1	40.23486821089463
126	1126	2126	-1	9.756985324744633
127	1127	2127	-1	8.475360128831255
128	1128	2128	-1	11.345494858269218
129	1129	2129	-1	8.474370076083439
130	1130	2130	-1	7.903381858351417
131	1131	2131	-1	29.208483963220065
132	1132	2132	-1	28.931806911633277
133	1133	2133	-1	9.25479740134034
134	1134	2134	-1	27.970548971998433
135	1135	2135	-1	7.372336352827094
136	1136	2136	-1	10.315203265456494
137	1137	2137	-1	58.73422661714354
138	1138	2138	-1	8.869724046080766
139	1139	2139	-1	8.762450002752226
140	1140	2140	-1	31.249625615948197
141	1141	2141	-1	22.506056930233033
142	1142	2142	-1	8.690690084547864
143	1143	2143	-1	9.673221792991587
144	1144	2144	-1	3.852755360628401
145	1145	2145	-1	8.73179807084861
146	1146	2146	-1	9.333494365478625
147	1147	2147	-1	30.836889789312675
148	1148	2148	-1	30.254070824627217
149	1149	2149	-1	29.305664065762944
150	1150	2150	-1	8.626581046109107
151	1151	2151	-1	9.841138919488017
152	1152	2152	-1	9.028950750294124
153	1153	2153	-1	8.942905980861012
154	1154	2154	-1	6.457538751970663
155	1155	2155	-1	10.386365939752018
156	1156	2156	-1	4.392477758620783
157	1157	2157	-1	14.152826591058867
158	1158	2158	-1	9.070053577771763
159	1159	2159	-1	9.263369973494527
160	1160	2160	-1	9.131998743014723
161	1161	2161	-1	9.443297202952873
162	1162	2162	-1	19.109741192199976
163	1163	2163	-1	10.995940109411926
164	1164	2164	-1	30.920490630111324
165	1165	2165	-1	30.63810172778696
166	1166	2166	-1	28.718774047189648
167	1167	2167	-1	30.14419622670066
168	1168	2168	-1	8.202126345934476
169	1169	2169	-1	29.684313766026936
170	1170	2170	-1	29.655367913846888
171	1171	2171	-1	11.098637705060668
172	1172	2172	-1	10.640757097325455
173	1173	2173	-1	30.44110119058252
174	1174	2174	-1	9.354524551013473
175	1175	2175	-1	8.797617502452464
176	1176	2176	-1	30.179902858230403
177	1177	2177	-1	10.354929232707054
178	1178	2178	-1	29.304829333550984
179	1179	2179	-1	19.400725522187557
180	1180	2180	-1	29.209699937878696
181	1181	2181	-1	29.662556484121914
182	1182	2182	-1	9.511165934870773
183	1183	2183	-1	9.008522967332382
184	1184	2184	-1	19.491082385401107
185	1185	2185	-1	11.049940757584583
186	1186	2186	-1	9.305259993903423
187	1187	2187	-1	9.82930266559036
188	1188	2188	-1	9.575813654213658
189	1189	2189	-1	31.899142042647522
190	1190	2190	-1	10.158369948122056
191	1191	2191	-1	31.093797339101474
192	1192	2192	-1	10.619745682390485
193	1193	2193	-1	9.30633856478132
194	1194	2194	-1	2.891045067649271
195	1195	2195	-1	10.79264189544566
196	1196	2196	-1	28.773079060175764
197	1197	2197	-1	10.72194298811365
198	1198	2198	-1	30.99471303999939
199	1199	2199	-1	11.034833392520856
200	1200	2200	-1	30.324796339672872
201	1201	2201	-1	12.393547965772248
202	1202	2202	-1	29.692501610713602
203	1203	2203	-1	29.039755388363854
204	1204	2204	-1	11.065130763036725
205	1205	2205	-1	29.889214356962906
206	1206	2206	-1	30.626351872426476
207	1207	2207	-1	9.518165145399573
208	1208	2208	-1	9.582690457889226
209	1209	2209	-1	11.748990678877043
210	1210	2210	-1	30.183736883985144
211	1211	2211	-1	10.45203872894388
212	1212	2212	-1	10.423358349386548
213	1213	2213	-1	8.700633863866612
214	1214	2214	-1	29.188809193910547
215	1215	2215	-1	10.015636554488301
216	1216	2216	-1	9.328353650459688
217	1217	2217	-1	10.283745134157343
218	1218	2218	-1	10.006898927974746
219	1219	2219	-1	9.841597071191789
220	1220	2220	-1	31.544248963081102
221	1221	2221	-1	9.047918451211842
222	1222	2222	-1	30.289765562837513
223	1223	2223	-1	30.515940181901744
224	1224	2224	-1	29.603834305661604
225	1225	2225	-1	29.84553059825549
226	1226	2226	-1	9.074278677527396
227	1227	2227	-1	11.398866444219259
228	1228	2228	-1	30.53291043350141
229	1229	2229	-1	10.886742053156249
230	1230	2230	-1	30.042031573635715
231	1231	2231	-1	8.836444809077749
232	1232	2232	-1	10.168866776987151
233	1233	2233	-1	29.321945626414216
234	1234	2234	-1	10.227479992359562
235	1235	2235	-1	29.451437161235468
236	1236	2236	-1	9.635950941796896
237	1237	2237	-1	20.26435620827818
238	1238	2238	-1	8.777519939459346
239	1239	2239	-1	4.641398157511023
240	1240	2240	-1	11.565290637702944
241	1241	2241	-1	9.503774991462677
242	1242	2242	-1	10.016288545074012
243	1243	2243	-1	29.64529278801245
244	1244	2244	-1	9.75567804346717
245	1245	2245	-1	30.230376499315152
246	1246	2246	-1	31.817758118171646
247	1247	2247	-1	21.650203597250574
248	1248	2248	-1	30.62416890107003
249	1249	2249	-1	9.891111238371781
250	1250	2250	-1	4.829212044026052
251	1251	2251	-1	32.22927912706686
252	1252	2252	-1	30.30003604670969
253	1253	2253	-1	29.441622465390164
254	1254	2254	-1	10.471306272587407
255	1255	2255	-1	31.785452160207164
256	1256	2256	-1	9.135579308151947
257	1257	2257	-1	9.005893427626747
258	1258	2258	-1	31.6882115317753
259	1259	2259	-1	10.027037046395815
260	1260	2260	-1	9.568955924088694
261	1261	2261	-1	14.30294467322732
262	1262	2262	-1	29.3938407349947
263	1263	2263	-1	29.998467198739448
264	1264	2264	-1	11.070656611426921
265	1265	2265	-1	10.988473080668975
266	1266	2266	-1	19.784448116584887
267	1267	2267	-1	30.81919284850604
268	1268	2268	-1	8.480497567925449
269	1269	2269	-1	9.608498692104643
270	1270	2270	-1	10.37265247911361
271	1271	2271	-1	29.949237740718203
272	1272	2272	-1	9.976096949371243
273	1273	2273	-1	59.50244087449066
274	1274	2274	-1	9.895576960784599
275	1275	2275	-1	11.696059518464535
276	1276	2276	-1	29.467865802780818
277	1277	2277	-1	9.667418941172874
278	1278	2278	-1	11.23796884656607
279	1279	2279	-1	10.912387135224112
280	1280	2280	-1	15.087798907952415
281	1281	2281	-1	30.206396171496387
282	1282	2282	-1	28.658618446170646
283	1283	2283	-1	19.33812984432412
284	1284	2284	-1	20.061678136223524
285	1285	2285	-1	9.171458783684228
286	1286	2286	-1	10.855653292382733
287	1287	2287	-1	11.82747690249882
288	1288	2288	-1	10.083246411249329
289	1289	2289	-1	13.982618951323945
290	1290	2290	-1	11.025296896624159
291	1291	2291	-1	12.372673709373416
292	1292	2292	-1	11.154093791083023
293	1293	2293	-1	8.647721511687008
294	1294	2294	-1	30.477703726183922
295	1295	2295	-1	30.9458048555725
296	1296	2296	-1	10.566960120902511
297	1297	2297	-1	29.955071701107038
298	1298	2298	-1	8.187354990484073
299	1299	2299	-1	9.097868573112438
300	1300	2300	-1	11.17140539586128
301	1301	2301	-1	30.5947805628582
302	1302	2302	-1	10.441443381693919
303	1303	2303	-1	10.508149601985508
304	1304	2304	-1	9.983886911436734
305	1305	2305	-1	10.788740864205243
306	1306	2306	-1	59.58064956758665
307	1307	2307	-1	29.436515169566327
308	1308	2308	-1	11.391489732555542
309	1309	2309	-1	11.266074331288793
310	1310	2310	-1	29.16405726871523
311	1311	2311	-1	9.541317127762508
312	1312	2312	-1	30.185878232677876
313	1313	2313	-1	10.380018596949403
314	1314	2314	-1	12.117698972707148
315	1315	2315	-1	11.000380042463416
316	1316	2316	-1	10.817338920703342
317	1317	2317	-1	10.881652066790185
318	1318	2318	-1	10.436963783409013
319	1319	2319	-1	6.195958271493606
320	1320	2320	-1	9.658505362898975
321	1321	2321	-1	8.663177403123822
322	1322	2322	-1	30.231196594807034
323	1323	2323	-1	30.65903951186275
324	1324	2324	-1	30.80709736833512
325	1325	2325	-1	8.425445872109849
326	1326	2326	-1	29.063173820463355
327	1327	2327	-1	27.99649570053781
328	1328	2328	-1	9.659063589413652
329	1329	2329	-1	29.86030038716792
330	1330	2330	-1	30.201004636686502
331	1331	2331	-1	9.409352091087886
332	1332	2332	-1	29.05614966238629
333	1333	2333	-1	15.303780367328374
334	1334	2334	-1	9.99292665074363
335	1335	2335	-1	7.482143979818389
336	1336	2336	-1	13.255239151990548
337	1337	2337	-1	8.682594939795857
338	1338	2338	-1	8.385741807816775
339	1339	2339	-1	7.697773882776703
340	1340	2340	-1	30.21407424528813
341	1341	2341	-1	8.816947171656102
342	1342	2342	-1	30.937470000300056
343	1343	2343	-1	9.274342847539884
344	1344	2344	-1	9.430408946746224
345	1345	2345	-1	9.751218661989375
346	1346	2346	-1	30.787914268636804
347	1347	2347	-1	28.839817339850867
348	1348	2348	-1	10.659550353113163
349	1349	2349	-1	3.298404249734223
350	1350	2350	-1	9.865470972152044
351	1351	2351	-1	9.837897554960179
352	1352	2352	-1	9.940138877759294
353	1353	2353	-1	8.8622729627996
354	1354	2354	-1	30.22333803558123
355	1355	2355	-1	11.417700140354345
356	1356	2356	-1	12.76195930235745
357	1357	2357	-1	10.003304569650359
358	1358	2358	-1	29.796466771700217
359	1359	2359	-1	11.68893135965531
360	1360	2360	-1	19.86585313961315
361	1361	2361	-1	10.836939031752527
362	1362	2362	-1	8.974217804290646
363	1363	2363	-1	10.173201820523039
364	1364	2364	-1	9.849124216076282
365	1365	2365	-1	30.594544629840115
366	1366	2366	-1	11.509998100438182
367	1367	2367	-1	9.422121444250413
368	1368	2368	-1	5.6271162080831365
369	1369	2369	-1	9.076997464838835
370	1370	2370	-1	20.265475374343403
371	1371	2371	-1	9.985063408842288
372	1372	2372	-1	8.672558341423734
373	1373	2373	-1	30.942190587674705
374	1374	2374	-1	32.1112727371657
375	1375	2375	-1	9.837662222840015
376	1376	2376	-1	10.828871463800803
377	1377	2377	-1	28.67977119207475
378	1378	2378	-1	9.585654101267137
379	1379	2379	-1	10.953806157367115
380	1380	2380	-1	11.32176344062843
381	1381	2381	-1	8.84957200457984
382	1382	2382	-1	9.9024532049368
383	1383	2383	-1	5.677614130072001
384	1384	2384	-1	9.691428514962269
385	1385	2385	-1	19.684325024688714
386	1386	2386	-1	10.70047230394391
387	1387	2387	-1	10.46516479928783
388	1388	2388	-1	9.631108195013981
389	1389	2389	-1	19.29370688405817
390	1390	2390	-1	31.6351353007612
391	1391	2391	-1	8.034681695205467
392	1392	2392	-1	4.686655245412622
393	1393	2393	-1	9.387656046644278
394	1394	2394	-1	9.7203390090573
395	1395	2395	-1	6.365248808072055
396	1396	2396	-1	30.88399550235262
397	1397	2397	-1	10.49380206825518
398	1398	2398	-1	9.994097278351719
399	1399	2399	-1	8.730037639901514
400	1400	2400	-1	10.03029858096095
401	1401	2401	-1	9.763900831576473
402	1402	2402	-1	30.265701855609752
403	1403	2403	-1	10.785677810590736
404	1404	2404	-1	9.208776678385616
405	1405	2405	-1	9.953477022974214
406	1406	2406	-1	10.453400930703106
407	1407	2407	-1	31.311971412057286
408	1408	2408	-1	31.52991675275087
409	1409	2409	-1	60.51743381562871
410	1410	2410	-1	10.365325068409756
411	1411	2411	-1	9.477200709255312
412	1412	2412	-1	31.002082174804166
413	1413	2413	-1	8.725229527147562
414	1414	2414	-1	30.669497526317038
415	1415	2415	-1	8.423399908657137
416	1416	2416	-1	30.38196875241617
417	1417	2417	-1	30.044162900639282
418	1418	2418	-1	4.1127281570964485
419	1419	2419	-1	11.495940420157686
420	1420	2420	-1	18.64238869867639
421	1421	2421	-1	30.295388986115583
422	1422	2422	-1	40.63044811954098
423	1423	2423	-1	30.566619074231852
424	1424	2424	-1	30.865631483489103
425	1425	2425	-1	27.462205605990977
426	1426	2426	-1	9.942335864828705
427	1427	2427	-1	11.662300293486485
428	1428	2428	-1	10.213994964248709
429	1429	2429	-1	5.968048237678978
430	1430	2430	-1	10.342285758412908
431	1431	2431	-1	31.235056145217797
432	1432	2432	-1	28.498744061850577
433	1433	2433	-1	8.8730081050467
434	1434	2434	-1	10.91498861645352
435	1435	2435	-1	11.327423950257968
436	1436	2436	-1	13.484399888268563
437	1437	2437	-1	30.67493846162034
438	1438	2438	-1	10.043489012771232
439	1439	2439	-1	10.118756494022808
440	1440	2440	-1	31.30247606222598
441	1441	2441	-1	12.047297487741883
442	1442	2442	-1	30.859041646740742
443	1443	2443	-1	31.496129131064308
444	1444	2444	-1	10.689588620616146
445	1445	2445	-1	8.46928029536365
446	1446	2446	-1	10.534278828763272
447	1447	2447	-1	8.421415316806357
448	1448	2448	-1	10.631767498309916
449	1449	2449	-1	30.50974299849397
450	1450	2450	-1	10.070914808093482
451	1451	2451	-1	9.45159214187352
452	1452	2452	-1	11.1218968964241
453	1453	2453	-1	10.560076937835872
454	1454	2454	-1	29.875382884059388
455	1455	2455	-1	9.87530070591095
456	1456	2456	-1	8.707681054635092
457	1457	2457	-1	29.330256594912306
458	1458	2458	-1	10.612048287631787
459	1459	2459	-1	9.056769812831027
460	1460	2460	-1	10.767128916571743
461	1461	2461	-1	15.603359680749916
462	1462	2462	-1	30.851981233623256
463	1463	2463	-1	11.749477295751714
464	1464	2464	-1	10.334511992090405
465	1465	2465	-1	29.566600586898957
466	1466	2466	-1	10.225945486994696
467	1467	2467	-1	60.55062086420604
468	1468	2468	-1	28.646547107356476
469	1469	2469	-1	9.683415565857553
470	1470	2470	-1	6.671504315949436
471	1471	2471	-1	30.77941477898662
472	1472	2472	-1	28.068668595541343
473	1473	2473	-1	28.932645385357013
474	1474	2474	-1	10.382068722497714
475	1475	2475	-1	28.469110095109215
476	1476	2476	-1	29.383426486488677
477	1477	2477	-1	10.836643248121486
478	1478	2478	-1	31.45314512691396
479	1479	2479	-1	15.57852076040079
480	1480	2480	-1	9.321057883496561
481	1481	2481	-1	9.77996067659504
482	1482	2482	-1	31.282189517138807
483	1483	2483	-1	8.864870005576698
484	1484	2484	-1	8.924045680240221
485	1485	2485	-1	59.99865617466767
486	1486	2486	-1	8.85183051560677
487	1487	2487	-1	8.543141191790546
488	1488	2488	-1	11.12006927432693
489	1489	2489	-1	10.282435327546656
490	1490	2490	-1	11.490476983736915
491	1491	2491	-1	9.950084477062559
492	1492	2492	-1	29.211749265576707
493	1493	2493	-1	9.108900542950291
494	1494	2494	-1	30.59599348421523
495	1495	2495	-1	9.995662927326736
496	1496	2496	-1	10.993297070165095
497	1497	2497	-1	19.111262924277934
498	1498	2498	-1	9.788936269971261
499	1499	2499	-1	30.03600752979962
500	1500	2500	-1	30.962999330839416
501	1501	2501	-1	11.736820896063284
502	1502	2502	-1	8.890717430309962
503	1503	2503	-1	8.947234005454577
504	1504	2504	-1	9.77745148833831
505	1505	2505	-1	30.361813262012316
506	1506	2506	-1	10.029009557908566
507	1507	2507	-1	18.695638930516807
508	1508	2508	-1	10.352259827080767
509	1509	2509	-1	9.555903479527553
510	1510	2510	-1	28.73585444049384
511	1511	2511	-1	29.81573527133446
512	1512	2512	-1	30.962120418617804
513	1513	2513	-1	7.97417796143027
514	1514	2514	-1	30.534705792636764
515	1515	2515	-1	10.703924263426142
516	1516	2516	-1	8.84211889258653
517	1517	2517	-1	32.48137802848548
518	1518	2518	-1	9.721090381143831
519	1519	2519	-1	29.218127338246116
520	1520	2520	-1	10.314419508762677
521	1521	2521	-1	9.646352633068073
522	1522	2522	-1	4.415520523430341
523	1523	2523	-1	9.376989510535081
524	1524	2524	-1	8.32324876943323
525	1525	2525	-1	11.718453337124668
526	1526	2526	-1	29.960146434551234
527	1527	2527	-1	8.984456054499498
528	1528	2528	-1	10.360431749307644
529	1529	2529	-1	9.337324714561463
530	1530	2530	-1	10.372729224071318
531	1531	2531	-1	28.878704466530973
532	1532	2532	-1	10.839919862622299
533	1533	2533	-1	9.45069076521416
534	1534	2534	-1	10.762671567289637
535	1535	2535	-1	9.746638354902668
536	1536	2536	-1	11.339788832067306
537	1537	2537	-1	9.622799970676295
538	1538	2538	-1	28.63813391316909
539	1539	2539	-1	11.066908624230393
540	1540	2540	-1	31.4699270832531
541	1541	2541	-1	5.648800899521326
542	1542	2542	-1	29.897257181884722
543	1543	2543	-1	9.729091059023691
544	1544	2544	-1	9.355629878398926
545	1545	2545	-1	10.518585591221813
546	1546	2546	-1	29.496249679668885
547	1547	2547	-1	28.746427806075115
548	1548	2548	-1	20.61849056570036
549	1549	2549	-1	11.677476976048345
550	1550	2550	-1	5.0748549210153024
551	1551	2551	-1	9.694491973713614
552	1552	2552	-1	9.267295785217994
553	1553	2553	-1	9.29448048854865
554	1554	2554	-1	10.11963120974685
555	1555	2555	-1	29.824869546853076
556	1556	2556	-1	9.613253113966243
557	1557	2557	-1	9.450107921808977
558	1558	2558	-1	9.84056751853837
559	1559	2559	-1	29.423031171688315
560	1560	2560	-1	29.721612633242895
561	1561	2561	-1	9.909876326549389
562	1562	2562	-1	10.874062827423408
563	1563	2563	-1	30.765392663925986
564	1564	2564	-1	7.746731736783621
565	1565	2565	-1	21.3344352044561
566	1566	2566	-1	30.844372179434835
567	1567	2567	-1	10.444363180480545
568	1568	2568	-1	21.054154206314315
569	1569	2569	-1	10.71829957232485
570	1570	2570	-1	10.841012057823654
571	1571	2571	-1	4.164818451881466
572	1572	2572	-1	9.533680144621933
573	1573	2573	-1	9.749197039286917
574	1574	2574	-1	10.008053316625752
575	1575	2575	-1	29.60619135668156
576	1576	2576	-1	31.207915176368783
577	1577	2577	-1	9.75854922185606
578	1578	2578	-1	9.47645365891986
579	1579	2579	-1	8.111472242319952
580	1580	2580	-1	8.572110233683896
581	1581	2581	-1	30.134902889499024
582	1582	2582	-1	8.530082016807885
583	1583	2583	-1	10.42386498391019
584	1584	2584	-1	10.775640935846273
585	1585	2585	-1	20.420214999924827
586	1586	2586	-1	14.552814533467638
587	1587	2587	-1	30.519667894501378
588	1588	2588	-1	9.933219607956277
589	1589	2589	-1	30.677941538396457
590	1590	2590	-1	8.220153188239653
591	1591	2591	-1	28.413522730749094
592	1592	2592	-1	11.78893205985173
593	1593	2593	-1	3.65943114859847
594	1594	2594	-1	10.63643445313068
595	1595	2595	-1	30.507711299824216
596	1596	2596	-1	10.482690780111568
597	1597	2597	-1	10.894152811559978
598	1598	2598	-1	19.554572019976842
599	1599	2599	-1	10.720135074230145
600	1600	2600	-1	29.56779154640573
601	1601	2601	-1	30.148330380558825
602	1602	2602	-1	9.371352954438505
603	1603	2603	-1	29.527420014120445
604	1604	2604	-1	10.592617419969267
605	1605	2605	-1	10.132260849321256
606	1606	2606	-1	29.356552039530172
607	1607	2607	-1	31.238526610637685
608	1608	2608	-1	16.114460564036822
609	1609	2609	-1	15.40766410463637
610	1610	2610	-1	11.086240979591734
611	1611	2611	-1	10.025222868626825
612	1612	2612	-1	10.670667744165426
613	1613	2613	-1	10.654397097995098
614	1614	2614	-1	11.717673007478014
615	1615	2615	-1	29.308870081345326
616	1616	2616	-1	29.167466075441936
617	1617	2617	-1	29.543665439194083
618	1618	2618	-1	7.575091757155835
619	1619	2619	-1	30.11558352765098
620	1620	2620	-1	9.16802690040892
621	1621	2621	-1	19.02078536059708
622	1622	2622	-1	8.545095305409667
623	1623	2623	-1	31.328649446820513
624	1624	2624	-1	29.261284749469297
625	1625	2625	-1	29.60865392387886
626	1626	2626	-1	28.964165761416776
627	1627	2627	-1	9.872499582329178
628	1628	2628	-1	9.7305270374019
629	1629	2629	-1	9.853921737446852
630	1630	2630	-1	11.338903065872405
631	1631	2631	-1	10.0850318434098
632	1632	2632	-1	10.500405613866416
633	1633	2633	-1	10.041155110697437
634	1634	2634	-1	9.369992317148395
635	1635	2635	-1	9.717013252752045
636	1636	2636	-1	11.794891443179834
637	1637	2637	-1	15.513456804146212
638	1638	2638	-1	60.04498925420881
639	1639	2639	-1	11.105494039315184
640	1640	2640	-1	29.77759593944475
641	1641	2641	-1	10.590201477181273
642	1642	2642	-1	10.448439093951592
643	1643	2643	-1	30.83033245015423
644	1644	2644	-1	28.1898586832827
645	1645	2645	-1	28.64962481277109
646	1646	2646	-1	28.723173323953013
647	1647	2647	-1	9.807438410855879
648	1648	2648	-1	11.232900127525507
649	1649	2649	-1	9.444992244480675
650	1650	2650	-1	31.10425335833191
651	1651	2651	-1	9.98939839906704
652	1652	2652	-1	19.628673649180097
653	1653	2653	-1	10.134158185521954
654	1654	2654	-1	14.028757258716228
655	1655	2655	-1	8.319918635177354
656	1656	2656	-1	10.10788794191201
657	1657	2657	-1	30.40240201231479
658	1658	2658	-1	8.82543733506405
659	1659	2659	-1	30.418038707454556
660	1660	2660	-1	9.31717038740808
661	1661	2661	-1	29.640812625146868
662	1662	2662	-1	31.28063006974297
663	1663	2663	-1	21.288360976503842
664	1664	2664	-1	28.596492064253127
665	1665	2665	-1	10.36016999959974
666	1666	2666	-1	28.591578906930135
667	1667	2667	-1	9.273602395190698
668	1668	2668	-1	30.635019178255483
669	1669	2669	-1	28.944478967150427
670	1670	2670	-1	10.199217978891484
671	1671	2671	-1	9.923145736263765
672	1672	2672	-1	28.366012846630706
673	1673	2673	-1	29.81111951854954
674	1674	2674	-1	7.845580971343874
675	1675	2675	-1	30.13445034167908
676	1676	2676	-1	10.064858562403524
677	1677	2677	-1	28.134500415217346
678	1678	2678	-1	9.294480061562126
679	1679	2679	-1	10.848285096438127
680	1680	2680	-1	11.527998241648472
681	1681	2681	-1	11.656296141239421
682	1682	2682	-1	10.218283380839384
683	1683	2683	-1	8.709333044481088
684	1684	2684	-1	9.554519457591718
685	1685	2685	-1	8.819852578731329
686	1686	2686	-1	30.869129100644287
687	1687	2687	-1	30.46785330348571
688	1688	2688	-1	9.515236650908452
689	1689	2689	-1	10.936856629794708
690	1690	2690	-1	32.40428962452337
691	1691	2691	-1	28.22918588133965
692	1692	2692	-1	29.100189212817817
693	1693	2693	-1	10.717476085048007
694	1694	2694	-1	30.18019119931889
695	1695	2695	-1	10.556161471745424
696	1696	2696	-1	9.678637976260092
697	1697	2697	-1	29.320361655195217
698	1698	2698	-1	9.472667026719858
699	1699	2699	-1	10.540974811069765
700	1700	2700	-1	9.344587950303744
701	1701	2701	-1	10.40992953250116
702	1702	2702	-1	8.669474782116056
703	1703	2703	-1	30.12594387541985
704	1704	2704	-1	11.781189199639076
705	1705	2705	-1	10.35787348356125
706	1706	2706	-1	7.114908307562729
707	1707	2707	-1	28.519103246407234
708	1708	2708	-1	9.820628953678552
709	1709	2709	-1	10.40049857794453
710	1710	2710	-1	30.059352309432853
711	1711	2711	-1	11.062423110498289
712	1712	2712	-1	11.612231510889874
713	1713	2713	-1	10.084261810591011
714	1714	2714	-1	10.453444448609291
715	1715	2715	-1	29.167011761775207
716	1716	2716	-1	11.753423303268777
717	1717	2717	-1	12.013918889479942
718	1718	2718	-1	30.828602106813474
719	1719	2719	-1	8.758985325819449
720	1720	2720	-1	9.549619261550356
721	1721	2721	-1	31.21200698258522
722	1722	2722	-1	30.481151447310765
723	1723	2723	-1	10.704381657277702
724	1724	2724	-1	9.787197761798804
725	1725	2725	-1	10.348864719913687
726	1726	2726	-1	30.352672799185047
727	1727	2727	-1	4.865839563822035
728	1728	2728	-1	11.414262686508321
729	1729	2729	-1	10.28150147716059
730	1730	2730	-1	10.043535165545489
731	1731	2731	-1	8.759932521077857
732	1732	2732	-1	9.537296773779467
733	1733	2733	-1	9.10953020236441
734	1734	2734	-1	29.401937743864348
735	1735	2735	-1	9.959862990866712
736	1736	2736	-1	60.83333677289576
737	1737	2737	-1	9.820822436820231
738	1738	2738	-1	10.503187633607538
739	1739	2739	-1	9.99302002049308
740	1740	2740	-1	9.643070552368318
741	1741	2741	-1	10.36948491065788
742	1742	2742	-1	11.33988169518465
743	1743	2743	-1	9.47748610273519
744	1744	2744	-1	30.984703722387582
745	1745	2745	-1	9.469060352404062
746	1746	2746	-1	9.991335436916481
747	1747	2747	-1	9.582098380893129
748	1748	2748	-1	10.725020208426491
749	1749	2749	-1	28.858459911114355
750	1750	2750	-1	10.022979520221876
751	1751	2751	-1	6.1111635710796515
752	1752	2752	-1	30.910971778512277
753	1753	2753	-1	10.857742075925925
754	1754	2754	-1	8.111465812871858
755	1755	2755	-1	8.950599312654207
756	1756	2756	-1	10.205916141875024
757	1757	2757	-1	10.242924328005707
758	1758	2758	-1	29.836589232332404
759	1759	2759	-1	8.493922506131819
760	1760	2760	-1	9.47279233853025
761	1761	2761	-1	10.243210675544555
762	1762	2762	-1	10.69315161333419
763	1763	2763	-1	9.50228793113989
764	1764	2764	-1	30.899140577194625
765	1765	2765	-1	7.630579205087722
766	1766	2766	-1	14.892258084751345
767	1767	2767	-1	30.62202626701348
768	1768	2768	-1	59.458191382445555
769	1769	2769	-1	10.642317084128468
770	1770	2770	-1	11.425771493467092
771	1771	2771	-1	59.50307886985371
772	1772	2772	-1	31.37578979494625
773	1773	2773	-1	8.661018886644369
774	1774	2774	-1	9.926258331715712
775	1775	2775	-1	9.772467477474295
776	1776	2776	-1	9.664413622613367
777	1777	2777	-1	10.047238943231198
778	1778	2778	-1	9.984238741694366
779	1779	2779	-1	29.1083366123891
780	1780	2780	-1	10.58700624370612
781	1781	2781	-1	10.148790370780787
782	1782	2782	-1	10.976632000700766
783	1783	2783	-1	28.499628775683487
784	1784	2784	-1	29.680353439141328
785	1785	2785	-1	11.624787414823096
786	1786	2786	-1	31.654388920426584
787	1787	2787	-1	29.499596675752624
788	1788	2788	-1	13.159215345505672
789	1789	2789	-1	7.34057534283212
790	1790	2790	-1	9.844816444318482
791	1791	2791	-1	32.137773116049935
792	1792	2792	-1	11.097066545642026
793	1793	2793	-1	9.77980942390304
794	1794	2794	-1	29.69693716262701
795	1795	2795	-1	9.500654655962084
796	1796	2796	-1	32.09493673292468
797	1797	2797	-1	28.99065389764452
798	1798	2798	-1	30.60483315672835
799	1799	2799	-1	10.026543994508266
800	1800	2800	-1	30.771510606005485
801	1801	2801	-1	11.802521341331959
802	1802	2802	-1	9.305706141141178
803	1803	2803	-1	9.17795649501643
804	1804	2804	-1	10.240295440564145
805	1805	2805	-1	9.104528044476238
806	1806	2806	-1	32.294023454370155
807	1807	2807	-1	10.012031303941807
808	1808	2808	-1	9.753775973887027
809	1809	2809	-1	31.372321381891503
810	1810	2810	-1	59.61053932061041
811	1811	2811	-1	9.692440061262072
812	1812	2812	-1	9.764358129350086
813	1813	2813	-1	9.592049582087828
814	1814	2814	-1	10.077251733653926
815	1815	2815	-1	7.152859687409604
816	1816	2816	-1	29.23846107240014
817	1817	2817	-1	8.125663556002436
818	1818	2818	-1	28.081635269279854
819	1819	2819	-1	4.747925788701461
820	1820	2820	-1	18.627468191895915
821	1821	2821	-1	28.97516539401649
822	1822	2822	-1	10.228015101766806
823	1823	2823	-1	3.598964969100625
824	1824	2824	-1	11.405046287415788
825	1825	2825	-1	30.823922430417436
826	1826	2826	-1	8.554582882442912
827	1827	2827	-1	10.24926958652182
828	1828	2828	-1	11.517041062713563
829	1829	2829	-1	9.734466657899768
830	1830	2830	-1	9.905680829779309
831	1831	2831	-1	10.332133504394367
832	1832	2832	-1	5.641536131716716
833	1833	2833	-1	10.179534749758131
834	1834	2834	-1	8.426388422433105
835	1835	2835	-1	30.527043429707895
836	1836	2836	-1	10.953811601506244
837	1837	2837	-1	10.723687311263912
838	1838	2838	-1	3.657606800083875
839	1839	2839	-1	29.69702019617381
840	1840	2840	-1	31.377146434577057
841	1841	2841	-1	29.75102112725026
842	1842	2842	-1	9.5941427987096
843	1843	2843	-1	9.078243970613448
844	1844	2844	-1	10.89180477643938
845	1845	2845	-1	6.127823633641805
846	1846	2846	-1	9.680324185703638
847	1847	2847	-1	29.93379582982179
848	1848	2848	-1	29.544896411992813
849	1849	2849	-1	9.94268568451364
850	1850	2850	-1	28.46198434976636
851	1851	2851	-1	10.118981242596057
852	1852	2852	-1	9.64945019471666
853	1853	2853	-1	10.110250243703184
854	1854	2854	-1	4.171749829007164
855	1855	2855	-1	8.133617007290562
856	1856	2856	-1	19.385438890662375
857	1857	2857	-1	8.650634146344846
858	1858	2858	-1	9.638157758749644
859	1859	2859	-1	11.172893983051443
860	1860	2860	-1	10.60843732035369
861	1861	2861	-1	9.67780332896307
862	1862	2862	-1	10.540574497657536
863	1863	2863	-1	9.46193180678008
864	1864	2864	-1	8.556590648070701
865	1865	2865	-1	10.486202090098402
866	1866	2866	-1	10.884215964576171
867	1867	2867	-1	9.89424260172518
868	1868	2868	-1	8.84266009316101
869	1869	2869	-1	31.276553171859245
870	1870	2870	-1	29.189954777765102
871	1871	2871	-1	8.56061072630908
872	1872	2872	-1	30.841335233300732
873	1873	2873	-1	30.751916040452592
874	1874	2874	-1	9.682498418264444
875	1875	2875	-1	28.859545137256163
876	1876	2876	-1	31.51523023371114
877	1877	2877	-1	9.15033272468155
878	1878	2878	-1	31.499614121757613
879	1879	2879	-1	9.787459806941625
880	1880	2880	-1	11.75102417899425
881	1881	2881	-1	9.829988759113274
882	1882	2882	-1	9.998940246663716
883	1883	2883	-1	8.72832976354311
884	1884	2884	-1	9.421486523020898
885	1885	2885	-1	19.292390977163965
886	1886	2886	-1	11.49522390639637
887	1887	2887	-1	11.687538745640952
888	1888	2888	-1	4.78141424749998
889	1889	2889	-1	11.751029161721213
890	1890	2890	-1	9.822017648411713
891	1891	2891	-1	11.025380537287173
892	1892	2892	-1	9.03804109344528
893	1893	2893	-1	9.567026004059255
894	1894	2894	-1	11.915288850094989
895	1895	2895	-1	29.425731037960862
896	1896	2896	-1	11.907278306121956
897	1897	2897	-1	2.701658561796126
898	1898	2898	-1	8.331144758956436
899	1899	2899	-1	29.543634158886974
900	1900	2900	-1	9.901198212483369
901	1901	2901	-1	10.425273840051222
902	1902	2902	-1	29.558651487496952
903	1903	2903	-1	9.554490720221702
904	1904	2904	-1	60.7403381697025
905	1905	2905	-1	9.29288812850942
906	1906	2906	-1	30.16321465939227
907	1907	2907	-1	9.738149647157455
908	1908	2908	-1	9.536931675904025
909	1909	2909	-1	9.184862973063977
910	1910	2910	-1	8.117738984988623
911	1911	2911	-1	9.758320095026027
912	1912	2912	-1	10.756928506996859
913	1913	2913	-1	5.50570701631721
914	1914	2914	-1	9.528145288229735
915	1915	2915	-1	10.517194688179451
916	1916	2916	-1	30.888328395958077
917	1917	2917	-1	10.160189392961081
918	1918	2918	-1	8.74259384704075
919	1919	2919	-1	29.247741707767446
920	1920	2920	-1	9.595030119050094
921	1921	2921	-1	10.053397764078513
922	1922	2922	-1	28.863373031752065
923	1923	2923	-1	10.069944215663236
924	1924	2924	-1	29.836320157097642
925	1925	2925	-1	30.363782045607824
926	1926	2926	-1	30.998044837882926
927	1927	2927	-1	28.505655097052475
928	1928	2928	-1	19.999797697928738
929	1929	2929	-1	28.809674325181522
930	1930	2930	-1	11.843680431754473
931	1931	2931	-1	9.459223948230543
932	1932	2932	-1	9.571514782510308
933	1933	2933	-1	20.193724049080732
934	1934	2934	-1	8.858991931436364
935	1935	2935	-1	30.647881896949634
936	1936	2936	-1	5.145587656260198
937	1937	2937	-1	10.121513197286184
938	1938	2938	-1	31.96368183464225
939	1939	2939	-1	7.903157723917157
940	1940	2940	-1	9.857839394970146
941	1941	2941	-1	29.922060541513254
942	1942	2942	-1	9.806235582731622
943	1943	2943	-1	29.902724511861013
944	1944	2944	-1	29.037958223978226
945	1945	2945	-1	22.008632913938634
946	1946	2946	-1	9.800672338461927
947	1947	2947	-1	8.736006044529487
948	1948	2948	-1	29.885352316501898
949	1949	2949	-1	30.772679396657168
950	1950	2950	-1	11.090567098791853
951	1951	2951	-1	10.34085838600489
952	1952	2952	-1	15.537032956185158
953	1953	2953	-1	11.487890725995578
954	1954	2954	-1	10.01286216450822
955	1955	2955	-1	30.410735024313098
956	1956	2956	-1	40.38339554065398
957	1957	2957	-1	27.918392410928227
958	1958	2958	-1	10.888611703033062
959	1959	2959	-1	9.712958131162958
960	1960	2960	-1	18.23707199731648
961	1961	2961	-1	5.271167330187428
962	1962	2962	-1	9.6310699571248
963	1963	2963	-1	8.76927268920522
964	1964	2964	-1	9.79654173811186
965	1965	2965	-1	30.463286752415605
966	1966	2966	-1	10.760819328360908
967	1967	2967	-1	29.695588953070786
968	1968	2968	-1	27.735413448556557
969	1969	2969	-1	21.9056479615371
970	1970	2970	-1	9.9152595988816
971	1971	2971	-1	10.682062333484037
972	1972	2972	-1	10.793962164747777
973	1973	2973	-1	8.472722319507508
974	1974	2974	-1	31.143397613401067
975	1975	2975	-1	10.74023113260013
976	1976	2976	-1	9.277039874115975
977	1977	2977	-1	58.5372226804998
978	1978	2978	-1	9.84585975640835
979	1979	2979	-1	9.091677193677004
980	1980	2980	-1	7.381710269434093
981	1981	2981	-1	28.575053657120314
982	1982	2982	-1	29.905682219625515
983	1983	2983	-1	8.790801954354993
984	1984	2984	-1	8.858118362891648
985	1985	2985	-1	11.043754373586003
986	1986	2986	-1	10.63079121390705
987	1987	2987	-1	28.26100997167307
988	1988	2988	-1	10.90374689720679
989	1989	2989	-1	11.63056383653494
990	1990	2990	-1	9.924613085826689
991	1991	2991	-1	11.1791096712243
992	1992	2992	-1	13.954613961288947
993	1993	2993	-1	10.6717164229506
994	1994	2994	-1	7.860624067386107
995	1995	2995	-1	5.245895672647538
996	1996	2996	-1	29.335090000736617
997	1997	2997	-1	28.757039609895266
998	1998	2998	-1	10.187443366339135
999	1999	2999	-1	59.226499224532425
