ind_ID	father_ID	mother_ID	Sex	Phenotype
1	1001	2001	9	86.16123156221686
2	1002	2002	9	199.17582502355498
3	1003	2003	9	69.13502614506214
4	1004	2004	9	10.953287441564358
5	1005	2005	9	544.2679255147818
6	1006	2006	9	34.23211968167951
7	1007	2007	9	158.16157177830587
8	1008	2008	9	8.736569879728005
9	1009	2009	9	12.610301428660598
10	1010	2010	9	159.89046344162207
11	1011	2011	9	4000.1647017464443
12	1012	2012	9	1150.476234463287
13	1013	2013	9	3200.1998279660666
14	1014	2014	9	51201.1757462381
15	1015	2015	9	557055.9223874522
16	1016	2016	9	1024.5318929026796
17	1017	2017	9	78.54122325653393
18	1018	2018	9	27.355429270070083
19	1019	2019	9	31998.671219371896
20	1020	2020	9	159.10162523599755
21	1021	2021	9	8.457568855558486
22	1022	2022	9	202.0605700479157
23	1023	2023	9	1088.0476738964064
24	1024	2024	9	85.56286992521363
25	1025	2025	9	278528.3440585137
26	1026	2026	9	64.88737955337764
27	1027	2027	9	1033.5651914824373
28	1028	2028	9	10.012100166515175
29	1029	2029	9	40959.396809626276
30	1030	2030	9	2560.762889393881
31	1031	2031	9	17409.14740520091
32	1032	2032	9	75.1413039646974
33	1033	2033	9	23039.837648475554
34	1034	2034	9	40960.260293679865
35	1035	2035	9	24576.38689041978
36	1036	2036	9	1600.9549116112325
37	1037	2037	9	21.10757732774523
38	1038	2038	9	198.92518169560574
39	1039	2039	9	10.230968907791034
40	1040	2040	9	159.21374918839084
41	1041	2041	9	42.797094500568036
42	1042	2042	9	11.016759622507031
43	1043	2043	9	160.27626948121215
44	1044	2044	9	639.7771818314473
45	1045	2045	9	278526.4318436432
46	1046	2046	9	262143.37527214587
47	1047	2047	9	3199.869167029774
48	1048	2048	9	12.649573319888734
49	1049	2049	9	19456.566230133212
50	1050	2050	9	198.90414527993153
51	1051	2051	9	21.272555343730023
52	1052	2052	9	8704.8059255251
53	1053	2053	9	161.49321370221782
54	1054	2054	9	3200.079770265532
55	1055	2055	9	1086.8671772734347
56	1056	2056	9	348160.24605742
57	1057	2057	9	5000.063183739889
58	1058	2058	9	1087.4649468445425
59	1059	2059	9	51201.65944329829
60	1060	2060	9	199.30267145064508
61	1061	2061	9	2174.959932305205
62	1062	2062	9	64.9504820759534
63	1063	2063	9	1361.368637571899
64	1064	2064	9	67.77488154215645
65	1065	2065	9	2561.250523446496
66	1066	2066	9	105.90912339332348
67	1067	2067	9	2375.232102066164
68	1068	2068	9	9.554898803788014
69	1069	2069	9	79.56022887034709
70	1070	2070	9	13.852239928651118
71	1071	2071	9	3201.8473058133727
72	1072	2072	9	2559.814713455149
73	1073	2073	9	94.62461744678548
74	1074	2074	9	67.7256442664794
75	1075	2075	9	1281.168268811709
76	1076	2076	9	4001.062267894407
77	1077	2077	9	3200.9910231345334
78	1078	2078	9	4000.4732169579397
79	1079	2079	9	1216.3606413487582
80	1080	2080	9	3200.3538200095663
81	1081	2081	9	3999.806780903791
82	1082	2082	9	139263.80187329635
83	1083	2083	9	2562.0088970217475
84	1084	2084	9	1215.3639110809747
85	1085	2085	9	88.75881551756626
86	1086	2086	9	21760.223873968855
87	1087	2087	9	9.28679497949848
88	1088	2088	9	2559.121290990619
89	1089	2089	9	65.09844662010413
90	1090	2090	9	51201.35834895402
91	1091	2091	9	11.222455547420747
92	1092	2092	9	13107199.258072069
93	1093	2093	9	4800.398577804129
94	1094	2094	9	1520.8945155095198
95	1095	2095	9	199.86530607683542
96	1096	2096	9	3200.116511992711
97	1097	2097	9	161.42390617083456
98	1098	2098	9	576.0016510171878
99	1099	2099	9	69.01930331225871
100	1100	2100	9	3198.61455285129
101	1101	2101	9	9727.283803461458
102	1102	2102	9	2559.2382685234656
103	1103	2103	9	198.11778729884804
104	1104	2104	9	3.4704082562955327
105	1105	2105	9	84.99016260795358
106	1106	2106	9	93.74481978497604
107	1107	2107	9	160.44805885644595
108	1108	2108	9	199.16128801323396
109	1109	2109	9	199.7579860632862
110	1110	2110	9	16384.44890569259
111	1111	2111	9	435.91367054620184
112	1112	2112	9	160.00790445046772
113	1113	2113	9	11.210880293593938
114	1114	2114	9	2506751.692527
115	1115	2115	9	165377.16431309492
116	1116	2116	9	1087.2334948071978
117	1117	2117	9	63997.307962986524
118	1118	2118	9	18431.9568021816
119	1119	2119	9	11.809210086297039
120	1120	2120	9	1024000.9274375384
121	1121	2121	9	1359.9004547285426
122	1122	2122	9	10.000146270060787
123	1123	2123	9	84.24773979105447
124	1124	2124	9	4001.199797264196
125	1125	2125	9	20479.211980769313
126	1126	2126	9	12.028805481223788
127	1127	2127	9	27200.62478489325
128	1128	2128	9	2559.6438724938907
129	1129	2129	9	1023.7880253707314
130	1130	2130	9	1278.7502595303931
131	1131	2131	9	433.9605256003313
132	1132	2132	9	200.98382791691168
133	1133	2133	9	159.19549238876502
134	1134	2134	9	161.0069339382518
135	1135	2135	9	8.627347271606554
136	1136	2136	9	40960.06533405796
137	1137	2137	9	159.963578374236
138	1138	2138	9	1599.065695894415
139	1139	2139	9	159.1188248206386
140	1140	2140	9	12161.058700709696
141	1141	2141	9	3998.4828333279097
142	1142	2142	9	200.91535240304606
143	1143	2143	9	543.4100545602225
144	1144	2144	9	10.959212189002246
145	1145	2145	9	198.95737621641194
146	1146	2146	9	200.70095757814624
147	1147	2147	9	10.874759615692117
148	1148	2148	9	1023.9145260572479
149	1149	2149	9	161.39818909076064
150	1150	2150	9	3198.878640354204
151	1151	2151	9	1023.9414694841867
152	1152	2152	9	3199.941373141877
153	1153	2153	9	40960.464133181595
154	1154	2154	9	11.238724254203994
155	1155	2155	9	11.461580718915664
156	1156	2156	9	160.43838788373492
157	1157	2157	9	153.03219617282537
158	1158	2158	9	1213.201794582011
159	1159	2159	9	51202.030099499636
160	1160	2160	9	1088.964057190476
161	1161	2161	9	67.86179514545772
162	1162	2162	9	20479.47664799241
163	1163	2163	9	3200.43326258413
164	1164	2164	9	11.130627464214449
165	1165	2165	9	247.84529659406056
166	1166	2166	9	67.8356679370092
167	1167	2167	9	389119.70011643943
168	1168	2168	9	1700.9395738669173
169	1169	2169	9	176.61701601662517
170	1170	2170	9	13.046996665668107
171	1171	2171	9	199.91763764134063
172	1172	2172	9	2561.0370410520845
173	1173	2173	9	10.470166010664354
174	1174	2174	9	511.68252908058855
175	1175	2175	9	392.40269187311605
176	1176	2176	9	160.99483432049138
177	1177	2177	9	312.2325510965052
178	1178	2178	9	1519.3483716237429
179	1179	2179	9	8.7044594098216
180	1180	2180	9	98.7252509857689
181	1181	2181	9	199.8941837811723
182	1182	2182	9	78.86331967707338
183	1183	2183	9	3198.6949423280557
184	1184	2184	9	99.62865262054889
185	1185	2185	9	160.11352983300316
186	1186	2186	9	159.1968906556987
187	1187	2187	9	69.2502959125235
188	1188	2188	9	7.6965748780217265
189	1189	2189	9	159.63404765434302
190	1190	2190	9	19455.468009979875
191	1191	2191	9	64001.23374261339
192	1192	2192	9	250.24538954794815
193	1193	2193	9	1151.3035344657742
194	1194	2194	9	9791.660912494457
195	1195	2195	9	409601.43906537414
196	1196	2196	9	16382.499436507354
197	1197	2197	9	159.7668997612366
198	1198	2198	9	339.4923883163097
199	1199	2199	9	161.38240204855393
200	1200	2200	9	160.2278696158937
201	1201	2201	9	8.034315388331494
202	1202	2202	9	159.52028541803378
203	1203	2203	9	1024.4518805228133
204	1204	2204	9	198.88802319446273
205	1205	2205	9	64.6988757197444
206	1206	2206	9	1945598.7014648425
207	1207	2207	9	19454.866948499952
208	1208	2208	9	2558.5513338443225
209	1209	2209	9	2557.886675059747
210	1210	2210	9	10444.936137092558
211	1211	2211	9	159.51484062799275
212	1212	2212	9	8267.994083127443
213	1213	2213	9	2559.6494451336202
214	1214	2214	9	983039.7146390754
215	1215	2215	9	3198.9248283969328
216	1216	2216	9	160.62732846571663
217	1217	2217	9	2560.6550089598195
218	1218	2218	9	9.402990907932493
219	1219	2219	9	3199.193888044293
220	1220	2220	9	1601.5620028596734
221	1221	2221	9	20482.41287925698
222	1222	2222	9	159.41359235129033
223	1223	2223	9	64.31518032414644
224	1224	2224	9	819199.6780229945
225	1225	2225	9	83.73931148123147
226	1226	2226	9	7833.848646021517
227	1227	2227	9	85.18642112023998
228	1228	2228	9	59536.13976792598
229	1229	2229	9	1279.2440159847981
230	1230	2230	9	101.58310663005676
231	1231	2231	9	3201.261957758598
232	1232	2232	9	3999.010634286436
233	1233	2233	9	4096.385585131438
234	1234	2234	9	33.138933319181156
235	1235	2235	9	488.79425323224257
236	1236	2236	9	64000.14840127596
237	1237	2237	9	1280.0393564550993
238	1238	2238	9	1088.506380613592
239	1239	2239	9	158.85143694436556
240	1240	2240	9	9.561223133533467
241	1241	2241	9	200.8416970684572
242	1242	2242	9	3201.2659382234356
243	1243	2243	9	1599.199282712584
244	1244	2244	9	64.13541717456933
245	1245	2245	9	4001.9885024078894
246	1246	2246	9	17408.417817324702
247	1247	2247	9	27200.888441969015
248	1248	2248	9	8269.767806253632
249	1249	2249	9	159.28894020745514
250	1250	2250	9	51199.35906019459
251	1251	2251	9	1087.8688986226257
252	1252	2252	9	161.20725089972478
253	1253	2253	9	198.68899869174993
254	1254	2254	9	79.64026421308091
255	1255	2255	9	3201.2352126099017
256	1256	2256	9	143.28372426334775
257	1257	2257	9	10.708913226924597
258	1258	2258	9	75.69425775467826
259	1259	2259	9	160.11736419619953
260	1260	2260	9	159.59511650404463
261	1261	2261	9	1088.032046580857
262	1262	2262	9	89.90933376592379
263	1263	2263	9	11.361694084767208
264	1264	2264	9	200.66995145361136
265	1265	2265	9	30399.910637759414
266	1266	2266	9	542.7994272445277
267	1267	2267	9	17407.29983570104
268	1268	2268	9	645.3837802970844
269	1269	2269	9	200.1572615214324
270	1270	2270	9	46.465571185590605
271	1271	2271	9	3200.5009369730983
272	1272	2272	9	9.419679920675621
273	1273	2273	9	10.662468149048397
274	1274	2274	9	201.53452491908476
275	1275	2275	9	91.84089136190119
276	1276	2276	9	79.6702484680763
277	1277	2277	9	1598.6036932098352
278	1278	2278	9	13.850162267384459
279	1279	2279	9	7.098404771610463
280	1280	2280	9	1279.9088010972232
281	1281	2281	9	16.220535599956428
282	1282	2282	9	3200.169308495715
283	1283	2283	9	68.5308318697866
284	1284	2284	9	2000.7817760765101
285	1285	2285	9	25.49740739979482
286	1286	2286	9	5000.7373889284
287	1287	2287	9	80.39329292756435
288	1288	2288	9	8269.13058179327
289	1289	2289	9	272.7594366072315
290	1290	2290	9	6000.184802287259
291	1291	2291	9	62258.02669427978
292	1292	2292	9	2559.519004508155
293	1293	2293	9	1216.0009676471216
294	1294	2294	9	10.099168609922344
295	1295	2295	9	18429.77264489787
296	1296	2296	9	175.71341071031486
297	1297	2297	9	1520.4584436334042
298	1298	2298	9	72.35257044343871
299	1299	2299	9	1088.3036721657365
300	1300	2300	9	11.396928312812605
301	1301	2301	9	17410.186050024622
302	1302	2302	9	159.25640012950362
303	1303	2303	9	96.13648076363228
304	1304	2304	9	14.48553277583596
305	1305	2305	9	19455.63024560633
306	1306	2306	9	1359.2579386628192
307	1307	2307	9	199.8560885368613
308	1308	2308	9	9.94505734918456
309	1309	2309	9	2559.2034445106033
310	1310	2310	9	9.833295210249265
311	1311	2311	9	14.063191139794665
312	1312	2312	9	3201.275688583826
313	1313	2313	9	2559.97359917082
314	1314	2314	9	4000.7329036653396
315	1315	2315	9	3200.4561887085847
316	1316	2316	9	159.22699760984466
317	1317	2317	9	8703.062620164088
318	1318	2318	9	12.455848053637018
319	1319	2319	9	3999.7801697768195
320	1320	2320	9	161.30854879680408
321	1321	2321	9	159.70043727395813
322	1322	2322	9	2559.061590497799
323	1323	2323	9	1440.8736463737057
324	1324	2324	9	161.435193421661
325	1325	2325	9	1702.0715107053925
326	1326	2326	9	1216.9033860556406
327	1327	2327	9	250.21396277034557
328	1328	2328	9	160.13057158952137
329	1329	2329	9	38000.66763288813
330	1330	2330	9	158.82686656507772
331	1331	2331	9	98.5576255035386
332	1332	2332	9	160.27064034059313
333	1333	2333	9	1215.4084572920374
334	1334	2334	9	1999.9785357887479
335	1335	2335	9	121601.58494137114
336	1336	2336	9	2559.8215213003905
337	1337	2337	9	11.565742125157474
338	1338	2338	9	389119.4748518965
339	1339	2339	9	160.19954885492058
340	1340	2340	9	162.41459691417495
341	1341	2341	9	198.9638669794357
342	1342	2342	9	8.71455206851059
343	1343	2343	9	10.694701580265916
344	1344	2344	9	12.589458092010824
345	1345	2345	9	16384000.528347833
346	1346	2346	9	2560.920493777321
347	1347	2347	9	200.9188000506983
348	1348	2348	9	2560.2741185350287
349	1349	2349	9	5439.192176831716
350	1350	2350	9	9.378876475953973
351	1351	2351	9	198.23064904084538
352	1352	2352	9	11.796086501744577
353	1353	2353	9	574.8695662872668
354	1354	2354	9	35.069823803133026
355	1355	2355	9	1024.7039622991272
356	1356	2356	9	12.691067575795465
357	1357	2357	9	2561.8037103078545
358	1358	2358	9	51199.52855386457
359	1359	2359	9	9.536972290022854
360	1360	2360	9	682.1171111258177
361	1361	2361	9	436.71238332354693
362	1362	2362	9	159.4320511103714
363	1363	2363	9	80.78976390871318
364	1364	2364	9	591872.5807013526
365	1365	2365	9	12.294011533979646
366	1366	2366	9	9.978750567152842
367	1367	2367	9	161.567862700759
368	1368	2368	9	3200.9131903165244
369	1369	2369	9	1600.0895913278628
370	1370	2370	9	1495.5813180590756
371	1371	2371	9	62.7083407639861
372	1372	2372	9	160.28679547604264
373	1373	2373	9	16385.62062468925
374	1374	2374	9	202.14310129766795
375	1375	2375	9	27.325254486792286
376	1376	2376	9	8192.46226135663
377	1377	2377	9	155646.86631773858
378	1378	2378	9	14.762419578069652
379	1379	2379	9	1800.7014720056218
380	1380	2380	9	160.14168636689618
381	1381	2381	9	200.52535719812767
382	1382	2382	9	3199.9724085763314
383	1383	2383	9	1151.3078396663768
384	1384	2384	9	161.29259385717458
385	1385	2385	9	8.88984323704575
386	1386	2386	9	160.98672005751308
387	1387	2387	9	10.310289565291319
388	1388	2388	9	435200.4743121646
389	1389	2389	9	1520.5620578400255
390	1390	2390	9	161.2671661057849
391	1391	2391	9	159.0275665976152
392	1392	2392	9	1087.7349338500546
393	1393	2393	9	11.817988609199087
394	1394	2394	9	2557.8844138157024
395	1395	2395	9	1214.5740101024016
396	1396	2396	9	2560.6688641651617
397	1397	2397	9	3200.09471665487
398	1398	2398	9	206720.8384614934
399	1399	2399	9	158.1981556834214
400	1400	2400	9	1518.3867370186888
401	1401	2401	9	435201.8392313563
402	1402	2402	9	1024000.9791951863
403	1403	2403	9	76.75814301920592
404	1404	2404	9	3997.8012595457326
405	1405	2405	9	14.200757585666636
406	1406	2406	9	67.28490446333511
407	1407	2407	9	1214.7475581547326
408	1408	2408	9	10.54674455401311
409	1409	2409	9	311295.5403157454
410	1410	2410	9	3197.7241509672467
411	1411	2411	9	1279.2189771324665
412	1412	2412	9	80.88618387402161
413	1413	2413	9	12.813838244792986
414	1414	2414	9	2558.6674809592405
415	1415	2415	9	819199.7721683698
416	1416	2416	9	1023.5487016775458
417	1417	2417	9	202.55246501655267
418	1418	2418	9	67.83049185075781
419	1419	2419	9	11.818889349480319
420	1420	2420	9	10.116551561193118
421	1421	2421	9	96.52849624974112
422	1422	2422	9	10.99340810298414
423	1423	2423	9	34.54299758252005
424	1424	2424	9	158.6448283719679
425	1425	2425	9	64.30376527748278
426	1426	2426	9	1520.2088687771402
427	1427	2427	9	13.877598984478647
428	1428	2428	9	21759.666547526253
429	1429	2429	9	88.97925401286959
430	1430	2430	9	9.998881209191074
431	1431	2431	9	66.98060929450496
432	1432	2432	9	511999.5786312601
433	1433	2433	9	17408.91456968724
434	1434	2434	9	51201.878055516034
435	1435	2435	9	80.59573614743645
436	1436	2436	9	2559.646440464556
437	1437	2437	9	92.97004732200223
438	1438	2438	9	3999.7919398572517
439	1439	2439	9	184318.9773640865
440	1440	2440	9	161.8931689369374
441	1441	2441	9	79.6184548671418
442	1442	2442	9	2000.931037927289
443	1443	2443	9	159.71479062264874
444	1444	2444	9	86.68615672580363
445	1445	2445	9	799.7395478000601
446	1446	2446	9	8704.819942890515
447	1447	2447	9	21761.671134372464
448	1448	2448	9	160.3519119086594
449	1449	2449	9	819201.0768437323
450	1450	2450	9	163839.59975652065
451	1451	2451	9	202.0725379295724
452	1452	2452	9	62258.643624182005
453	1453	2453	9	2559.5597001006977
454	1454	2454	9	76.04135294885218
455	1455	2455	9	80000.3212563202
456	1456	2456	9	14.243054115891635
457	1457	2457	9	69.79623003043943
458	1458	2458	9	1089.5608556881807
459	1459	2459	9	198451.523220953
460	1460	2460	9	250.50932394234343
461	1461	2461	9	81.0403490500059
462	1462	2462	9	10879.103715875186
463	1463	2463	9	107.16986908720165
464	1464	2464	9	21759.865360597934
465	1465	2465	9	1599.9352266455464
466	1466	2466	9	16383.509261433644
467	1467	2467	9	159.86759744211182
468	1468	2468	9	158.32337692177475
469	1469	2469	9	1086.297694830033
470	1470	2470	9	161.10059631362873
471	1471	2471	9	9.783426136280617
472	1472	2472	9	1088.9739697910393
473	1473	2473	9	159.04586590941193
474	1474	2474	9	12160.606720272015
475	1475	2475	9	10.357875316166806
476	1476	2476	9	1518.3277151936345
477	1477	2477	9	79998.85108957782
478	1478	2478	9	159.8918213668557
479	1479	2479	9	199.72247258377558
480	1480	2480	9	2228223.218210987
481	1481	2481	9	69.52242498896344
482	1482	2482	9	11.861212156227095
483	1483	2483	9	198.86244488238367
484	1484	2484	9	1600.3662109563777
485	1485	2485	9	2559.3833978174875
486	1486	2486	9	1600.8434607157142
487	1487	2487	9	251.70086710872562
488	1488	2488	9	3201.071020097278
489	1489	2489	9	20480.576841016034
490	1490	2490	9	1359.659613972875
491	1491	2491	9	2429.4714465357624
492	1492	2492	9	68.52246266808558
493	1493	2493	9	161.2248970935612
494	1494	2494	9	160.23980767448793
495	1495	2495	9	70400.1861920871
496	1496	2496	9	161.7407228316444
497	1497	2497	9	98.91181756029758
498	1498	2498	9	1440.4950305029195
499	1499	2499	9	200.59305159904025
500	1500	2500	9	13.907436210549168
501	1501	2501	9	1599.3279443493657
502	1502	2502	9	160.42446784147535
503	1503	2503	9	17408.974559956394
504	1504	2504	9	10335.28328413811
505	1505	2505	9	10.619555717266827
506	1506	2506	9	3200.306752998804
507	1507	2507	9	77.83213356466204
508	1508	2508	9	158.93985317062888
509	1509	2509	9	51201.08174017555
510	1510	2510	9	106.30679448233647
511	1511	2511	9	368639.176882814
512	1512	2512	9	80.12056304693016
513	1513	2513	9	1216.1559609065296
514	1514	2514	9	51200.98870598001
515	1515	2515	9	10.432112349967156
516	1516	2516	9	16382.965889510444
517	1517	2517	9	159.3479295541237
518	1518	2518	9	13.426302111008727
519	1519	2519	9	199.64384921584022
520	1520	2520	9	2621438.737306154
521	1521	2521	9	160.46950910476855
522	1522	2522	9	11.699904422086984
523	1523	2523	9	158.2254408951177
524	1524	2524	9	126.22002387200014
525	1525	2525	9	819199.7888473391
526	1526	2526	9	3201.575288697504
527	1527	2527	9	65.62602355834443
528	1528	2528	9	1520.847270900551
529	1529	2529	9	158.67020446028596
530	1530	2530	9	1213.9155643194972
531	1531	2531	9	11.503609728104497
532	1532	2532	9	12.146203503774732
533	1533	2533	9	1360.3798844751807
534	1534	2534	9	2559.3872741335276
535	1535	2535	9	10.023433635017506
536	1536	2536	9	199.58200338620202
537	1537	2537	9	159.9806079571783
538	1538	2538	9	1280.9656531893943
539	1539	2539	9	489.8413431592752
540	1540	2540	9	25600.068693992154
541	1541	2541	9	63.75064610747153
542	1542	2542	9	250.37011468230256
543	1543	2543	9	64.61093426503129
544	1544	2544	9	1279.3339799326998
545	1545	2545	9	159.56812330093814
546	1546	2546	9	16382.953924694984
547	1547	2547	9	8702.305265949497
548	1548	2548	9	159.87731413208644
549	1549	2549	9	199.90102837041013
550	1550	2550	9	10.63875796188723
551	1551	2551	9	7372.967241069574
552	1552	2552	9	15.679332375256903
553	1553	2553	9	24319.687647936964
554	1554	2554	9	3198.4080824387333
555	1555	2555	9	67.63647253747315
556	1556	2556	9	5.994644040428442
557	1557	2557	9	1023998.8936026411
558	1558	2558	9	64001.068424934216
559	1559	2559	9	75.08695016680657
560	1560	2560	9	11.322467204231305
561	1561	2561	9	2559.8230664563866
562	1562	2562	9	39167.863446799005
563	1563	2563	9	160.81616317220482
564	1564	2564	9	1281.4269262460102
565	1565	2565	9	10.185522818265817
566	1566	2566	9	3200.4422108126155
567	1567	2567	9	68.27039365237547
568	1568	2568	9	1085.602338692099
569	1569	2569	9	2189.592506712116
570	1570	2570	9	67.98381509838622
571	1571	2571	9	9.546415943680591
572	1572	2572	9	12.283891297091284
573	1573	2573	9	340.09641609276514
574	1574	2574	9	85.04948748129439
575	1575	2575	9	128.48320478517275
576	1576	2576	9	21760.893773329306
577	1577	2577	9	278528.04174575466
578	1578	2578	9	65.10061568976953
579	1579	2579	9	1439.1977562876507
580	1580	2580	9	9.788810676918652
581	1581	2581	9	158.15203935080206
582	1582	2582	9	18431.182539286783
583	1583	2583	9	12.817666467992833
584	1584	2584	9	31998.24078593356
585	1585	2585	9	11.535801345165504
586	1586	2586	9	1024.843419314682
587	1587	2587	9	85.72363551900365
588	1588	2588	9	3199.535862715751
589	1589	2589	9	8.88255439615929
590	1590	2590	9	3199.9885588998663
591	1591	2591	9	1088.0514270455012
592	1592	2592	9	2560.4588320127236
593	1593	2593	9	1307.5751788789148
594	1594	2594	9	95.90203813395408
595	1595	2595	9	1280.5650530166317
596	1596	2596	9	199.42606768271915
597	1597	2597	9	1360.4956754277705
598	1598	2598	9	8.02314792620574
599	1599	2599	9	158.83215892905167
600	1600	2600	9	68.98263234013562
601	1601	2601	9	200.27686825632296
602	1602	2602	9	160.6185357396842
603	1603	2603	9	71.57821916142848
604	1604	2604	9	17406.951581615176
605	1605	2605	9	2561.3815799670174
606	1606	2606	9	200.26845303629813
607	1607	2607	9	159.14445970209485
608	1608	2608	9	198.5117124576348
609	1609	2609	9	25601.192940122975
610	1610	2610	9	199.81924172135524
611	1611	2611	9	94.0200015733078
612	1612	2612	9	200.96035435658422
613	1613	2613	9	3200.884715412276
614	1614	2614	9	199.00452709704598
615	1615	2615	9	9.72136201292554
616	1616	2616	9	758.1642483234269
617	1617	2617	9	12.649728849503408
618	1618	2618	9	10.277652885134332
619	1619	2619	9	14.158299816833628
620	1620	2620	9	11.132494546434685
621	1621	2621	9	11.300496808232355
622	1622	2622	9	2561.253693794724
623	1623	2623	9	63998.810685109114
624	1624	2624	9	1520.2670727512495
625	1625	2625	9	11.429681136812409
626	1626	2626	9	10.224987471684674
627	1627	2627	9	51199.11891532912
628	1628	2628	9	13.310483271899304
629	1629	2629	9	198.22501682543893
630	1630	2630	9	251.19946472539502
631	1631	2631	9	63999.24236941252
632	1632	2632	9	575.442133921607
633	1633	2633	9	1899.273677576757
634	1634	2634	9	9.787770208282657
635	1635	2635	9	1598.8168784221036
636	1636	2636	9	161.32312215725474
637	1637	2637	9	0.11349417472895862
638	1638	2638	9	159.70898873974411
639	1639	2639	9	3201.2016610400933
640	1640	2640	9	16385.351601757393
641	1641	2641	9	200.7314119175885
642	1642	2642	9	327681.2286681277
643	1643	2643	9	3201.1261160464396
644	1644	2644	9	160.05547968300084
645	1645	2645	9	104857600.09550788
646	1646	2646	9	1360.298456517722
647	1647	2647	9	16.758823361729167
648	1648	2648	9	8190.474296867065
649	1649	2649	9	27200.14195226298
650	1650	2650	9	198.94662796634222
651	1651	2651	9	546.2403287534181
652	1652	2652	9	159.5212571664561
653	1653	2653	9	10.629972225890425
654	1654	2654	9	1600.5132577616157
655	1655	2655	9	160.8371885676747
656	1656	2656	9	1280.9094082488502
657	1657	2657	9	158.85696242903964
658	1658	2658	9	8267.95733065241
659	1659	2659	9	12.18559939712841
660	1660	2660	9	10.008847092277446
661	1661	2661	9	1279.4192870480074
662	1662	2662	9	20478.895864626
663	1663	2663	9	3.059162094299419
664	1664	2664	9	71.22332602338763
665	1665	2665	9	76799.58739984552
666	1666	2666	9	159.18334026770913
667	1667	2667	9	3200.6644208237694
668	1668	2668	9	1151.6605163130116
669	1669	2669	9	139264.36864330614
670	1670	2670	9	200.85671720252122
671	1671	2671	9	51197.716402277976
672	1672	2672	9	161.1015662988104
673	1673	2673	9	1217.0012354684538
674	1674	2674	9	200.20642513965817
675	1675	2675	9	251.29061601231055
676	1676	2676	9	11.375829543512541
677	1677	2677	9	10.26146399588443
678	1678	2678	9	40958.37606066417
679	1679	2679	9	21760.010344043592
680	1680	2680	9	201.68055868874296
681	1681	2681	9	84.32136421680977
682	1682	2682	9	159.98421167243322
683	1683	2683	9	75.26931438561488
684	1684	2684	9	99.6892293923641
685	1685	2685	9	819199.1198333061
686	1686	2686	9	67.17127444435765
687	1687	2687	9	2558.8630771600756
688	1688	2688	9	3198.3643951133536
689	1689	2689	9	32639.951062177264
690	1690	2690	9	159.04588130088862
691	1691	2691	9	20481.38725472177
692	1692	2692	9	74.86324567958965
693	1693	2693	9	2560.5303039785204
694	1694	2694	9	4001.000527406919
695	1695	2695	9	436.2345470789701
696	1696	2696	9	2.398282463241914
697	1697	2697	9	16383.85943918499
698	1698	2698	9	15.561338054029267
699	1699	2699	9	1601.1694455824124
700	1700	2700	9	13.006392585691398
701	1701	2701	9	1153.079820250122
702	1702	2702	9	78.8638445480294
703	1703	2703	9	11.456862831250255
704	1704	2704	9	13.65718747072238
705	1705	2705	9	9.77749506852102
706	1706	2706	9	158.83759104017776
707	1707	2707	9	10.20905192435185
708	1708	2708	9	1090.8396475098034
709	1709	2709	9	199.31613395131131
710	1710	2710	9	1358.7889652574315
711	1711	2711	9	1023.1929414158723
712	1712	2712	9	83.6092072553284
713	1713	2713	9	25601.302206723347
714	1714	2714	9	199.85820081189976
715	1715	2715	9	158.87137468089875
716	1716	2716	9	10.167380013289714
717	1717	2717	9	155648.74803021026
718	1718	2718	9	68.30182801406544
719	1719	2719	9	1216.6861774801866
720	1720	2720	9	15.23848256101436
721	1721	2721	9	12160.748816681802
722	1722	2722	9	5.772896996469161
723	1723	2723	9	4606.798139425175
724	1724	2724	9	1088.5233139854554
725	1725	2725	9	2359295.060953038
726	1726	2726	9	1214.0889956659
727	1727	2727	9	247.1188086836737
728	1728	2728	9	11.309413408914947
729	1729	2729	9	69.14389694915253
730	1730	2730	9	161.80845228306566
731	1731	2731	9	19455.53769539647
732	1732	2732	9	159.84127619949876
733	1733	2733	9	1281.0729338171095
734	1734	2734	9	248.94950876497506
735	1735	2735	9	1214.6990166926253
736	1736	2736	9	3198.5912747630214
737	1737	2737	9	206.48642829884523
738	1738	2738	9	51200.023355690224
739	1739	2739	9	63999.09948181946
740	1740	2740	9	199.74063592083303
741	1741	2741	9	159.21130100513673
742	1742	2742	9	20478.624126185136
743	1743	2743	9	159.82028555912993
744	1744	2744	9	3200.230160268628
745	1745	2745	9	94.31082256182947
746	1746	2746	9	48640.40819133956
747	1747	2747	9	251.68344050012408
748	1748	2748	9	2430.9797360118096
749	1749	2749	9	160.955407702014
750	1750	2750	9	2559.027679549687
751	1751	2751	9	199.1108327544394
752	1752	2752	9	311.9287611076078
753	1753	2753	9	3200.6361465864675
754	1754	2754	9	95.8622122231243
755	1755	2755	9	9726.332421733987
756	1756	2756	9	63999.87823253975
757	1757	2757	9	2559.545356347407
758	1758	2758	9	2506752.1947862273
759	1759	2759	9	40962.348978000664
760	1760	2760	9	2312.113468595999
761	1761	2761	9	162.04933999890957
762	1762	2762	9	10.971807314660273
763	1763	2763	9	8.981052537457568
764	1764	2764	9	278528.2926428994
765	1765	2765	9	1359.5096303213525
766	1766	2766	9	1280.0902226710423
767	1767	2767	9	1280.5510354533799
768	1768	2768	9	6225922.062657977
769	1769	2769	9	62.00275749567806
770	1770	2770	9	1022.8387813624862
771	1771	2771	9	250.49919028793178
772	1772	2772	9	198.03309191845415
773	1773	2773	9	10.382464857224532
774	1774	2774	9	51201.076291698475
775	1775	2775	9	15.813344362508357
776	1776	2776	9	679.1332752115313
777	1777	2777	9	85.81087107399965
778	1778	2778	9	1216.2075385589253
779	1779	2779	9	13.917973462344222
780	1780	2780	9	72.15450441943962
781	1781	2781	9	51200.15387842053
782	1782	2782	9	12.480755009861127
783	1783	2783	9	159.2359895425775
784	1784	2784	9	159.27196780112695
785	1785	2785	9	10.481729381451702
786	1786	2786	9	1088.405651910622
787	1787	2787	9	1023.4290778278653
788	1788	2788	9	100.18364006707384
789	1789	2789	9	12.603124948540387
790	1790	2790	9	159.53295345304437
791	1791	2791	9	32000.126899690982
792	1792	2792	9	1086.551775153748
793	1793	2793	9	20481.333465446703
794	1794	2794	9	12.505575337751466
795	1795	2795	9	11.363063203167023
796	1796	2796	9	10.42135432144532
797	1797	2797	9	42.27656205553179
798	1798	2798	9	10.63337741625051
799	1799	2799	9	95.31522472533211
800	1800	2800	9	11.828701030106298
801	1801	2801	9	21760.9866130845
802	1802	2802	9	348159.02397848654
803	1803	2803	9	249.2066314448496
804	1804	2804	9	1086.9872247840162
805	1805	2805	9	249.04857325462586
806	1806	2806	9	65538.055899273
807	1807	2807	9	1281.2080677091415
808	1808	2808	9	4998.585314525983
809	1809	2809	9	3040.4368474070193
810	1810	2810	9	2558.2255818067315
811	1811	2811	9	2560.8409441161666
812	1812	2812	9	3199.5859461558507
813	1813	2813	9	79.94107555157821
814	1814	2814	9	13.915384953556186
815	1815	2815	9	2048.7855724710025
816	1816	2816	9	99.44207667338675
817	1817	2817	9	1024.3859165195552
818	1818	2818	9	2097152.743814738
819	1819	2819	9	1279.833235563932
820	1820	2820	9	38912.845757508694
821	1821	2821	9	200.35578753666852
822	1822	2822	9	327680.333325499
823	1823	2823	9	1217.50961791378
824	1824	2824	9	159.69535325794143
825	1825	2825	9	10.386160736883934
826	1826	2826	9	3839.0358630371834
827	1827	2827	9	611.4527293880055
828	1828	2828	9	159.8238680376339
829	1829	2829	9	158.13940679956477
830	1830	2830	9	350.67076772665814
831	1831	2831	9	1024000.3486750961
832	1832	2832	9	174079.22066980327
833	1833	2833	9	7.710901031241527
834	1834	2834	9	12287999.47509763
835	1835	2835	9	11.220387080416167
836	1836	2836	9	1361.295072951485
837	1837	2837	9	1087.1161302228238
838	1838	2838	9	8.253013997127727
839	1839	2839	9	12.621717222270828
840	1840	2840	9	1598.9837716787188
841	1841	2841	9	9.176783817661445
842	1842	2842	9	64.67693101367267
843	1843	2843	9	1023999.5417952767
844	1844	2844	9	10.218021020487585
845	1845	2845	9	270.9992138941115
846	1846	2846	9	28.071957342540326
847	1847	2847	9	4351.541867218799
848	1848	2848	9	1280.173736486025
849	1849	2849	9	14.128042453616672
850	1850	2850	9	544.8791347313563
851	1851	2851	9	99.4464232538932
852	1852	2852	9	17408.6524333924
853	1853	2853	9	1358.8274224923505
854	1854	2854	9	312.70028446418945
855	1855	2855	9	199.70979708565707
856	1856	2856	9	100.19477031096166
857	1857	2857	9	1023.4497697409023
858	1858	2858	9	160.34187172006102
859	1859	2859	9	1442.6031119348308
860	1860	2860	9	1088.5411631242575
861	1861	2861	9	12.617670309891936
862	1862	2862	9	3200.6390874445733
863	1863	2863	9	1520.532089310664
864	1864	2864	9	63.84664666855247
865	1865	2865	9	3199.775510088462
866	1866	2866	9	34000.61582004931
867	1867	2867	9	6250.120938679273
868	1868	2868	9	40960.07318282403
869	1869	2869	9	25600.072022310316
870	1870	2870	9	1280.3981889573517
871	1871	2871	9	200.61020564571157
872	1872	2872	9	1280.7757015379557
873	1873	2873	9	1601.8384546996726
874	1874	2874	9	1089.2526435774566
875	1875	2875	9	8.86566533061972
876	1876	2876	9	278528.5045440447
877	1877	2877	9	607.8779117472341
878	1878	2878	9	21759.90864086553
879	1879	2879	9	1439.4735170442257
880	1880	2880	9	26.54198715495541
881	1881	2881	9	2560.2605918903214
882	1882	2882	9	124.71669748384801
883	1883	2883	9	2499.6697986550826
884	1884	2884	9	124518.73314408964
885	1885	2885	9	100.08369832725657
886	1886	2886	9	1150.5712824580764
887	1887	2887	9	1214.8609638728904
888	1888	2888	9	159.604626216454
889	1889	2889	9	9.16582692807194
890	1890	2890	9	1599.688110364653
891	1891	2891	9	9.43410751068035
892	1892	2892	9	13.789820786580696
893	1893	2893	9	2560.998703103517
894	1894	2894	9	87039.22132250265
895	1895	2895	9	10.140935934340868
896	1896	2896	9	100.64391085700642
897	1897	2897	9	14.675913956629671
898	1898	2898	9	51201.27189693358
899	1899	2899	9	327680.6371857307
900	1900	2900	9	1520.8937629501606
901	1901	2901	9	10.545626560966035
902	1902	2902	9	17407.549912874983
903	1903	2903	9	10.9926372645782
904	1904	2904	9	159.2835379245475
905	1905	2905	9	10240.546014811629
906	1906	2906	9	2559.355831701512
907	1907	2907	9	1216.0709303854587
908	1908	2908	9	288.30810268565153
909	1909	2909	9	251.50294064509237
910	1910	2910	9	198.60688443597633
911	1911	2911	9	8193.0992810147
912	1912	2912	9	1279.9328973061783
913	1913	2913	9	9728000.360471753
914	1914	2914	9	3197.374202367511
915	1915	2915	9	1519.9124436658487
916	1916	2916	9	161.55286599330748
917	1917	2917	9	159.72717929087412
918	1918	2918	9	23039.84676696796
919	1919	2919	9	161.31219536498054
920	1920	2920	9	11.184463932296687
921	1921	2921	9	389121.1426756792
922	1922	2922	9	83.8637069772997
923	1923	2923	9	1358.521722706312
924	1924	2924	9	11.072662841756717
925	1925	2925	9	160.08414101679466
926	1926	2926	9	54.69767133711578
927	1927	2927	9	52919.36103727367
928	1928	2928	9	64000.03179578369
929	1929	2929	9	1361.1740149655095
930	1930	2930	9	67.38307838150867
931	1931	2931	9	200.05727221979308
932	1932	2932	9	161.3230478263493
933	1933	2933	9	2559.299612726725
934	1934	2934	9	161.221404039326
935	1935	2935	9	2000.1480758449761
936	1936	2936	9	249.8964359723041
937	1937	2937	9	1088.4100490313433
938	1938	2938	9	160.57314041237365
939	1939	2939	9	251.9674260023493
940	1940	2940	9	90.60178510512084
941	1941	2941	9	2558.8154859213214
942	1942	2942	9	202.05887782504215
943	1943	2943	9	900.8937934234799
944	1944	2944	9	3999.7447144770194
945	1945	2945	9	1519.4804909125126
946	1946	2946	9	250.61020368659254
947	1947	2947	9	86.924830999416
948	1948	2948	9	101.48290570135046
949	1949	2949	9	20481.80141869217
950	1950	2950	9	8269.923055302803
951	1951	2951	9	64000.746343551175
952	1952	2952	9	21760.87078425567
953	1953	2953	9	543.5927050493544
954	1954	2954	9	2560.356724237617
955	1955	2955	9	2561.1055276158404
956	1956	2956	9	10.44540669507883
957	1957	2957	9	1280.8947069901317
958	1958	2958	9	3201.170615261205
959	1959	2959	9	313.5011665240619
960	1960	2960	9	99.58183878259881
961	1961	2961	9	2798.2991823757807
962	1962	2962	9	82688.15840096088
963	1963	2963	9	78.57761418017327
964	1964	2964	9	54475.53503479953
965	1965	2965	9	1153.193610275494
966	1966	2966	9	67.27142281145072
967	1967	2967	9	2559.6847804269523
968	1968	2968	9	159.36421888823105
969	1969	2969	9	1602.034641852089
970	1970	2970	9	160.80953718376603
971	1971	2971	9	696319.3378093604
972	1972	2972	9	199.14703127185732
973	1973	2973	9	20479.565965300055
974	1974	2974	9	1392640.368696008
975	1975	2975	9	20479.278485666546
976	1976	2976	9	6684668.995338109
977	1977	2977	9	68.61183439544794
978	1978	2978	9	10.4522187061418
979	1979	2979	9	200.33318571576964
980	1980	2980	9	9.005354266086357
981	1981	2981	9	30401.355544749822
982	1982	2982	9	3199.1674684058075
983	1983	2983	9	1023.7900296264936
984	1984	2984	9	3200.979331245451
985	1985	2985	9	13.51919713539754
986	1986	2986	9	79.30924211444575
987	1987	2987	9	640000.4532476872
988	1988	2988	9	11.405880048705175
989	1989	2989	9	79.06409851126905
990	1990	2990	9	99.23610098855329
991	1991	2991	9	1800.5066241397012
992	1992	2992	9	1153.4342444203946
993	1993	2993	9	113.80987860312699
994	1994	2994	9	655361.3989884909
995	1995	2995	9	16385.670415665674
996	1996	2996	9	1089.5709444445235
997	1997	2997	9	13.342970201928232
998	1998	2998	9	161.13441802531676
999	1999	2999	9	1278.7964610007618
1000	2000	3000	9	1215.6475306054701
