ind_ID	father_ID	mother_ID	Sex	Phenotype
0	1000	2000	-1	10.64822113414211
1	1001	2001	-1	10.983528921257154
2	1002	2002	-1	12.53172790407364
3	1003	2003	-1	9.641836672642095
4	1004	2004	-1	9.167429867798537
5	1005	2005	-1	10.8745693218647
6	1006	2006	-1	9.338593923813653
7	1007	2007	-1	7.655599123735449
8	1008	2008	-1	7.562457085648705
9	1009	2009	-1	10.35354807985241
10	1010	2010	-1	10.184625849110194
11	1011	2011	-1	10.278427050115775
12	1012	2012	-1	9.395715202439229
13	1013	2013	-1	10.391684410183235
14	1014	2014	-1	10.419404464937505
15	1015	2015	-1	9.559158563814092
16	1016	2016	-1	9.187561133594969
17	1017	2017	-1	10.332677569765266
18	1018	2018	-1	9.875403762195209
19	1019	2019	-1	10.633185511805467
20	1020	2020	-1	79.63812124659593
21	1021	2021	-1	9.377191027563384
22	1022	2022	-1	8.003281670559478
23	1023	2023	-1	7.948927240414098
24	1024	2024	-1	10.728122699079412
25	1025	2025	-1	12.296511928073613
26	1026	2026	-1	9.823623279993482
27	1027	2027	-1	12.627812976021566
28	1028	2028	-1	8.152172870880198
29	1029	2029	-1	10.377298905207455
30	1030	2030	-1	10.566012416949796
31	1031	2031	-1	8.49271216636679
32	1032	2032	-1	11.110214330295712
33	1033	2033	-1	9.99442808973194
34	1034	2034	-1	10.758050553752247
35	1035	2035	-1	9.428524540931466
36	1036	2036	-1	11.133916745729616
37	1037	2037	-1	8.23662444065844
38	1038	2038	-1	9.45028364674386
39	1039	2039	-1	8.751918916630842
40	1040	2040	-1	9.4511235420183
41	1041	2041	-1	8.215794579049742
42	1042	2042	-1	13.27049522260898
43	1043	2043	-1	79.42191637022859
44	1044	2044	-1	10.228397460097701
45	1045	2045	-1	11.64381428315507
46	1046	2046	-1	9.345097105934787
47	1047	2047	-1	9.312423575952716
48	1048	2048	-1	9.61071309314578
49	1049	2049	-1	8.752697405818818
50	1050	2050	-1	11.022468697305177
51	1051	2051	-1	10.28090724366413
52	1052	2052	-1	11.460703965514332
53	1053	2053	-1	10.05649558390585
54	1054	2054	-1	10.947538424203959
55	1055	2055	-1	11.596679827071766
56	1056	2056	-1	9.38909120038067
57	1057	2057	-1	10.191077624826587
58	1058	2058	-1	9.479770556282983
59	1059	2059	-1	11.250405915778837
60	1060	2060	-1	10.597471371864414
61	1061	2061	-1	10.194925607280565
62	1062	2062	-1	11.208751148219005
63	1063	2063	-1	9.104770359644496
64	1064	2064	-1	10.271385231606208
65	1065	2065	-1	10.512875686133528
66	1066	2066	-1	8.496682071889948
67	1067	2067	-1	11.76950156422531
68	1068	2068	-1	8.974183037947778
69	1069	2069	-1	10.89209054917899
70	1070	2070	-1	9.821655888946491
71	1071	2071	-1	11.817228262371867
72	1072	2072	-1	8.86371516659818
73	1073	2073	-1	10.052214274796071
74	1074	2074	-1	10.209040546369637
75	1075	2075	-1	80.72142835659663
76	1076	2076	-1	11.286507260586053
77	1077	2077	-1	8.564940717111442
78	1078	2078	-1	10.44871880660236
79	1079	2079	-1	9.975777093287531
80	1080	2080	-1	11.276203768641546
81	1081	2081	-1	9.020894642687566
82	1082	2082	-1	10.11518323967797
83	1083	2083	-1	10.592534734589863
84	1084	2084	-1	10.12334557519778
85	1085	2085	-1	8.232165707027761
86	1086	2086	-1	11.378841362053365
87	1087	2087	-1	9.841503089189446
88	1088	2088	-1	10.178336129305968
89	1089	2089	-1	9.38882629664534
90	1090	2090	-1	9.823382275834339
91	1091	2091	-1	9.781132345875392
92	1092	2092	-1	9.443928884459481
93	1093	2093	-1	8.935037327300616
94	1094	2094	-1	11.599851950895177
95	1095	2095	-1	9.774911188045216
96	1096	2096	-1	10.519261809530514
97	1097	2097	-1	8.652409136448428
98	1098	2098	-1	11.56030678749184
99	1099	2099	-1	10.601756721168613
100	1100	2100	-1	12.42640254863072
101	1101	2101	-1	9.789326524059241
102	1102	2102	-1	9.23046980190329
103	1103	2103	-1	10.679913674838087
104	1104	2104	-1	8.167387797595474
105	1105	2105	-1	10.57144532240068
106	1106	2106	-1	9.440589440205887
107	1107	2107	-1	10.387828781702012
108	1108	2108	-1	9.069883908923579
109	1109	2109	-1	12.60046251528706
110	1110	2110	-1	8.544927167708561
111	1111	2111	-1	9.799843534925133
112	1112	2112	-1	9.393587643144059
113	1113	2113	-1	9.861288675706525
114	1114	2114	-1	8.865796229547806
115	1115	2115	-1	9.334102800635815
116	1116	2116	-1	10.494496139405243
117	1117	2117	-1	10.15670091845338
118	1118	2118	-1	10.606281853159745
119	1119	2119	-1	9.12334049137301
120	1120	2120	-1	11.223851079244868
121	1121	2121	-1	8.121290048524477
122	1122	2122	-1	11.535264615435455
123	1123	2123	-1	9.135598632139889
124	1124	2124	-1	8.855828724065313
125	1125	2125	-1	9.905239553417697
126	1126	2126	-1	11.463113168559664
127	1127	2127	-1	9.782818603228607
128	1128	2128	-1	9.281302185062096
129	1129	2129	-1	8.793589771089
130	1130	2130	-1	9.042602476159887
131	1131	2131	-1	79.95788605700602
132	1132	2132	-1	10.084431522176414
133	1133	2133	-1	10.943275808532901
134	1134	2134	-1	9.632758812696796
135	1135	2135	-1	10.656691948274366
136	1136	2136	-1	9.527679196702852
137	1137	2137	-1	10.027899703166625
138	1138	2138	-1	11.273752448998387
139	1139	2139	-1	10.715242484277205
140	1140	2140	-1	7.443213979257061
141	1141	2141	-1	8.730639679091341
142	1142	2142	-1	11.191396197103824
143	1143	2143	-1	10.12728348538326
144	1144	2144	-1	9.851954130666382
145	1145	2145	-1	9.29023052647569
146	1146	2146	-1	9.21397250668697
147	1147	2147	-1	10.237419670305488
148	1148	2148	-1	7.916681414993306
149	1149	2149	-1	10.049601337200661
150	1150	2150	-1	10.616364422841588
151	1151	2151	-1	7.652593043646334
152	1152	2152	-1	11.603612693164242
153	1153	2153	-1	9.999939609757016
154	1154	2154	-1	11.019988351501677
155	1155	2155	-1	11.086966584554084
156	1156	2156	-1	9.257562620827791
157	1157	2157	-1	10.609613939003019
158	1158	2158	-1	9.414267420298565
159	1159	2159	-1	10.750892353424925
160	1160	2160	-1	9.098205856797833
161	1161	2161	-1	11.88667352923121
162	1162	2162	-1	10.124278886614848
163	1163	2163	-1	10.130312997391743
164	1164	2164	-1	10.889037284124583
165	1165	2165	-1	7.939858761468757
166	1166	2166	-1	10.509623234664211
167	1167	2167	-1	9.060518267444838
168	1168	2168	-1	8.676761662219672
169	1169	2169	-1	9.712182223862957
170	1170	2170	-1	10.378076118242205
171	1171	2171	-1	10.316196695146433
172	1172	2172	-1	8.35419645347701
173	1173	2173	-1	9.71925026755427
174	1174	2174	-1	9.944401838309837
175	1175	2175	-1	10.196147508546456
176	1176	2176	-1	11.264608313948557
177	1177	2177	-1	10.109807287051144
178	1178	2178	-1	10.31235961058795
179	1179	2179	-1	11.333496432995153
180	1180	2180	-1	9.253989607815978
181	1181	2181	-1	11.54303274671345
182	1182	2182	-1	9.551918942302471
183	1183	2183	-1	7.923250121200153
184	1184	2184	-1	9.218152629522947
185	1185	2185	-1	11.118239230939421
186	1186	2186	-1	8.976366680709912
187	1187	2187	-1	11.149096433328282
188	1188	2188	-1	10.540463775293844
189	1189	2189	-1	10.939049056657323
190	1190	2190	-1	9.302102063670777
191	1191	2191	-1	9.515228320406129
192	1192	2192	-1	9.670253727705118
193	1193	2193	-1	12.088610473557067
194	1194	2194	-1	10.26708159981544
195	1195	2195	-1	9.901994455392565
196	1196	2196	-1	11.330533061702283
197	1197	2197	-1	9.157636840949843
198	1198	2198	-1	9.46984096100851
199	1199	2199	-1	10.136215021451553
200	1200	2200	-1	8.387923645242964
201	1201	2201	-1	9.139562884550434
202	1202	2202	-1	11.09740720914358
203	1203	2203	-1	10.122755895451466
204	1204	2204	-1	10.785557796490943
205	1205	2205	-1	9.273666691462603
206	1206	2206	-1	9.037338059193948
207	1207	2207	-1	9.979598079106003
208	1208	2208	-1	10.233159105174643
209	1209	2209	-1	9.020748806566901
210	1210	2210	-1	9.259709840719731
211	1211	2211	-1	9.292674225020107
212	1212	2212	-1	9.018310130842274
213	1213	2213	-1	10.64716337650125
214	1214	2214	-1	9.162086263161633
215	1215	2215	-1	8.353625962589845
216	1216	2216	-1	10.335142024848965
217	1217	2217	-1	11.394915648050024
218	1218	2218	-1	10.717560978405547
219	1219	2219	-1	11.027052510881418
220	1220	2220	-1	8.446050377989863
221	1221	2221	-1	11.238128914878404
222	1222	2222	-1	9.173077701139269
223	1223	2223	-1	8.291820404892976
224	1224	2224	-1	8.486997387171247
225	1225	2225	-1	8.61352560149278
226	1226	2226	-1	11.131630112246581
227	1227	2227	-1	9.329988379359683
228	1228	2228	-1	8.806069037479972
229	1229	2229	-1	10.224026352562975
230	1230	2230	-1	10.796680691519908
231	1231	2231	-1	10.348894547221077
232	1232	2232	-1	9.245169495116196
233	1233	2233	-1	10.522620940032843
234	1234	2234	-1	9.6279989479663
235	1235	2235	-1	7.923503051996761
236	1236	2236	-1	10.225978098906273
237	1237	2237	-1	10.21867877123343
238	1238	2238	-1	11.584145740709745
239	1239	2239	-1	8.431376295025421
240	1240	2240	-1	11.53108488564742
241	1241	2241	-1	11.585616113234419
242	1242	2242	-1	9.211475136619343
243	1243	2243	-1	10.165010177451057
244	1244	2244	-1	10.120145878385259
245	1245	2245	-1	10.566599315637129
246	1246	2246	-1	9.869868405233966
247	1247	2247	-1	10.202138508916617
248	1248	2248	-1	9.96786260773471
249	1249	2249	-1	10.621610590485622
250	1250	2250	-1	9.647768067283298
251	1251	2251	-1	9.976928890994415
252	1252	2252	-1	9.012225316264992
253	1253	2253	-1	8.492209200349308
254	1254	2254	-1	11.351296652222736
255	1255	2255	-1	9.962489100871844
256	1256	2256	-1	9.346141955848957
257	1257	2257	-1	9.62838855269142
258	1258	2258	-1	12.170607381262196
259	1259	2259	-1	10.583813569510172
260	1260	2260	-1	8.33033402820374
261	1261	2261	-1	11.07150579370252
262	1262	2262	-1	8.779618315382812
263	1263	2263	-1	12.21682580879765
264	1264	2264	-1	10.399874770175186
265	1265	2265	-1	9.348449285795542
266	1266	2266	-1	9.58559693106814
267	1267	2267	-1	9.991403913589222
268	1268	2268	-1	10.688058237226599
269	1269	2269	-1	9.832323231404411
270	1270	2270	-1	9.993815078361708
271	1271	2271	-1	10.162702781543073
272	1272	2272	-1	9.65222906674783
273	1273	2273	-1	11.065904013564124
274	1274	2274	-1	11.013820772925149
275	1275	2275	-1	11.560515833301633
276	1276	2276	-1	9.512646690880853
277	1277	2277	-1	10.564319595920027
278	1278	2278	-1	9.432017477575599
279	1279	2279	-1	8.882293101395913
280	1280	2280	-1	8.622710542876742
281	1281	2281	-1	10.50642824202394
282	1282	2282	-1	10.771503463459037
283	1283	2283	-1	9.680170896091123
284	1284	2284	-1	9.486631719862917
285	1285	2285	-1	8.922961733663792
286	1286	2286	-1	11.085564098282441
287	1287	2287	-1	10.67114833155354
288	1288	2288	-1	10.619711238194931
289	1289	2289	-1	9.509363371343062
290	1290	2290	-1	10.150330248694432
291	1291	2291	-1	10.102443221914939
292	1292	2292	-1	12.050720451565063
293	1293	2293	-1	10.261035691256069
294	1294	2294	-1	10.410418722593066
295	1295	2295	-1	9.513958051254129
296	1296	2296	-1	9.061606052896812
297	1297	2297	-1	9.396646014559433
298	1298	2298	-1	10.037447254130399
299	1299	2299	-1	9.667167806124453
300	1300	2300	-1	9.785763333044331
301	1301	2301	-1	10.449932152702106
302	1302	2302	-1	11.02686277174982
303	1303	2303	-1	10.759043356619483
304	1304	2304	-1	10.021342469809895
305	1305	2305	-1	11.671251175444493
306	1306	2306	-1	10.160364683779495
307	1307	2307	-1	8.78616401757846
308	1308	2308	-1	6.891132624815405
309	1309	2309	-1	9.395976055321421
310	1310	2310	-1	9.94701697259734
311	1311	2311	-1	79.7350062222134
312	1312	2312	-1	10.088454075361422
313	1313	2313	-1	8.707710682084848
314	1314	2314	-1	8.563292835055048
315	1315	2315	-1	10.113161131154001
316	1316	2316	-1	10.274586556396393
317	1317	2317	-1	8.285889218851477
318	1318	2318	-1	10.67967222544429
319	1319	2319	-1	9.11207207965444
320	1320	2320	-1	11.053721874620923
321	1321	2321	-1	10.054502867404713
322	1322	2322	-1	10.644743160727096
323	1323	2323	-1	10.114495443676294
324	1324	2324	-1	8.81427106347683
325	1325	2325	-1	9.450935517514766
326	1326	2326	-1	10.661689867621455
327	1327	2327	-1	9.79186320734647
328	1328	2328	-1	9.244020193054597
329	1329	2329	-1	9.484128573712319
330	1330	2330	-1	9.37760046501614
331	1331	2331	-1	9.387182680025717
332	1332	2332	-1	9.559505954852254
333	1333	2333	-1	9.539550486461374
334	1334	2334	-1	10.550728188717041
335	1335	2335	-1	8.691175597260084
336	1336	2336	-1	10.309506245304252
337	1337	2337	-1	10.164512533533484
338	1338	2338	-1	9.18227098459417
339	1339	2339	-1	8.246313379718396
340	1340	2340	-1	9.723503854829127
341	1341	2341	-1	9.341042425222858
342	1342	2342	-1	11.332408667790446
343	1343	2343	-1	11.047238419859772
344	1344	2344	-1	79.48825658587842
345	1345	2345	-1	10.699026533587098
346	1346	2346	-1	9.191561008443061
347	1347	2347	-1	9.108525485220632
348	1348	2348	-1	9.823396567756625
349	1349	2349	-1	10.78162845986225
350	1350	2350	-1	9.470025680068936
351	1351	2351	-1	9.713991487280373
352	1352	2352	-1	10.005492744304515
353	1353	2353	-1	79.1265524875248
354	1354	2354	-1	9.978648895084136
355	1355	2355	-1	10.900629837346681
356	1356	2356	-1	9.841746985815451
357	1357	2357	-1	9.552749439136397
358	1358	2358	-1	10.835677224220378
359	1359	2359	-1	10.755990612606132
360	1360	2360	-1	9.453245902585534
361	1361	2361	-1	10.525309957640907
362	1362	2362	-1	12.830547668801039
363	1363	2363	-1	9.212112443645603
364	1364	2364	-1	9.353479226103182
365	1365	2365	-1	12.791090869769615
366	1366	2366	-1	9.027123903369198
367	1367	2367	-1	9.644689894917985
368	1368	2368	-1	10.85526095385196
369	1369	2369	-1	9.54860784696522
370	1370	2370	-1	9.586102766057415
371	1371	2371	-1	9.920561767860123
372	1372	2372	-1	9.966044261135915
373	1373	2373	-1	9.541662808316769
374	1374	2374	-1	9.578389876930936
375	1375	2375	-1	11.643591865264437
376	1376	2376	-1	9.575731050680456
377	1377	2377	-1	8.501952898120003
378	1378	2378	-1	6.503282371222054
379	1379	2379	-1	8.54656642419814
380	1380	2380	-1	10.864483091942652
381	1381	2381	-1	10.195024879229265
382	1382	2382	-1	7.387027360703598
383	1383	2383	-1	80.92250534545737
384	1384	2384	-1	8.86344902380148
385	1385	2385	-1	11.946790116248007
386	1386	2386	-1	10.0479056062927
387	1387	2387	-1	9.473419718787863
388	1388	2388	-1	10.633481584142322
389	1389	2389	-1	10.642587759635646
390	1390	2390	-1	8.683461657893263
391	1391	2391	-1	8.676342040950761
392	1392	2392	-1	8.819535736314426
393	1393	2393	-1	9.594423347123257
394	1394	2394	-1	10.484119638104204
395	1395	2395	-1	9.814446287729925
396	1396	2396	-1	9.119064813191722
397	1397	2397	-1	10.073113427137232
398	1398	2398	-1	10.720824486793859
399	1399	2399	-1	9.597637109215327
400	1400	2400	-1	8.665874932058022
401	1401	2401	-1	11.681853453014423
402	1402	2402	-1	8.334732399189555
403	1403	2403	-1	8.691571769847688
404	1404	2404	-1	10.390758954523408
405	1405	2405	-1	11.027221649709842
406	1406	2406	-1	9.733101992782
407	1407	2407	-1	9.171958910133048
408	1408	2408	-1	8.87401583025943
409	1409	2409	-1	9.328069953233264
410	1410	2410	-1	9.888910966854867
411	1411	2411	-1	9.693223610611437
412	1412	2412	-1	10.592351939117336
413	1413	2413	-1	9.15972630157888
414	1414	2414	-1	9.775919480797077
415	1415	2415	-1	10.125610317197944
416	1416	2416	-1	8.376574715916348
417	1417	2417	-1	10.300354581916611
418	1418	2418	-1	9.60987229737372
419	1419	2419	-1	11.815475708144168
420	1420	2420	-1	9.91473191576075
421	1421	2421	-1	12.735794940988686
422	1422	2422	-1	8.771125804512275
423	1423	2423	-1	10.451104691905908
424	1424	2424	-1	10.365901560010162
425	1425	2425	-1	9.974098926441199
426	1426	2426	-1	9.350811122052338
427	1427	2427	-1	8.922809835373036
428	1428	2428	-1	8.557525035315656
429	1429	2429	-1	11.070803531045577
430	1430	2430	-1	12.228597744687963
431	1431	2431	-1	9.583100290864365
432	1432	2432	-1	9.264255704644372
433	1433	2433	-1	8.787161621887082
434	1434	2434	-1	10.31936952967734
435	1435	2435	-1	79.83814731204905
436	1436	2436	-1	11.40370895511174
437	1437	2437	-1	10.76792181636996
438	1438	2438	-1	12.196884137506434
439	1439	2439	-1	10.707132846075588
440	1440	2440	-1	8.920783359444673
441	1441	2441	-1	10.758323455329624
442	1442	2442	-1	10.599551517758192
443	1443	2443	-1	9.142079660624004
444	1444	2444	-1	9.867774238815814
445	1445	2445	-1	9.241519898886152
446	1446	2446	-1	9.020494439289084
447	1447	2447	-1	10.421684723707724
448	1448	2448	-1	8.677711501339132
449	1449	2449	-1	10.709027423560567
450	1450	2450	-1	11.67190432190211
451	1451	2451	-1	10.497739664819127
452	1452	2452	-1	7.687642528017326
453	1453	2453	-1	10.229955071010957
454	1454	2454	-1	10.540503969648393
455	1455	2455	-1	8.138969888934925
456	1456	2456	-1	10.062682477164614
457	1457	2457	-1	10.146086678374969
458	1458	2458	-1	79.04732841117762
459	1459	2459	-1	10.673610181806202
460	1460	2460	-1	10.852264132571932
461	1461	2461	-1	9.769390858223627
462	1462	2462	-1	11.473835444638398
463	1463	2463	-1	9.247516514298102
464	1464	2464	-1	9.876316364826176
465	1465	2465	-1	9.489192049106641
466	1466	2466	-1	9.973798904938866
467	1467	2467	-1	9.386192779505636
468	1468	2468	-1	9.666768822049175
469	1469	2469	-1	9.83491394297996
470	1470	2470	-1	9.135032380166786
471	1471	2471	-1	9.624656558016532
472	1472	2472	-1	9.467257040693152
473	1473	2473	-1	80.49850459886571
474	1474	2474	-1	10.019824658289439
475	1475	2475	-1	10.128942164664833
476	1476	2476	-1	10.826475979554148
477	1477	2477	-1	8.82676079592133
478	1478	2478	-1	11.359895404978271
479	1479	2479	-1	11.12052110283518
480	1480	2480	-1	11.919638298603038
481	1481	2481	-1	10.745413598582983
482	1482	2482	-1	10.317333148208771
483	1483	2483	-1	10.52354837912822
484	1484	2484	-1	9.861500958384324
485	1485	2485	-1	10.119095791951027
486	1486	2486	-1	10.045877588793221
487	1487	2487	-1	11.38087622533629
488	1488	2488	-1	8.081306493216768
489	1489	2489	-1	11.063559471193559
490	1490	2490	-1	9.782721156977816
491	1491	2491	-1	10.144146424390097
492	1492	2492	-1	10.162436264159952
493	1493	2493	-1	10.136346233026684
494	1494	2494	-1	9.684828180726027
495	1495	2495	-1	9.44875683764932
496	1496	2496	-1	13.19866000432088
497	1497	2497	-1	11.491649042515684
498	1498	2498	-1	11.658867777674725
499	1499	2499	-1	9.256305387978223
500	1500	2500	-1	10.237793982410317
501	1501	2501	-1	9.504760261476006
502	1502	2502	-1	9.428576038654803
503	1503	2503	-1	9.267956829938692
504	1504	2504	-1	13.003678239287328
505	1505	2505	-1	9.314908819341253
506	1506	2506	-1	10.1560165516324
507	1507	2507	-1	10.149820218668522
508	1508	2508	-1	9.348388566131998
509	1509	2509	-1	9.186156394007742
510	1510	2510	-1	8.466301797815174
511	1511	2511	-1	9.02875604836094
512	1512	2512	-1	10.284250832306231
513	1513	2513	-1	11.658334620295973
514	1514	2514	-1	9.768698568056337
515	1515	2515	-1	12.941328852962677
516	1516	2516	-1	9.017073465951215
517	1517	2517	-1	9.974317314429861
518	1518	2518	-1	9.682722323424738
519	1519	2519	-1	11.178392966633172
520	1520	2520	-1	9.216328840452777
521	1521	2521	-1	9.423989620064871
522	1522	2522	-1	11.321359908682144
523	1523	2523	-1	11.392007701583907
524	1524	2524	-1	11.117716178394838
525	1525	2525	-1	8.10138013488084
526	1526	2526	-1	10.321501141019763
527	1527	2527	-1	9.727677688839957
528	1528	2528	-1	9.640710956392743
529	1529	2529	-1	10.498585519042614
530	1530	2530	-1	11.88538906698506
531	1531	2531	-1	7.799422238744234
532	1532	2532	-1	8.967841585628701
533	1533	2533	-1	10.417468258005314
534	1534	2534	-1	10.373406332114294
535	1535	2535	-1	9.387105196543898
536	1536	2536	-1	11.559042440885687
537	1537	2537	-1	8.321002930402418
538	1538	2538	-1	11.648985090971534
539	1539	2539	-1	9.40748796543558
540	1540	2540	-1	8.508183799755772
541	1541	2541	-1	10.009671682427387
542	1542	2542	-1	8.007239964208893
543	1543	2543	-1	9.481756178500351
544	1544	2544	-1	9.549789985496918
545	1545	2545	-1	10.943506715504975
546	1546	2546	-1	10.445941363453112
547	1547	2547	-1	8.662891633313498
548	1548	2548	-1	7.6793017587954875
549	1549	2549	-1	7.543669708278413
550	1550	2550	-1	10.92177627387249
551	1551	2551	-1	10.389733569709971
552	1552	2552	-1	9.082806302497856
553	1553	2553	-1	11.177896088515704
554	1554	2554	-1	12.2418854823076
555	1555	2555	-1	8.294210773326114
556	1556	2556	-1	11.28293357576022
557	1557	2557	-1	10.693876139652561
558	1558	2558	-1	9.000266920592786
559	1559	2559	-1	10.350698530263369
560	1560	2560	-1	10.281365628109809
561	1561	2561	-1	9.043270531096498
562	1562	2562	-1	9.518959708524255
563	1563	2563	-1	9.723443780641364
564	1564	2564	-1	9.493675183351439
565	1565	2565	-1	10.21763204744911
566	1566	2566	-1	79.04329668772856
567	1567	2567	-1	9.744143826683096
568	1568	2568	-1	8.783903044750659
569	1569	2569	-1	9.951314661336319
570	1570	2570	-1	80.5033645587252
571	1571	2571	-1	10.676549657637816
572	1572	2572	-1	8.844622418640895
573	1573	2573	-1	9.63180839452322
574	1574	2574	-1	10.853441608740804
575	1575	2575	-1	10.632980905224349
576	1576	2576	-1	8.858345289687117
577	1577	2577	-1	10.821065823719385
578	1578	2578	-1	10.07113462326788
579	1579	2579	-1	10.50188582637088
580	1580	2580	-1	11.444641162466763
581	1581	2581	-1	10.043174293199526
582	1582	2582	-1	10.269273985348626
583	1583	2583	-1	9.84030737625144
584	1584	2584	-1	9.85170377687921
585	1585	2585	-1	9.546065462565942
586	1586	2586	-1	9.698348810320155
587	1587	2587	-1	10.25301268728974
588	1588	2588	-1	8.464110140164884
589	1589	2589	-1	8.832796824440898
590	1590	2590	-1	11.532134140824297
591	1591	2591	-1	12.683197661904074
592	1592	2592	-1	10.55229464458251
593	1593	2593	-1	9.174463267868992
594	1594	2594	-1	10.377331732704373
595	1595	2595	-1	8.949791892926015
596	1596	2596	-1	10.522750861392744
597	1597	2597	-1	9.314758640340765
598	1598	2598	-1	10.940872471621311
599	1599	2599	-1	9.76320141815158
600	1600	2600	-1	9.281297535987601
601	1601	2601	-1	8.933388500878939
602	1602	2602	-1	10.048947712665646
603	1603	2603	-1	10.570588567015946
604	1604	2604	-1	7.2751240099770556
605	1605	2605	-1	9.669361748860561
606	1606	2606	-1	10.4016194974131
607	1607	2607	-1	9.345634356139449
608	1608	2608	-1	11.285835730023358
609	1609	2609	-1	11.697997814527703
610	1610	2610	-1	10.516121528580774
611	1611	2611	-1	10.223097896702487
612	1612	2612	-1	9.890787475837291
613	1613	2613	-1	9.57702414845109
614	1614	2614	-1	10.439592975407619
615	1615	2615	-1	9.658520358679576
616	1616	2616	-1	10.695920330692381
617	1617	2617	-1	10.590550925527165
618	1618	2618	-1	11.119882731300551
619	1619	2619	-1	11.177331220740314
620	1620	2620	-1	9.982734810234257
621	1621	2621	-1	9.060542432307875
622	1622	2622	-1	10.609116624296535
623	1623	2623	-1	9.32882102934301
624	1624	2624	-1	10.23721244843841
625	1625	2625	-1	10.082471104705661
626	1626	2626	-1	8.782195165032231
627	1627	2627	-1	9.956502934604217
628	1628	2628	-1	7.528796114404928
629	1629	2629	-1	10.264116645861648
630	1630	2630	-1	8.674894076987044
631	1631	2631	-1	9.962754656323611
632	1632	2632	-1	8.752741687828214
633	1633	2633	-1	12.811135516387326
634	1634	2634	-1	9.04738828882954
635	1635	2635	-1	10.761206714617938
636	1636	2636	-1	8.703479397274588
637	1637	2637	-1	8.365833311191006
638	1638	2638	-1	10.074612106692868
639	1639	2639	-1	7.994017790915616
640	1640	2640	-1	77.23859774710695
641	1641	2641	-1	10.652423885531567
642	1642	2642	-1	9.324843175464267
643	1643	2643	-1	8.120288033001698
644	1644	2644	-1	8.994663845550065
645	1645	2645	-1	10.595417095387893
646	1646	2646	-1	9.213762992216974
647	1647	2647	-1	11.424834607346616
648	1648	2648	-1	8.982854827757226
649	1649	2649	-1	9.413641797559091
650	1650	2650	-1	10.636383500542452
651	1651	2651	-1	7.761207982286349
652	1652	2652	-1	10.461830911693346
653	1653	2653	-1	10.792947294922476
654	1654	2654	-1	9.195342327314538
655	1655	2655	-1	8.7556496593275
656	1656	2656	-1	10.534588522086224
657	1657	2657	-1	10.100643960046854
658	1658	2658	-1	9.589975988632073
659	1659	2659	-1	9.924285970938035
660	1660	2660	-1	9.634046536546748
661	1661	2661	-1	9.556565175863794
662	1662	2662	-1	9.925097235264944
663	1663	2663	-1	78.89520012373835
664	1664	2664	-1	8.937958247554242
665	1665	2665	-1	10.554746708945538
666	1666	2666	-1	10.642106439683944
667	1667	2667	-1	10.974659847094507
668	1668	2668	-1	10.887063624991947
669	1669	2669	-1	10.431466753732652
670	1670	2670	-1	11.158772690133723
671	1671	2671	-1	9.773164184747268
672	1672	2672	-1	10.023838245088221
673	1673	2673	-1	9.774882222373565
674	1674	2674	-1	8.959978665520413
675	1675	2675	-1	11.116947673766106
676	1676	2676	-1	10.657890574239238
677	1677	2677	-1	8.508901059123994
678	1678	2678	-1	10.168912174428272
679	1679	2679	-1	10.359442916279269
680	1680	2680	-1	9.834547547898264
681	1681	2681	-1	10.917890713692465
682	1682	2682	-1	9.31090647778102
683	1683	2683	-1	8.14004430586053
684	1684	2684	-1	9.463712879182909
685	1685	2685	-1	8.638689492972647
686	1686	2686	-1	10.87675865976597
687	1687	2687	-1	10.173634169890832
688	1688	2688	-1	9.744045325090418
689	1689	2689	-1	9.275973730159716
690	1690	2690	-1	11.98406326375787
691	1691	2691	-1	9.210855909999113
692	1692	2692	-1	9.770182570759287
693	1693	2693	-1	8.54523021532221
694	1694	2694	-1	8.914671870558585
695	1695	2695	-1	8.830080722904233
696	1696	2696	-1	11.511158534289848
697	1697	2697	-1	10.344329475230825
698	1698	2698	-1	10.360007674300785
699	1699	2699	-1	10.038033014504787
700	1700	2700	-1	9.872741360821344
701	1701	2701	-1	9.925060293841971
702	1702	2702	-1	11.566372408760248
703	1703	2703	-1	8.996585454368313
704	1704	2704	-1	9.65031140721193
705	1705	2705	-1	10.979995669398239
706	1706	2706	-1	9.614274314045248
707	1707	2707	-1	10.121187958109944
708	1708	2708	-1	10.441246546339507
709	1709	2709	-1	8.837487816326433
710	1710	2710	-1	9.528028923336118
711	1711	2711	-1	9.472797899541009
712	1712	2712	-1	10.278616387651724
713	1713	2713	-1	10.261696206685096
714	1714	2714	-1	10.405734137296987
715	1715	2715	-1	9.861828615728948
716	1716	2716	-1	10.110336763989137
717	1717	2717	-1	8.140252760462657
718	1718	2718	-1	8.995123261407816
719	1719	2719	-1	10.011583281177208
720	1720	2720	-1	10.133907070438415
721	1721	2721	-1	11.027068360628222
722	1722	2722	-1	10.308905380423525
723	1723	2723	-1	9.344287712037664
724	1724	2724	-1	11.001104510370096
725	1725	2725	-1	10.571256509018323
726	1726	2726	-1	10.631970724389102
727	1727	2727	-1	11.422070481628424
728	1728	2728	-1	8.567548717479728
729	1729	2729	-1	9.053644051413476
730	1730	2730	-1	8.582350812588873
731	1731	2731	-1	8.837126385088386
732	1732	2732	-1	10.873565028708446
733	1733	2733	-1	9.883427076738883
734	1734	2734	-1	10.559280822607262
735	1735	2735	-1	9.26350481087132
736	1736	2736	-1	9.117082402280783
737	1737	2737	-1	9.199710581229937
738	1738	2738	-1	9.541072785038061
739	1739	2739	-1	10.328050162137686
740	1740	2740	-1	9.409044979675349
741	1741	2741	-1	11.475701615551085
742	1742	2742	-1	10.850064482793895
743	1743	2743	-1	9.730360696339188
744	1744	2744	-1	9.901532086492917
745	1745	2745	-1	11.411127306973919
746	1746	2746	-1	10.178623168816712
747	1747	2747	-1	10.527603385976358
748	1748	2748	-1	10.069693533460685
749	1749	2749	-1	9.524463678472754
750	1750	2750	-1	7.6251731742606355
751	1751	2751	-1	9.816588660476475
752	1752	2752	-1	8.845071946136178
753	1753	2753	-1	8.963447026386664
754	1754	2754	-1	10.419280180881467
755	1755	2755	-1	9.86013559839218
756	1756	2756	-1	11.065416794485857
757	1757	2757	-1	9.747662288684273
758	1758	2758	-1	10.947363693674134
759	1759	2759	-1	9.437994627999458
760	1760	2760	-1	9.30374705792325
761	1761	2761	-1	9.870820481245147
762	1762	2762	-1	10.683883255769128
763	1763	2763	-1	9.968478875482786
764	1764	2764	-1	12.012270135228452
765	1765	2765	-1	10.32815985436704
766	1766	2766	-1	10.862548133464243
767	1767	2767	-1	10.812037330147454
768	1768	2768	-1	8.643698615844645
769	1769	2769	-1	9.881058068430642
770	1770	2770	-1	11.24495131226938
771	1771	2771	-1	9.96495825752357
772	1772	2772	-1	8.540423822033556
773	1773	2773	-1	9.816829035034102
774	1774	2774	-1	10.626783218242192
775	1775	2775	-1	10.412064255616519
776	1776	2776	-1	9.006810125132196
777	1777	2777	-1	11.909871608508261
778	1778	2778	-1	9.587014589860484
779	1779	2779	-1	11.16051930769185
780	1780	2780	-1	10.42162115017877
781	1781	2781	-1	8.955924830845738
782	1782	2782	-1	11.282016902021146
783	1783	2783	-1	11.920721035121364
784	1784	2784	-1	9.712888416942537
785	1785	2785	-1	10.09540582745744
786	1786	2786	-1	7.952189303559077
787	1787	2787	-1	9.66589060658286
788	1788	2788	-1	8.861932011153433
789	1789	2789	-1	10.437487679735986
790	1790	2790	-1	9.534861492359727
791	1791	2791	-1	9.950776863695829
792	1792	2792	-1	10.04074344014679
793	1793	2793	-1	9.442509360998242
794	1794	2794	-1	10.525948371303166
795	1795	2795	-1	9.157848820557707
796	1796	2796	-1	8.826820354126534
797	1797	2797	-1	11.101076091255205
798	1798	2798	-1	9.876103732924346
799	1799	2799	-1	10.144751376263786
800	1800	2800	-1	9.90751498416646
801	1801	2801	-1	11.629419459329824
802	1802	2802	-1	11.33046459811339
803	1803	2803	-1	8.294419405124742
804	1804	2804	-1	10.03445909034595
805	1805	2805	-1	9.905624611301517
806	1806	2806	-1	8.680066783328053
807	1807	2807	-1	10.607422651139858
808	1808	2808	-1	9.689924467718768
809	1809	2809	-1	9.201809999674335
810	1810	2810	-1	11.00676901094267
811	1811	2811	-1	9.506861652922144
812	1812	2812	-1	9.10628021307784
813	1813	2813	-1	8.783934856240409
814	1814	2814	-1	9.82969569939713
815	1815	2815	-1	79.08106387802839
816	1816	2816	-1	80.93020651006434
817	1817	2817	-1	10.222990891927546
818	1818	2818	-1	11.15437324981309
819	1819	2819	-1	9.628541911457114
820	1820	2820	-1	10.053623153381771
821	1821	2821	-1	9.94673158832262
822	1822	2822	-1	12.81445046442467
823	1823	2823	-1	7.733512048154832
824	1824	2824	-1	10.854460960301436
825	1825	2825	-1	10.453931497030723
826	1826	2826	-1	10.596956359196321
827	1827	2827	-1	9.471222972402739
828	1828	2828	-1	10.072591158838016
829	1829	2829	-1	9.944979918527617
830	1830	2830	-1	11.68745450216251
831	1831	2831	-1	9.632530844675081
832	1832	2832	-1	10.872909930020057
833	1833	2833	-1	9.37250569611903
834	1834	2834	-1	9.780102319469396
835	1835	2835	-1	6.997483213952261
836	1836	2836	-1	9.149995032475653
837	1837	2837	-1	10.715836545002105
838	1838	2838	-1	10.468851827238266
839	1839	2839	-1	10.229570140134763
840	1840	2840	-1	9.74985506346844
841	1841	2841	-1	11.535678299666593
842	1842	2842	-1	9.327008667385657
843	1843	2843	-1	9.094607357560253
844	1844	2844	-1	9.519594689626576
845	1845	2845	-1	10.140121802675202
846	1846	2846	-1	10.337147534448452
847	1847	2847	-1	8.682505845736632
848	1848	2848	-1	9.808048742259734
849	1849	2849	-1	10.422563606991096
850	1850	2850	-1	9.912752080925708
851	1851	2851	-1	11.823605120064876
852	1852	2852	-1	9.871990370743395
853	1853	2853	-1	11.135253775275222
854	1854	2854	-1	10.462893164380448
855	1855	2855	-1	11.353612815930703
856	1856	2856	-1	11.633628969592024
857	1857	2857	-1	10.349567916369985
858	1858	2858	-1	11.661759335391302
859	1859	2859	-1	11.403137843978989
860	1860	2860	-1	11.204519559100328
861	1861	2861	-1	8.879005848864606
862	1862	2862	-1	8.457247140194065
863	1863	2863	-1	8.232737635184478
864	1864	2864	-1	10.340554098271436
865	1865	2865	-1	8.253488974401417
866	1866	2866	-1	10.226730378139047
867	1867	2867	-1	10.741083902634962
868	1868	2868	-1	9.985646900890254
869	1869	2869	-1	11.189934276445161
870	1870	2870	-1	11.625470616644112
871	1871	2871	-1	9.227625579240819
872	1872	2872	-1	9.954777480383191
873	1873	2873	-1	12.725768849013498
874	1874	2874	-1	8.066706123418182
875	1875	2875	-1	11.393855151957535
876	1876	2876	-1	11.036679551926706
877	1877	2877	-1	10.549119988554224
878	1878	2878	-1	9.797546121430372
879	1879	2879	-1	9.676485755985963
880	1880	2880	-1	7.503288216713745
881	1881	2881	-1	10.125473836436823
882	1882	2882	-1	12.26791801289411
883	1883	2883	-1	9.796441677062601
884	1884	2884	-1	9.435773102506086
885	1885	2885	-1	11.472443244303205
886	1886	2886	-1	8.887943623131743
887	1887	2887	-1	9.57031091492955
888	1888	2888	-1	9.101957710824136
889	1889	2889	-1	11.818069104503607
890	1890	2890	-1	9.87363911198194
891	1891	2891	-1	8.035705268325682
892	1892	2892	-1	11.274898290862506
893	1893	2893	-1	8.851866049649866
894	1894	2894	-1	10.344557645962588
895	1895	2895	-1	9.720536204431205
896	1896	2896	-1	8.053956986114727
897	1897	2897	-1	10.889666735831762
898	1898	2898	-1	10.410606402244188
899	1899	2899	-1	10.431971442926947
900	1900	2900	-1	10.050596693804433
901	1901	2901	-1	8.395264978717972
902	1902	2902	-1	10.540539491512188
903	1903	2903	-1	9.661938606652987
904	1904	2904	-1	12.06674148354945
905	1905	2905	-1	9.210997113131553
906	1906	2906	-1	9.885925267137655
907	1907	2907	-1	9.139141286479003
908	1908	2908	-1	9.38625339376568
909	1909	2909	-1	10.160764914169235
910	1910	2910	-1	80.26478287660836
911	1911	2911	-1	9.736459821440349
912	1912	2912	-1	11.02337880768915
913	1913	2913	-1	10.130952572816813
914	1914	2914	-1	9.511033647666563
915	1915	2915	-1	9.703562335813665
916	1916	2916	-1	81.08567750022748
917	1917	2917	-1	9.070940510973603
918	1918	2918	-1	10.337282922295456
919	1919	2919	-1	9.951215369240465
920	1920	2920	-1	9.305081443724436
921	1921	2921	-1	9.13522352167893
922	1922	2922	-1	9.414773300731097
923	1923	2923	-1	11.781064334949308
924	1924	2924	-1	9.776495223750238
925	1925	2925	-1	10.64962160412573
926	1926	2926	-1	8.966104616760264
927	1927	2927	-1	9.086203940850476
928	1928	2928	-1	10.066632455538587
929	1929	2929	-1	9.532499264282041
930	1930	2930	-1	11.00763141953746
931	1931	2931	-1	9.373179965066564
932	1932	2932	-1	9.530575813370062
933	1933	2933	-1	10.799275509069043
934	1934	2934	-1	8.122271838006844
935	1935	2935	-1	9.677857336749403
936	1936	2936	-1	8.968990728471885
937	1937	2937	-1	10.97801258634956
938	1938	2938	-1	9.506686868857962
939	1939	2939	-1	9.669547656477773
940	1940	2940	-1	10.48780373595875
941	1941	2941	-1	11.485052277498982
942	1942	2942	-1	9.854845006005167
943	1943	2943	-1	9.02319086170384
944	1944	2944	-1	9.478684475822574
945	1945	2945	-1	9.25222821082515
946	1946	2946	-1	9.542456981941356
947	1947	2947	-1	11.692290391742846
948	1948	2948	-1	8.818092619467174
949	1949	2949	-1	8.383751968329653
950	1950	2950	-1	9.538963632782982
951	1951	2951	-1	11.025644271729329
952	1952	2952	-1	11.018506505675148
953	1953	2953	-1	9.542877682795291
954	1954	2954	-1	10.865625288796426
955	1955	2955	-1	8.404699874562429
956	1956	2956	-1	10.268053587430671
957	1957	2957	-1	8.688871027584783
958	1958	2958	-1	10.364427977579451
959	1959	2959	-1	11.174458663726899
960	1960	2960	-1	9.680929927840424
961	1961	2961	-1	10.823265761754518
962	1962	2962	-1	11.3471074782278
963	1963	2963	-1	9.132348858210952
964	1964	2964	-1	9.238307267074786
965	1965	2965	-1	11.402991678855328
966	1966	2966	-1	10.108569126633398
967	1967	2967	-1	10.005610594976314
968	1968	2968	-1	10.119918666648324
969	1969	2969	-1	10.718940614015183
970	1970	2970	-1	8.678445202374455
971	1971	2971	-1	10.991489593152865
972	1972	2972	-1	12.699204233822597
973	1973	2973	-1	10.095824719833804
974	1974	2974	-1	9.77272829637922
975	1975	2975	-1	9.528619048047833
976	1976	2976	-1	11.019732783768244
977	1977	2977	-1	7.482781662258242
978	1978	2978	-1	10.793656077108015
979	1979	2979	-1	10.974383974094183
980	1980	2980	-1	10.723663811354427
981	1981	2981	-1	10.960275858397216
982	1982	2982	-1	10.363100844680432
983	1983	2983	-1	9.060170562120724
984	1984	2984	-1	10.02840748357648
985	1985	2985	-1	10.813113572036276
986	1986	2986	-1	9.589746077343545
987	1987	2987	-1	10.163125052111535
988	1988	2988	-1	8.513020899367312
989	1989	2989	-1	8.7137725677743
990	1990	2990	-1	9.68462651464395
991	1991	2991	-1	11.864081929232668
992	1992	2992	-1	10.846333181982622
993	1993	2993	-1	9.31790814714208
994	1994	2994	-1	7.957981109064706
995	1995	2995	-1	9.09527829119395
996	1996	2996	-1	8.39371690493328
997	1997	2997	-1	9.421159600243097
998	1998	2998	-1	10.165971499240698
999	1999	2999	-1	8.796860476734203
