ind_ID	father_ID	mother_ID	Sex	Phenotype
0	1000	2000	-1	9.814882048974138
1	1001	2001	-1	11.545883569693537
2	1002	2002	-1	11.4884330503022
3	1003	2003	-1	9.233991923125878
4	1004	2004	-1	10.553623286918814
5	1005	2005	-1	9.641389927711128
6	1006	2006	-1	9.944932926134053
7	1007	2007	-1	11.400241936324889
8	1008	2008	-1	10.385208019280505
9	1009	2009	-1	9.370533812636332
10	1010	2010	-1	9.60166933565154
11	1011	2011	-1	9.806970123061095
12	1012	2012	-1	79.26158372844908
13	1013	2013	-1	9.610489584440522
14	1014	2014	-1	8.925159654396351
15	1015	2015	-1	8.98860476875586
16	1016	2016	-1	9.09558148688771
17	1017	2017	-1	10.135857379449368
18	1018	2018	-1	9.880831718195752
19	1019	2019	-1	9.27946405122352
20	1020	2020	-1	8.630991115082377
21	1021	2021	-1	10.424478659530276
22	1022	2022	-1	8.270557564769609
23	1023	2023	-1	9.152553709039235
24	1024	2024	-1	8.244958584358077
25	1025	2025	-1	8.448374549705614
26	1026	2026	-1	8.738801109756766
27	1027	2027	-1	9.568599075033287
28	1028	2028	-1	10.209361726332887
29	1029	2029	-1	9.583776758616475
30	1030	2030	-1	10.187454836370284
31	1031	2031	-1	10.110849159400317
32	1032	2032	-1	9.696894743706585
33	1033	2033	-1	11.34937871072747
34	1034	2034	-1	10.065917776411867
35	1035	2035	-1	80.29588308320166
36	1036	2036	-1	10.811026942809
37	1037	2037	-1	10.875687727118056
38	1038	2038	-1	9.522704335651653
39	1039	2039	-1	9.704563785324325
40	1040	2040	-1	10.794404164950967
41	1041	2041	-1	11.965977395254168
42	1042	2042	-1	9.604916216739795
43	1043	2043	-1	80.40469583929534
44	1044	2044	-1	8.490524637628937
45	1045	2045	-1	9.771542061812225
46	1046	2046	-1	10.230819729036597
47	1047	2047	-1	10.766619369409973
48	1048	2048	-1	10.057314477170236
49	1049	2049	-1	10.732958006760123
50	1050	2050	-1	11.28979687959827
51	1051	2051	-1	10.792895388123814
52	1052	2052	-1	10.315342286537502
53	1053	2053	-1	10.445397510271434
54	1054	2054	-1	11.668013944973792
55	1055	2055	-1	10.202333806281118
56	1056	2056	-1	11.108551478647858
57	1057	2057	-1	9.68163475890731
58	1058	2058	-1	9.022885468603494
59	1059	2059	-1	8.719805682987367
60	1060	2060	-1	9.139136107905893
61	1061	2061	-1	10.327914666828232
62	1062	2062	-1	10.15191893684307
63	1063	2063	-1	9.037750219383081
64	1064	2064	-1	9.761826467645719
65	1065	2065	-1	11.601791734970508
66	1066	2066	-1	10.193243054032626
67	1067	2067	-1	10.42887898861541
68	1068	2068	-1	9.72659987454524
69	1069	2069	-1	9.115647738155934
70	1070	2070	-1	10.607523401540348
71	1071	2071	-1	8.766124210379537
72	1072	2072	-1	9.557030845674669
73	1073	2073	-1	10.102400810881948
74	1074	2074	-1	9.095618848573702
75	1075	2075	-1	10.465095645243242
76	1076	2076	-1	8.664623614145551
77	1077	2077	-1	9.931007497056362
78	1078	2078	-1	9.41413516838599
79	1079	2079	-1	10.931706282847996
80	1080	2080	-1	10.107815244316464
81	1081	2081	-1	8.860203953863895
82	1082	2082	-1	9.082248427486546
83	1083	2083	-1	8.51567554300607
84	1084	2084	-1	10.689982141096458
85	1085	2085	-1	6.46262172542921
86	1086	2086	-1	10.008409446597872
87	1087	2087	-1	10.169171227858953
88	1088	2088	-1	8.569342980280513
89	1089	2089	-1	10.78780628580188
90	1090	2090	-1	8.980188825291801
91	1091	2091	-1	10.77849106336293
92	1092	2092	-1	11.46460939296416
93	1093	2093	-1	8.626023379490404
94	1094	2094	-1	9.543188238567566
95	1095	2095	-1	11.469442844083382
96	1096	2096	-1	8.8768488611212
97	1097	2097	-1	9.212624878344261
98	1098	2098	-1	10.060289438196651
99	1099	2099	-1	10.068004685757504
100	1100	2100	-1	8.246812745948716
101	1101	2101	-1	10.09061172312223
102	1102	2102	-1	9.721646668435621
103	1103	2103	-1	8.069289674690026
104	1104	2104	-1	10.837975387512623
105	1105	2105	-1	10.403064307282365
106	1106	2106	-1	9.259123364679112
107	1107	2107	-1	11.117830338047295
108	1108	2108	-1	9.981011475982305
109	1109	2109	-1	10.690598733601925
110	1110	2110	-1	10.414037246622957
111	1111	2111	-1	9.433154721609839
112	1112	2112	-1	8.145914707293363
113	1113	2113	-1	9.489297441801805
114	1114	2114	-1	8.182085785539849
115	1115	2115	-1	10.538147148433172
116	1116	2116	-1	11.609453147156286
117	1117	2117	-1	10.71232721782444
118	1118	2118	-1	10.550361563271437
119	1119	2119	-1	9.7940441884053
120	1120	2120	-1	9.559104443063841
121	1121	2121	-1	10.425695152133933
122	1122	2122	-1	10.03690035641222
123	1123	2123	-1	9.470779049514418
124	1124	2124	-1	8.446270310848384
125	1125	2125	-1	10.994262119879325
126	1126	2126	-1	10.806994217878175
127	1127	2127	-1	8.9326736007687
128	1128	2128	-1	10.256888484117031
129	1129	2129	-1	9.933037740832116
130	1130	2130	-1	8.995300730144915
131	1131	2131	-1	9.010820565309617
132	1132	2132	-1	10.937852139829282
133	1133	2133	-1	9.526145354796027
134	1134	2134	-1	10.053381913391048
135	1135	2135	-1	9.014491533668803
136	1136	2136	-1	10.809405254454793
137	1137	2137	-1	8.508896220650309
138	1138	2138	-1	10.478201195567674
139	1139	2139	-1	8.831930897148474
140	1140	2140	-1	8.593436318508749
141	1141	2141	-1	9.15657880678879
142	1142	2142	-1	8.830377002696626
143	1143	2143	-1	10.31685877379196
144	1144	2144	-1	9.218173664962737
145	1145	2145	-1	10.175515252254623
146	1146	2146	-1	9.940486674805419
147	1147	2147	-1	9.54576031457794
148	1148	2148	-1	10.972356025587342
149	1149	2149	-1	10.141013896254773
150	1150	2150	-1	9.78259114546867
151	1151	2151	-1	9.805453963708871
152	1152	2152	-1	9.21681710079762
153	1153	2153	-1	9.598023428709416
154	1154	2154	-1	10.543354343333235
155	1155	2155	-1	9.43824425088344
156	1156	2156	-1	10.474489488618595
157	1157	2157	-1	10.02720882587453
158	1158	2158	-1	12.005907551118934
159	1159	2159	-1	10.858045429158016
160	1160	2160	-1	11.406298459243667
161	1161	2161	-1	9.303483552845455
162	1162	2162	-1	9.8842174369836
163	1163	2163	-1	9.107318862185846
164	1164	2164	-1	9.734291239450888
165	1165	2165	-1	11.312788339874649
166	1166	2166	-1	10.17890395661741
167	1167	2167	-1	9.677819553923449
168	1168	2168	-1	11.498280683274963
169	1169	2169	-1	9.647799585714894
170	1170	2170	-1	10.179797839890826
171	1171	2171	-1	9.842419409291464
172	1172	2172	-1	9.730020190004591
173	1173	2173	-1	9.135395690347778
174	1174	2174	-1	6.928439310703322
175	1175	2175	-1	9.428460143727166
176	1176	2176	-1	9.180803635618423
177	1177	2177	-1	9.73862958191468
178	1178	2178	-1	10.308221908246662
179	1179	2179	-1	9.866899152485399
180	1180	2180	-1	9.533250863425245
181	1181	2181	-1	8.829687686459696
182	1182	2182	-1	10.900633331404348
183	1183	2183	-1	10.582640932992737
184	1184	2184	-1	11.180334434725275
185	1185	2185	-1	10.697823633209051
186	1186	2186	-1	10.022908990321607
187	1187	2187	-1	10.291157980361419
188	1188	2188	-1	8.603228302261558
189	1189	2189	-1	8.940828301465272
190	1190	2190	-1	9.729061691672722
191	1191	2191	-1	9.411602845132123
192	1192	2192	-1	10.27433727370308
193	1193	2193	-1	9.053991655337011
194	1194	2194	-1	9.816672313495564
195	1195	2195	-1	8.809258901736792
196	1196	2196	-1	11.417984545575385
197	1197	2197	-1	10.11325369280432
198	1198	2198	-1	9.490459679809936
199	1199	2199	-1	10.277641920665362
200	1200	2200	-1	9.864792239992747
201	1201	2201	-1	10.460856513469999
202	1202	2202	-1	9.695706329311317
203	1203	2203	-1	12.232559624049886
204	1204	2204	-1	9.93330059054239
205	1205	2205	-1	10.732591600328652
206	1206	2206	-1	11.184332135148459
207	1207	2207	-1	10.139410991858497
208	1208	2208	-1	8.665347275376522
209	1209	2209	-1	11.752531137066356
210	1210	2210	-1	10.00583138260377
211	1211	2211	-1	9.905412686502098
212	1212	2212	-1	9.792655754409823
213	1213	2213	-1	9.89515923047579
214	1214	2214	-1	10.770864435618757
215	1215	2215	-1	7.449799069924279
216	1216	2216	-1	9.656225089017108
217	1217	2217	-1	11.297438697677538
218	1218	2218	-1	10.28065424336722
219	1219	2219	-1	9.033127045632343
220	1220	2220	-1	10.40473681806798
221	1221	2221	-1	11.9846332504153
222	1222	2222	-1	11.403100288751933
223	1223	2223	-1	10.087312147044576
224	1224	2224	-1	80.26472703106592
225	1225	2225	-1	10.765864570568363
226	1226	2226	-1	12.303684687513977
227	1227	2227	-1	10.60425100072432
228	1228	2228	-1	10.977697824260307
229	1229	2229	-1	8.737055292840946
230	1230	2230	-1	9.985018008525437
231	1231	2231	-1	10.259722033273567
232	1232	2232	-1	9.7042593904032
233	1233	2233	-1	10.520146234104603
234	1234	2234	-1	10.61096340344048
235	1235	2235	-1	8.217426675314845
236	1236	2236	-1	80.80480236025765
237	1237	2237	-1	9.657580051846676
238	1238	2238	-1	9.968939162888244
239	1239	2239	-1	11.010461057132954
240	1240	2240	-1	9.849326870059793
241	1241	2241	-1	11.40439407863466
242	1242	2242	-1	9.363643436312136
243	1243	2243	-1	9.750315591943512
244	1244	2244	-1	10.196307285357559
245	1245	2245	-1	10.536797576508887
246	1246	2246	-1	11.032149293707475
247	1247	2247	-1	9.47248087525793
248	1248	2248	-1	10.290906602523291
249	1249	2249	-1	9.627461246780483
250	1250	2250	-1	9.465502563098378
251	1251	2251	-1	10.5491217803295
252	1252	2252	-1	10.859968684149688
253	1253	2253	-1	10.98081831916366
254	1254	2254	-1	9.903468705905512
255	1255	2255	-1	10.153388876461209
256	1256	2256	-1	10.629606883527442
257	1257	2257	-1	11.179313309301651
258	1258	2258	-1	9.891575391904482
259	1259	2259	-1	9.729197484675701
260	1260	2260	-1	10.773853379914918
261	1261	2261	-1	10.896341621548581
262	1262	2262	-1	8.303419964095346
263	1263	2263	-1	9.627966489482434
264	1264	2264	-1	9.794437543634752
265	1265	2265	-1	10.29853390346547
266	1266	2266	-1	10.257428479335163
267	1267	2267	-1	10.734958109317832
268	1268	2268	-1	10.840468264470733
269	1269	2269	-1	10.952791845819075
270	1270	2270	-1	11.11361081725922
271	1271	2271	-1	9.350707012262129
272	1272	2272	-1	10.655082822030872
273	1273	2273	-1	12.201637568325411
274	1274	2274	-1	10.376606545892953
275	1275	2275	-1	9.37199327768149
276	1276	2276	-1	10.46679587363391
277	1277	2277	-1	10.878937818642843
278	1278	2278	-1	11.09038514698269
279	1279	2279	-1	10.561210637409816
280	1280	2280	-1	10.281822749048585
281	1281	2281	-1	9.306425077768315
282	1282	2282	-1	10.810404968252808
283	1283	2283	-1	10.248228031362014
284	1284	2284	-1	10.381254093145643
285	1285	2285	-1	9.395068127275936
286	1286	2286	-1	10.297466492586981
287	1287	2287	-1	9.85275709362006
288	1288	2288	-1	9.684638377390346
289	1289	2289	-1	10.450864362447767
290	1290	2290	-1	81.38253141453538
291	1291	2291	-1	10.227550659577833
292	1292	2292	-1	11.055632270234932
293	1293	2293	-1	10.420889329498806
294	1294	2294	-1	9.634970822458628
295	1295	2295	-1	10.165328396788544
296	1296	2296	-1	10.215319218867355
297	1297	2297	-1	10.011651237895078
298	1298	2298	-1	9.271708745146775
299	1299	2299	-1	10.386340162248677
300	1300	2300	-1	10.224708676960647
301	1301	2301	-1	10.00921381022945
302	1302	2302	-1	10.827119696924994
303	1303	2303	-1	9.246067148335333
304	1304	2304	-1	10.979254385993963
305	1305	2305	-1	10.93946438416849
306	1306	2306	-1	10.005541493153638
307	1307	2307	-1	8.852657810371998
308	1308	2308	-1	10.372315648016516
309	1309	2309	-1	8.280411651367556
310	1310	2310	-1	10.465997562660181
311	1311	2311	-1	10.752108608936355
312	1312	2312	-1	9.733664257269185
313	1313	2313	-1	9.020930887424159
314	1314	2314	-1	10.960853994499763
315	1315	2315	-1	10.057545103250899
316	1316	2316	-1	10.925966185913918
317	1317	2317	-1	8.252654341433368
318	1318	2318	-1	10.929044601160363
319	1319	2319	-1	10.213684266216141
320	1320	2320	-1	8.434446631354206
321	1321	2321	-1	8.773858892196246
322	1322	2322	-1	12.19213246271719
323	1323	2323	-1	10.31995460208901
324	1324	2324	-1	9.762705422745526
325	1325	2325	-1	9.706427547372426
326	1326	2326	-1	11.306236405484968
327	1327	2327	-1	10.510415585630286
328	1328	2328	-1	8.896499718700067
329	1329	2329	-1	9.15378580187899
330	1330	2330	-1	11.367998501262756
331	1331	2331	-1	80.37653304471546
332	1332	2332	-1	9.355372469326426
333	1333	2333	-1	9.240689138112494
334	1334	2334	-1	10.225752499116407
335	1335	2335	-1	10.655588311982921
336	1336	2336	-1	9.414576722861394
337	1337	2337	-1	9.118685621572327
338	1338	2338	-1	9.786867608894381
339	1339	2339	-1	10.850915270246361
340	1340	2340	-1	10.269338680925992
341	1341	2341	-1	10.083685146782628
342	1342	2342	-1	8.788754406381141
343	1343	2343	-1	9.531929423336376
344	1344	2344	-1	10.629465723199585
345	1345	2345	-1	8.954839119526039
346	1346	2346	-1	10.768655662549257
347	1347	2347	-1	7.892529888684824
348	1348	2348	-1	11.378848330825097
349	1349	2349	-1	10.322059357675105
350	1350	2350	-1	11.24487409175899
351	1351	2351	-1	9.247350614383073
352	1352	2352	-1	80.70124221936298
353	1353	2353	-1	10.496243184164374
354	1354	2354	-1	11.749611415775979
355	1355	2355	-1	9.457383025878167
356	1356	2356	-1	79.96619580260251
357	1357	2357	-1	10.706569439973357
358	1358	2358	-1	8.623556738366949
359	1359	2359	-1	9.274359659665405
360	1360	2360	-1	10.727151161315325
361	1361	2361	-1	10.545337753146585
362	1362	2362	-1	9.580609386538354
363	1363	2363	-1	9.605302149917934
364	1364	2364	-1	6.620043853450403
365	1365	2365	-1	81.21455562372665
366	1366	2366	-1	8.581756019575598
367	1367	2367	-1	8.81017475931283
368	1368	2368	-1	10.017314497459836
369	1369	2369	-1	9.850784185803333
370	1370	2370	-1	8.930035880768095
371	1371	2371	-1	10.344443870052933
372	1372	2372	-1	9.113433127448552
373	1373	2373	-1	8.867920313946154
374	1374	2374	-1	9.922427681373016
375	1375	2375	-1	11.65120452935334
376	1376	2376	-1	9.140916499816525
377	1377	2377	-1	10.423909065198929
378	1378	2378	-1	9.69212123222104
379	1379	2379	-1	11.787497323855773
380	1380	2380	-1	10.819910071671018
381	1381	2381	-1	11.687029726557522
382	1382	2382	-1	10.736938635398904
383	1383	2383	-1	9.764488830139712
384	1384	2384	-1	11.982632662664152
385	1385	2385	-1	81.30007050042173
386	1386	2386	-1	10.787830680211428
387	1387	2387	-1	10.599021401545162
388	1388	2388	-1	10.046860410145815
389	1389	2389	-1	79.98536798857191
390	1390	2390	-1	9.998380610393875
391	1391	2391	-1	9.400535092470463
392	1392	2392	-1	10.399621887722775
393	1393	2393	-1	8.009639071872034
394	1394	2394	-1	8.99028772929223
395	1395	2395	-1	9.193368489253789
396	1396	2396	-1	9.836016554821768
397	1397	2397	-1	10.330305474092262
398	1398	2398	-1	10.985424560761682
399	1399	2399	-1	9.784160310653098
400	1400	2400	-1	10.017623563976967
401	1401	2401	-1	10.40942460525398
402	1402	2402	-1	12.347065893714365
403	1403	2403	-1	10.162335068008666
404	1404	2404	-1	10.967914003644221
405	1405	2405	-1	11.443488714249954
406	1406	2406	-1	9.968248196355937
407	1407	2407	-1	12.104326530465343
408	1408	2408	-1	10.065742644441496
409	1409	2409	-1	9.482133587363839
410	1410	2410	-1	8.250015375173396
411	1411	2411	-1	10.401576706274259
412	1412	2412	-1	11.027470485639105
413	1413	2413	-1	10.015823755649839
414	1414	2414	-1	10.842933177397486
415	1415	2415	-1	11.486257443848526
416	1416	2416	-1	10.919273003193528
417	1417	2417	-1	9.13797312798148
418	1418	2418	-1	9.828109902391377
419	1419	2419	-1	10.092007485906317
420	1420	2420	-1	8.981820729068449
421	1421	2421	-1	10.096969711792928
422	1422	2422	-1	8.79144106472606
423	1423	2423	-1	9.138005221788324
424	1424	2424	-1	8.891581989245964
425	1425	2425	-1	9.476733715481586
426	1426	2426	-1	9.742522200499742
427	1427	2427	-1	10.568482409724085
428	1428	2428	-1	9.688429767633686
429	1429	2429	-1	10.15979283895142
430	1430	2430	-1	8.962754253094557
431	1431	2431	-1	9.293941651340896
432	1432	2432	-1	9.938236302690093
433	1433	2433	-1	10.293767753249924
434	1434	2434	-1	8.246796647804029
435	1435	2435	-1	11.20918693542613
436	1436	2436	-1	8.021972109387052
437	1437	2437	-1	10.776556386807128
438	1438	2438	-1	8.991219009452863
439	1439	2439	-1	11.602260784717403
440	1440	2440	-1	11.836415739051345
441	1441	2441	-1	9.852101608350932
442	1442	2442	-1	8.288799550903743
443	1443	2443	-1	10.609144766867804
444	1444	2444	-1	11.560440812069357
445	1445	2445	-1	9.747156635738646
446	1446	2446	-1	10.130516297469239
447	1447	2447	-1	9.671702501622137
448	1448	2448	-1	8.951604927740203
449	1449	2449	-1	9.69681033579569
450	1450	2450	-1	10.102549549283898
451	1451	2451	-1	11.329066651267503
452	1452	2452	-1	9.733799697011785
453	1453	2453	-1	8.870713161885543
454	1454	2454	-1	11.400085759004739
455	1455	2455	-1	10.925768843611882
456	1456	2456	-1	9.395266370971662
457	1457	2457	-1	10.069847908152331
458	1458	2458	-1	9.367171805091342
459	1459	2459	-1	10.84623577417428
460	1460	2460	-1	10.065555851812748
461	1461	2461	-1	12.548517662746107
462	1462	2462	-1	9.213129243882207
463	1463	2463	-1	81.07696871976478
464	1464	2464	-1	8.711274485159457
465	1465	2465	-1	9.471762392724713
466	1466	2466	-1	10.192405685621521
467	1467	2467	-1	11.70471281224391
468	1468	2468	-1	9.322269708227243
469	1469	2469	-1	10.029076003160679
470	1470	2470	-1	10.330094859664994
471	1471	2471	-1	9.042230137426111
472	1472	2472	-1	10.564559851783862
473	1473	2473	-1	11.131615098413846
474	1474	2474	-1	9.99188544644837
475	1475	2475	-1	9.304872782573742
476	1476	2476	-1	10.257129005179122
477	1477	2477	-1	8.379906427895394
478	1478	2478	-1	9.90477810048042
479	1479	2479	-1	11.320241975404894
480	1480	2480	-1	10.986340378441094
481	1481	2481	-1	8.749266164495666
482	1482	2482	-1	9.789196780910695
483	1483	2483	-1	10.645425723731847
484	1484	2484	-1	10.179657977983585
485	1485	2485	-1	11.089610515955933
486	1486	2486	-1	11.183327106728363
487	1487	2487	-1	10.132213779020288
488	1488	2488	-1	10.17467048713092
489	1489	2489	-1	10.67262874278438
490	1490	2490	-1	8.42049074585706
491	1491	2491	-1	11.093581052106998
492	1492	2492	-1	9.475623018158347
493	1493	2493	-1	10.385052790312637
494	1494	2494	-1	10.894213447904743
495	1495	2495	-1	11.021779417656518
496	1496	2496	-1	9.035539504885033
497	1497	2497	-1	11.265351644715832
498	1498	2498	-1	9.961974543229392
499	1499	2499	-1	9.594168125381994
500	1500	2500	-1	10.272668002049858
501	1501	2501	-1	9.886247091951006
502	1502	2502	-1	9.650244681256481
503	1503	2503	-1	9.695373516643613
504	1504	2504	-1	9.843587822640027
505	1505	2505	-1	10.46951478284113
506	1506	2506	-1	10.819114061715736
507	1507	2507	-1	9.895211518447002
508	1508	2508	-1	10.45319797800281
509	1509	2509	-1	10.06793289318012
510	1510	2510	-1	11.475693574974486
511	1511	2511	-1	10.570579142213127
512	1512	2512	-1	9.694324228090615
513	1513	2513	-1	10.963231903555831
514	1514	2514	-1	9.846455087108913
515	1515	2515	-1	11.172080713784872
516	1516	2516	-1	10.728103539923385
517	1517	2517	-1	9.690699360054662
518	1518	2518	-1	10.540876153109364
519	1519	2519	-1	80.03690244583899
520	1520	2520	-1	11.905843235613975
521	1521	2521	-1	11.075500495914127
522	1522	2522	-1	8.601692031023468
523	1523	2523	-1	9.396711790255859
524	1524	2524	-1	10.06903373383571
525	1525	2525	-1	10.604563399728589
526	1526	2526	-1	9.950796578534923
527	1527	2527	-1	11.104869391382588
528	1528	2528	-1	10.533881484368967
529	1529	2529	-1	10.086155881737415
530	1530	2530	-1	9.8913619524073
531	1531	2531	-1	11.080507725193803
532	1532	2532	-1	9.973885415843837
533	1533	2533	-1	10.930492735193074
534	1534	2534	-1	10.764749642220005
535	1535	2535	-1	10.602778728590767
536	1536	2536	-1	9.802887589385243
537	1537	2537	-1	11.662042200262537
538	1538	2538	-1	9.24363756345799
539	1539	2539	-1	11.950349067630793
540	1540	2540	-1	10.389389724740932
541	1541	2541	-1	8.78291111662992
542	1542	2542	-1	9.423829528329883
543	1543	2543	-1	8.458963487735678
544	1544	2544	-1	9.886365900535964
545	1545	2545	-1	11.06583030653247
546	1546	2546	-1	11.035502522284787
547	1547	2547	-1	11.478151389897786
548	1548	2548	-1	9.43662265823411
549	1549	2549	-1	9.501777692038736
550	1550	2550	-1	11.61518788189551
551	1551	2551	-1	9.381783514689454
552	1552	2552	-1	10.417264325638328
553	1553	2553	-1	6.252887817020355
554	1554	2554	-1	9.30060545197901
555	1555	2555	-1	9.436442488847883
556	1556	2556	-1	9.061948630760188
557	1557	2557	-1	10.349182460937111
558	1558	2558	-1	10.412622867129231
559	1559	2559	-1	7.026562380641335
560	1560	2560	-1	10.894645910257653
561	1561	2561	-1	9.35875191614759
562	1562	2562	-1	12.148062683821475
563	1563	2563	-1	9.48836058075248
564	1564	2564	-1	11.817258463027606
565	1565	2565	-1	9.895827101883599
566	1566	2566	-1	11.30513569856245
567	1567	2567	-1	12.380111274429234
568	1568	2568	-1	8.86669769442427
569	1569	2569	-1	7.974296490483162
570	1570	2570	-1	10.124327674022389
571	1571	2571	-1	9.48390039884835
572	1572	2572	-1	10.274387181230786
573	1573	2573	-1	9.140263112176239
574	1574	2574	-1	9.084497241941365
575	1575	2575	-1	7.985726332138669
576	1576	2576	-1	9.13564011332538
577	1577	2577	-1	10.85487923507037
578	1578	2578	-1	7.968466574457925
579	1579	2579	-1	9.25025520927393
580	1580	2580	-1	8.299235046937854
581	1581	2581	-1	8.996788830291012
582	1582	2582	-1	10.096207859133445
583	1583	2583	-1	8.708377842738043
584	1584	2584	-1	10.87146388127846
585	1585	2585	-1	10.031462166894906
586	1586	2586	-1	10.174019150579003
587	1587	2587	-1	11.14189050488112
588	1588	2588	-1	10.022392049983706
589	1589	2589	-1	10.206002961375132
590	1590	2590	-1	10.231019155958403
591	1591	2591	-1	9.421531390152012
592	1592	2592	-1	9.39697177444774
593	1593	2593	-1	11.262250046276787
594	1594	2594	-1	8.95142800199436
595	1595	2595	-1	10.356036657229577
596	1596	2596	-1	11.554588357846246
597	1597	2597	-1	10.568855119689715
598	1598	2598	-1	11.207244772201364
599	1599	2599	-1	11.115721308355688
600	1600	2600	-1	12.421465560479986
601	1601	2601	-1	9.896096684566562
602	1602	2602	-1	8.450604244498068
603	1603	2603	-1	9.978556763430081
604	1604	2604	-1	9.928816238654116
605	1605	2605	-1	8.330891689028649
606	1606	2606	-1	9.975406333028364
607	1607	2607	-1	11.033782795402626
608	1608	2608	-1	10.445437102756262
609	1609	2609	-1	10.28947712715331
610	1610	2610	-1	9.437288627121479
611	1611	2611	-1	10.178464812462694
612	1612	2612	-1	10.838079070483598
613	1613	2613	-1	10.22448388132591
614	1614	2614	-1	10.756400463555734
615	1615	2615	-1	11.300100532611532
616	1616	2616	-1	8.22964252716825
617	1617	2617	-1	10.315766199858281
618	1618	2618	-1	10.391727085575878
619	1619	2619	-1	9.75334250989228
620	1620	2620	-1	10.9321056708871
621	1621	2621	-1	11.14123280646547
622	1622	2622	-1	12.83094493685729
623	1623	2623	-1	8.14288462790329
624	1624	2624	-1	10.410815571595167
625	1625	2625	-1	8.856609689120466
626	1626	2626	-1	11.641835834375394
627	1627	2627	-1	11.289591400225788
628	1628	2628	-1	10.412291963374436
629	1629	2629	-1	11.057069118312755
630	1630	2630	-1	9.170700895831459
631	1631	2631	-1	9.797575121613608
632	1632	2632	-1	9.23937474953964
633	1633	2633	-1	10.361180275685742
634	1634	2634	-1	9.473773492831151
635	1635	2635	-1	10.483896810660754
636	1636	2636	-1	9.381775307699614
637	1637	2637	-1	9.253169145457946
638	1638	2638	-1	9.514591903941719
639	1639	2639	-1	10.140192571749372
640	1640	2640	-1	10.467218351482853
641	1641	2641	-1	8.863199051195569
642	1642	2642	-1	9.718886892884811
643	1643	2643	-1	9.731477672862983
644	1644	2644	-1	9.398249431976055
645	1645	2645	-1	9.52661635825117
646	1646	2646	-1	8.861260837520403
647	1647	2647	-1	8.831421908401278
648	1648	2648	-1	10.027986891847737
649	1649	2649	-1	12.05478624714716
650	1650	2650	-1	11.763677275099894
651	1651	2651	-1	10.060527969271194
652	1652	2652	-1	9.746098142215768
653	1653	2653	-1	9.59255487257004
654	1654	2654	-1	9.731140574646357
655	1655	2655	-1	8.602561235503288
656	1656	2656	-1	9.169598785922263
657	1657	2657	-1	9.435944758812013
658	1658	2658	-1	9.81791165139902
659	1659	2659	-1	10.238902006105775
660	1660	2660	-1	9.951932920871506
661	1661	2661	-1	10.519438021202394
662	1662	2662	-1	8.611946608859032
663	1663	2663	-1	9.957502414852815
664	1664	2664	-1	9.653427749114789
665	1665	2665	-1	10.203133282122629
666	1666	2666	-1	10.337314661961894
667	1667	2667	-1	11.20372287223173
668	1668	2668	-1	9.677236403271154
669	1669	2669	-1	9.048077042079676
670	1670	2670	-1	9.604077003293867
671	1671	2671	-1	8.87446765811426
672	1672	2672	-1	9.399450292044392
673	1673	2673	-1	11.158970231744798
674	1674	2674	-1	11.285435644350835
675	1675	2675	-1	8.143993016145936
676	1676	2676	-1	80.29953161276678
677	1677	2677	-1	10.716977359061088
678	1678	2678	-1	10.589813249814812
679	1679	2679	-1	8.804254388595053
680	1680	2680	-1	9.3231346995938
681	1681	2681	-1	10.257289759277711
682	1682	2682	-1	9.43425467011204
683	1683	2683	-1	9.290338961842346
684	1684	2684	-1	80.0892504479895
685	1685	2685	-1	9.600807058415812
686	1686	2686	-1	8.697178511542468
687	1687	2687	-1	11.122155230369174
688	1688	2688	-1	11.083783244842339
689	1689	2689	-1	9.856461543975378
690	1690	2690	-1	10.142971379277055
691	1691	2691	-1	8.50622568162878
692	1692	2692	-1	10.441456382202027
693	1693	2693	-1	8.42346444447254
694	1694	2694	-1	9.456715197136937
695	1695	2695	-1	79.61564602303639
696	1696	2696	-1	9.302687264826329
697	1697	2697	-1	9.692242103267516
698	1698	2698	-1	11.317032522359927
699	1699	2699	-1	8.094478863722172
700	1700	2700	-1	10.484527477395243
701	1701	2701	-1	9.771274885010609
702	1702	2702	-1	9.493156996587572
703	1703	2703	-1	10.682843295937136
704	1704	2704	-1	10.896001979661088
705	1705	2705	-1	11.151036476859446
706	1706	2706	-1	8.993124482597246
707	1707	2707	-1	11.238796397338835
708	1708	2708	-1	9.30191212157232
709	1709	2709	-1	9.640930449566097
710	1710	2710	-1	9.977681685127768
711	1711	2711	-1	10.184376033806211
712	1712	2712	-1	9.78907634348008
713	1713	2713	-1	10.585866993315934
714	1714	2714	-1	10.94661961156583
715	1715	2715	-1	11.457260983999305
716	1716	2716	-1	11.206507813757215
717	1717	2717	-1	11.053398553307776
718	1718	2718	-1	11.480815306836506
719	1719	2719	-1	10.907169467397154
720	1720	2720	-1	10.497320034278415
721	1721	2721	-1	10.124786656979948
722	1722	2722	-1	9.994736612321502
723	1723	2723	-1	10.174581879736216
724	1724	2724	-1	8.998954413033331
725	1725	2725	-1	9.63137446201626
726	1726	2726	-1	9.862054121946185
727	1727	2727	-1	9.628460009698086
728	1728	2728	-1	10.33358756478907
729	1729	2729	-1	8.909806838340215
730	1730	2730	-1	9.340456336290183
731	1731	2731	-1	10.865802623913781
732	1732	2732	-1	10.26043049337903
733	1733	2733	-1	10.733024704558707
734	1734	2734	-1	9.904649279509107
735	1735	2735	-1	11.20020046539381
736	1736	2736	-1	9.22922600567847
737	1737	2737	-1	10.325046089225248
738	1738	2738	-1	9.701516994089207
739	1739	2739	-1	9.738465576363229
740	1740	2740	-1	10.332185015360468
741	1741	2741	-1	9.505217257665802
742	1742	2742	-1	9.199286624345177
743	1743	2743	-1	10.803705117596262
744	1744	2744	-1	9.745657319189345
745	1745	2745	-1	9.695750352236132
746	1746	2746	-1	9.766194547516827
747	1747	2747	-1	9.149147809175025
748	1748	2748	-1	10.282459760065214
749	1749	2749	-1	9.10363348617463
750	1750	2750	-1	9.110507411950724
751	1751	2751	-1	9.48214418991323
752	1752	2752	-1	8.71283152909328
753	1753	2753	-1	9.461205952596309
754	1754	2754	-1	10.41639723186636
755	1755	2755	-1	10.315014808269373
756	1756	2756	-1	10.329881977802804
757	1757	2757	-1	10.227521407431782
758	1758	2758	-1	8.915383910213842
759	1759	2759	-1	9.883084449047267
760	1760	2760	-1	10.942197887222878
761	1761	2761	-1	9.035311636879271
762	1762	2762	-1	10.132189130123143
763	1763	2763	-1	9.997372971364982
764	1764	2764	-1	9.90790844176637
765	1765	2765	-1	9.714230596631309
766	1766	2766	-1	9.202462253018764
767	1767	2767	-1	11.1602436537407
768	1768	2768	-1	9.828649021741931
769	1769	2769	-1	10.329333022932364
770	1770	2770	-1	10.567130441716527
771	1771	2771	-1	8.382112565007441
772	1772	2772	-1	11.106553360295113
773	1773	2773	-1	10.187577959816858
774	1774	2774	-1	10.417754333534804
775	1775	2775	-1	11.535119681283284
776	1776	2776	-1	10.848275410926089
777	1777	2777	-1	10.601495341131464
778	1778	2778	-1	9.72169404318726
779	1779	2779	-1	10.274596573721473
780	1780	2780	-1	11.31915414285841
781	1781	2781	-1	10.668289405838433
782	1782	2782	-1	11.03183312202789
783	1783	2783	-1	10.905730118043536
784	1784	2784	-1	10.973744018022513
785	1785	2785	-1	8.773254960699719
786	1786	2786	-1	8.26715482024106
787	1787	2787	-1	9.781303872785644
788	1788	2788	-1	9.57809307125031
789	1789	2789	-1	9.849687423993633
790	1790	2790	-1	11.131449841317773
791	1791	2791	-1	8.937838057748538
792	1792	2792	-1	8.607761477764315
793	1793	2793	-1	8.927899607551199
794	1794	2794	-1	11.137541542582008
795	1795	2795	-1	10.75350292709685
796	1796	2796	-1	8.939627663822673
797	1797	2797	-1	9.799476530265157
798	1798	2798	-1	10.272122196512402
799	1799	2799	-1	11.049193827454397
800	1800	2800	-1	9.341863072640734
801	1801	2801	-1	11.037905625766328
802	1802	2802	-1	11.450740341646686
803	1803	2803	-1	9.742373208347113
804	1804	2804	-1	9.65215421796027
805	1805	2805	-1	10.155732970599624
806	1806	2806	-1	11.155670641042038
807	1807	2807	-1	9.2992599232208
808	1808	2808	-1	9.556505723505026
809	1809	2809	-1	9.438302865068833
810	1810	2810	-1	9.177983632063837
811	1811	2811	-1	9.185723205179238
812	1812	2812	-1	9.892978042661891
813	1813	2813	-1	78.8882983067997
814	1814	2814	-1	9.410435446658392
815	1815	2815	-1	10.124979513827784
816	1816	2816	-1	9.149558789653204
817	1817	2817	-1	8.220340489612637
818	1818	2818	-1	8.425981412280594
819	1819	2819	-1	10.81004141036673
820	1820	2820	-1	9.661936054242268
821	1821	2821	-1	10.367964129689579
822	1822	2822	-1	9.752846418942632
823	1823	2823	-1	9.589142270280329
824	1824	2824	-1	10.128267334132358
825	1825	2825	-1	9.367215173250859
826	1826	2826	-1	80.93181286111046
827	1827	2827	-1	9.210520269908429
828	1828	2828	-1	9.396047571204575
829	1829	2829	-1	8.914630675003819
830	1830	2830	-1	10.216169474711803
831	1831	2831	-1	8.28566933119455
832	1832	2832	-1	7.997976485527591
833	1833	2833	-1	9.028855457531623
834	1834	2834	-1	9.625785837082738
835	1835	2835	-1	9.200141237008383
836	1836	2836	-1	10.78158297343943
837	1837	2837	-1	11.011915956079642
838	1838	2838	-1	9.933057153663317
839	1839	2839	-1	9.239723873119209
840	1840	2840	-1	9.061653269936706
841	1841	2841	-1	8.065075279717668
842	1842	2842	-1	10.35574967718604
843	1843	2843	-1	8.843416397786298
844	1844	2844	-1	9.122675480943563
845	1845	2845	-1	8.477674400555752
846	1846	2846	-1	10.874740146267069
847	1847	2847	-1	10.643046378202243
848	1848	2848	-1	11.15088952777442
849	1849	2849	-1	10.641148784952009
850	1850	2850	-1	11.951813740103825
851	1851	2851	-1	9.397625516742258
852	1852	2852	-1	9.221990128870642
853	1853	2853	-1	10.49867471510333
854	1854	2854	-1	81.38755959058754
855	1855	2855	-1	9.696998545980215
856	1856	2856	-1	8.523651848140185
857	1857	2857	-1	10.570419001480229
858	1858	2858	-1	9.847192667887875
859	1859	2859	-1	11.144955204512433
860	1860	2860	-1	10.15546406116504
861	1861	2861	-1	12.087395548644427
862	1862	2862	-1	11.73012374052945
863	1863	2863	-1	11.396584281112723
864	1864	2864	-1	8.387107872209697
865	1865	2865	-1	10.341380495500559
866	1866	2866	-1	11.493940810361755
867	1867	2867	-1	10.075303509033382
868	1868	2868	-1	10.231671553204128
869	1869	2869	-1	9.346361266534272
870	1870	2870	-1	9.332097294494186
871	1871	2871	-1	10.369820815188461
872	1872	2872	-1	11.443694690637066
873	1873	2873	-1	9.679457696435946
874	1874	2874	-1	8.228288058700304
875	1875	2875	-1	8.283865145569939
876	1876	2876	-1	11.102994959872667
877	1877	2877	-1	80.41805594558488
878	1878	2878	-1	8.647659282002587
879	1879	2879	-1	9.597590213213843
880	1880	2880	-1	10.984619885915329
881	1881	2881	-1	9.330207332557244
882	1882	2882	-1	9.436230638911827
883	1883	2883	-1	10.944947039681777
884	1884	2884	-1	10.209500525407583
885	1885	2885	-1	9.489994043735313
886	1886	2886	-1	10.054756379261153
887	1887	2887	-1	9.617927697132615
888	1888	2888	-1	9.227490920969485
889	1889	2889	-1	10.414781095792904
890	1890	2890	-1	12.154088100960426
891	1891	2891	-1	10.34987698823986
892	1892	2892	-1	11.117149435007873
893	1893	2893	-1	10.339606876735832
894	1894	2894	-1	11.235271185673124
895	1895	2895	-1	9.85776940801837
896	1896	2896	-1	9.922838962726418
897	1897	2897	-1	11.119806077103888
898	1898	2898	-1	10.352869754911998
899	1899	2899	-1	9.192117941678694
900	1900	2900	-1	10.390459878775047
901	1901	2901	-1	9.960098362819542
902	1902	2902	-1	10.13768623224983
903	1903	2903	-1	10.221759202608014
904	1904	2904	-1	8.85188395577907
905	1905	2905	-1	9.296902058121463
906	1906	2906	-1	11.293288313231857
907	1907	2907	-1	11.491794775162836
908	1908	2908	-1	9.12756477613181
909	1909	2909	-1	9.165941291280745
910	1910	2910	-1	11.45057677957
911	1911	2911	-1	9.61726707189909
912	1912	2912	-1	9.775622506408443
913	1913	2913	-1	9.699394453748505
914	1914	2914	-1	7.14079867161594
915	1915	2915	-1	10.072023883757037
916	1916	2916	-1	11.023192303782828
917	1917	2917	-1	9.838742758949563
918	1918	2918	-1	10.508755698115332
919	1919	2919	-1	9.080734171773702
920	1920	2920	-1	9.18836523651597
921	1921	2921	-1	8.935523456426226
922	1922	2922	-1	10.918108911596171
923	1923	2923	-1	8.980532990236766
924	1924	2924	-1	10.502192837696956
925	1925	2925	-1	9.3932694748493
926	1926	2926	-1	9.152360656072508
927	1927	2927	-1	9.390100737329814
928	1928	2928	-1	11.15212300916032
929	1929	2929	-1	10.735392489548195
930	1930	2930	-1	11.20603686962681
931	1931	2931	-1	9.124687167377068
932	1932	2932	-1	9.597206525937576
933	1933	2933	-1	10.13080699181369
934	1934	2934	-1	8.785363232186324
935	1935	2935	-1	8.939172331636208
936	1936	2936	-1	10.673510552519744
937	1937	2937	-1	9.439907352839468
938	1938	2938	-1	9.196332103036902
939	1939	2939	-1	11.549040916357667
940	1940	2940	-1	10.078968652785848
941	1941	2941	-1	10.424972186190626
942	1942	2942	-1	9.57580063907881
943	1943	2943	-1	12.038556894452926
944	1944	2944	-1	9.646437129225921
945	1945	2945	-1	8.563058533305998
946	1946	2946	-1	11.23003173276123
947	1947	2947	-1	11.290023852305719
948	1948	2948	-1	7.444764940485991
949	1949	2949	-1	9.881198005086194
950	1950	2950	-1	10.171553089683488
951	1951	2951	-1	9.216916639785353
952	1952	2952	-1	10.971580073558423
953	1953	2953	-1	9.282699279910384
954	1954	2954	-1	9.394348217562161
955	1955	2955	-1	10.159756121977424
956	1956	2956	-1	10.760240621999275
957	1957	2957	-1	82.28277198841859
958	1958	2958	-1	10.82126416818565
959	1959	2959	-1	9.839664503098023
960	1960	2960	-1	8.260212082527858
961	1961	2961	-1	10.16508518222479
962	1962	2962	-1	10.793923002385919
963	1963	2963	-1	8.53349195280097
964	1964	2964	-1	8.37444148449092
965	1965	2965	-1	9.219008630218092
966	1966	2966	-1	10.332743445445672
967	1967	2967	-1	9.728336103161435
968	1968	2968	-1	11.107508738772262
969	1969	2969	-1	9.360258546791755
970	1970	2970	-1	9.06471885303159
971	1971	2971	-1	9.554481139209878
972	1972	2972	-1	8.992130354547289
973	1973	2973	-1	8.388562467423162
974	1974	2974	-1	10.32631497827267
975	1975	2975	-1	9.640624353077135
976	1976	2976	-1	9.534450311500793
977	1977	2977	-1	9.053163288006356
978	1978	2978	-1	9.791872998431401
979	1979	2979	-1	9.860599459887053
980	1980	2980	-1	9.818702136751915
981	1981	2981	-1	9.285142494514835
982	1982	2982	-1	10.162255201519672
983	1983	2983	-1	10.170391937772566
984	1984	2984	-1	10.143516411831344
985	1985	2985	-1	8.118771242545845
986	1986	2986	-1	9.964750072190874
987	1987	2987	-1	10.337338978199087
988	1988	2988	-1	8.020070803324142
989	1989	2989	-1	9.316124330251144
990	1990	2990	-1	11.383830349846003
991	1991	2991	-1	8.590470759458134
992	1992	2992	-1	8.850600402719891
993	1993	2993	-1	8.962908261417404
994	1994	2994	-1	10.820601334400013
995	1995	2995	-1	11.104226573213094
996	1996	2996	-1	10.89826107814573
997	1997	2997	-1	8.606290918993148
998	1998	2998	-1	10.457001419227986
999	1999	2999	-1	8.170348226668564
