ind_ID	father_ID	mother_ID	Sex	Phenotype
0	1000	2000	-1	15.467094365760223
1	1001	2001	-1	13.726612113075882
2	1002	2002	-1	11.542085715337013
3	1003	2003	-1	9.910298657442798
4	1004	2004	-1	9.162295608386708
5	1005	2005	-1	11.777629787870488
6	1006	2006	-1	8.980661657086642
7	1007	2007	-1	7.5635803688242875
8	1008	2008	-1	11.662850002073897
9	1009	2009	-1	13.193154456044676
10	1010	2010	-1	9.638542324845881
11	1011	2011	-1	10.75100839693408
12	1012	2012	-1	12.163762645101427
13	1013	2013	-1	11.022703801087317
14	1014	2014	-1	12.24819684261267
15	1015	2015	-1	14.931456364643232
16	1016	2016	-1	12.013867598779893
17	1017	2017	-1	10.794749318596411
18	1018	2018	-1	11.623495032274569
19	1019	2019	-1	10.071460663557827
20	1020	2020	-1	11.256953586258462
21	1021	2021	-1	15.067475178224703
22	1022	2022	-1	9.205497280208544
23	1023	2023	-1	9.94596023824378
24	1024	2024	-1	9.402900839786074
25	1025	2025	-1	10.21759658836833
26	1026	2026	-1	10.394690742419936
27	1027	2027	-1	8.651330308500766
28	1028	2028	-1	8.854102924419728
29	1029	2029	-1	15.468460136064984
30	1030	2030	-1	16.109739329437044
31	1031	2031	-1	9.53341196469739
32	1032	2032	-1	12.886402822026852
33	1033	2033	-1	10.401449094276417
34	1034	2034	-1	11.69188685186684
35	1035	2035	-1	10.493478048076625
36	1036	2036	-1	10.191777824795729
37	1037	2037	-1	9.171497128654789
38	1038	2038	-1	8.303030717141676
39	1039	2039	-1	11.298168339486969
40	1040	2040	-1	8.47533728968046
41	1041	2041	-1	10.32033759098294
42	1042	2042	-1	10.572611072336171
43	1043	2043	-1	9.858597436795979
44	1044	2044	-1	14.465704981524906
45	1045	2045	-1	10.444461619273206
46	1046	2046	-1	10.300904713786945
47	1047	2047	-1	9.328612656054734
48	1048	2048	-1	13.151029876546405
49	1049	2049	-1	9.880760551431308
50	1050	2050	-1	9.509767261057359
51	1051	2051	-1	11.066273685486633
52	1052	2052	-1	10.338422741889792
53	1053	2053	-1	11.243491645223841
54	1054	2054	-1	9.41854889870135
55	1055	2055	-1	10.047877690959371
56	1056	2056	-1	9.110145817607101
57	1057	2057	-1	10.37776916461578
58	1058	2058	-1	11.325835896614521
59	1059	2059	-1	11.28636601306085
60	1060	2060	-1	9.799192931406655
61	1061	2061	-1	9.649790476215676
62	1062	2062	-1	10.062513632835579
63	1063	2063	-1	10.5426030293372
64	1064	2064	-1	8.281663585315469
65	1065	2065	-1	10.696007382244362
66	1066	2066	-1	10.58231639015969
67	1067	2067	-1	12.38202162522204
68	1068	2068	-1	11.09448668887007
69	1069	2069	-1	13.611677410986555
70	1070	2070	-1	13.658361189858365
71	1071	2071	-1	12.649041141524881
72	1072	2072	-1	9.576606563728477
73	1073	2073	-1	9.789159592275686
74	1074	2074	-1	11.423941296449604
75	1075	2075	-1	10.113043165714885
76	1076	2076	-1	12.48422304970879
77	1077	2077	-1	9.625385383251704
78	1078	2078	-1	9.498867080200167
79	1079	2079	-1	9.465937329573034
80	1080	2080	-1	8.590581151976446
81	1081	2081	-1	12.613456029319506
82	1082	2082	-1	14.787966194876349
83	1083	2083	-1	11.667680060219531
84	1084	2084	-1	11.783378042216507
85	1085	2085	-1	9.521799779557778
86	1086	2086	-1	9.965700093809344
87	1087	2087	-1	12.978032005099298
88	1088	2088	-1	9.444622355702283
89	1089	2089	-1	12.668915618931717
90	1090	2090	-1	9.62138737380479
91	1091	2091	-1	11.862399946258712
92	1092	2092	-1	12.933458920442614
93	1093	2093	-1	14.188597994865267
94	1094	2094	-1	10.458066226382254
95	1095	2095	-1	10.039336926976219
96	1096	2096	-1	10.44339815881622
97	1097	2097	-1	13.49546886145114
98	1098	2098	-1	14.354842069330651
99	1099	2099	-1	16.315855732910677
100	1100	2100	-1	10.842206488320677
101	1101	2101	-1	11.653819244704946
102	1102	2102	-1	8.438057792188367
103	1103	2103	-1	14.182354414703664
104	1104	2104	-1	10.643447997606568
105	1105	2105	-1	8.31887520914216
106	1106	2106	-1	13.387622548694003
107	1107	2107	-1	9.294621095289658
108	1108	2108	-1	8.666055045895025
109	1109	2109	-1	8.828868839107828
110	1110	2110	-1	9.773557194408534
111	1111	2111	-1	11.384751700818423
112	1112	2112	-1	11.365134917445234
113	1113	2113	-1	10.42851893392198
114	1114	2114	-1	8.867084633538507
115	1115	2115	-1	9.587866965056216
116	1116	2116	-1	9.98572653108986
117	1117	2117	-1	8.867178380208413
118	1118	2118	-1	10.062409011593045
119	1119	2119	-1	8.539217677691337
120	1120	2120	-1	10.534977264762944
121	1121	2121	-1	9.703853784391459
122	1122	2122	-1	10.05263173536197
123	1123	2123	-1	10.827621582712117
124	1124	2124	-1	12.080351332586876
125	1125	2125	-1	10.98425303560995
126	1126	2126	-1	10.397741338216393
127	1127	2127	-1	10.135686498753659
128	1128	2128	-1	10.808760223280043
129	1129	2129	-1	13.420914233122016
130	1130	2130	-1	10.593979999554183
131	1131	2131	-1	10.381555108127536
132	1132	2132	-1	10.181575540713308
133	1133	2133	-1	10.325998649386857
134	1134	2134	-1	8.888560604853005
135	1135	2135	-1	8.97973962200447
136	1136	2136	-1	8.543303789589642
137	1137	2137	-1	9.99744594867407
138	1138	2138	-1	8.321489368199671
139	1139	2139	-1	7.955508202709092
140	1140	2140	-1	10.15237273883186
141	1141	2141	-1	9.064914574308881
142	1142	2142	-1	11.744817967562065
143	1143	2143	-1	9.643478378671865
144	1144	2144	-1	13.956814463645287
145	1145	2145	-1	10.475679953193229
146	1146	2146	-1	11.83168569723238
147	1147	2147	-1	10.514425362439926
148	1148	2148	-1	10.968374517950505
149	1149	2149	-1	10.578743528745848
150	1150	2150	-1	12.644213100583515
151	1151	2151	-1	9.81581089932268
152	1152	2152	-1	11.51629307279683
153	1153	2153	-1	11.29854546565881
154	1154	2154	-1	9.442890678762167
155	1155	2155	-1	13.101836299050115
156	1156	2156	-1	9.709425746495574
157	1157	2157	-1	8.498066759193597
158	1158	2158	-1	11.105356080485118
159	1159	2159	-1	11.490490538388098
160	1160	2160	-1	12.56674121994283
161	1161	2161	-1	10.207499476928819
162	1162	2162	-1	10.562969565927625
163	1163	2163	-1	10.098554940513457
164	1164	2164	-1	11.992395148354332
165	1165	2165	-1	11.193343708824012
166	1166	2166	-1	11.60648698780292
167	1167	2167	-1	8.981937221896258
168	1168	2168	-1	9.091771828971622
169	1169	2169	-1	11.360576707160865
170	1170	2170	-1	10.152785152679726
171	1171	2171	-1	10.312546623561461
172	1172	2172	-1	18.300961018049573
173	1173	2173	-1	13.844765918895451
174	1174	2174	-1	10.216369435799987
175	1175	2175	-1	9.555570973560759
176	1176	2176	-1	13.989400645017113
177	1177	2177	-1	10.294113467756732
178	1178	2178	-1	10.072138276888
179	1179	2179	-1	13.730021109139061
180	1180	2180	-1	12.204038275467468
181	1181	2181	-1	9.264272320466807
182	1182	2182	-1	10.740946126192057
183	1183	2183	-1	13.026523410289837
184	1184	2184	-1	9.216908124044329
185	1185	2185	-1	11.003667648616863
186	1186	2186	-1	9.882213734443381
187	1187	2187	-1	11.349270043538748
188	1188	2188	-1	9.949145102638132
189	1189	2189	-1	10.97944505546701
190	1190	2190	-1	10.10447583469045
191	1191	2191	-1	8.505315284315905
192	1192	2192	-1	11.548427970494506
193	1193	2193	-1	8.917673477627336
194	1194	2194	-1	10.819739962360202
195	1195	2195	-1	16.13868869780344
196	1196	2196	-1	8.873816466381733
197	1197	2197	-1	12.357408087493319
198	1198	2198	-1	8.765001358830954
199	1199	2199	-1	12.847342307480163
200	1200	2200	-1	10.430136663969957
201	1201	2201	-1	11.055322178653201
202	1202	2202	-1	10.239904932670632
203	1203	2203	-1	10.273585474302557
204	1204	2204	-1	11.717993449782727
205	1205	2205	-1	8.54572402319226
206	1206	2206	-1	10.315261711418223
207	1207	2207	-1	9.119832726074678
208	1208	2208	-1	8.855678604276834
209	1209	2209	-1	10.323791223797038
210	1210	2210	-1	8.889322248324863
211	1211	2211	-1	10.508064404655691
212	1212	2212	-1	10.808013640912973
213	1213	2213	-1	9.261736510653654
214	1214	2214	-1	12.130630271198891
215	1215	2215	-1	10.860718962707674
216	1216	2216	-1	13.206844565127213
217	1217	2217	-1	8.134873598086756
218	1218	2218	-1	9.613013868538058
219	1219	2219	-1	12.962771356721511
220	1220	2220	-1	9.942247624169887
221	1221	2221	-1	9.224377902036759
222	1222	2222	-1	12.046746735069805
223	1223	2223	-1	11.80173496537111
224	1224	2224	-1	11.554178340801956
225	1225	2225	-1	12.13940982532026
226	1226	2226	-1	10.132208223287527
227	1227	2227	-1	10.605669251853728
228	1228	2228	-1	9.565140209330814
229	1229	2229	-1	13.19757130977044
230	1230	2230	-1	9.920718874019334
231	1231	2231	-1	9.795511624601284
232	1232	2232	-1	10.586069554233156
233	1233	2233	-1	9.010017667989736
234	1234	2234	-1	10.65281265441067
235	1235	2235	-1	9.371334572583125
236	1236	2236	-1	11.830101689937884
237	1237	2237	-1	9.259488446273176
238	1238	2238	-1	9.239559752426711
239	1239	2239	-1	10.095340049305877
240	1240	2240	-1	9.318547179897461
241	1241	2241	-1	8.728150979588003
242	1242	2242	-1	9.804064464453175
243	1243	2243	-1	10.470427989501943
244	1244	2244	-1	10.7549428276992
245	1245	2245	-1	8.388391382034339
246	1246	2246	-1	12.043701987638434
247	1247	2247	-1	10.060653124051383
248	1248	2248	-1	9.458586518057402
249	1249	2249	-1	12.567731322233579
250	1250	2250	-1	11.061741524619949
251	1251	2251	-1	8.654384014216332
252	1252	2252	-1	9.850129705218928
253	1253	2253	-1	12.416509066929187
254	1254	2254	-1	10.30421954766734
255	1255	2255	-1	9.648944494191328
256	1256	2256	-1	9.628093507903467
257	1257	2257	-1	15.632172490100062
258	1258	2258	-1	9.630139276821119
259	1259	2259	-1	9.419272309707734
260	1260	2260	-1	10.04491298176328
261	1261	2261	-1	11.784557763337878
262	1262	2262	-1	10.671130597588048
263	1263	2263	-1	10.70430171832258
264	1264	2264	-1	9.550419720880015
265	1265	2265	-1	9.74724862798963
266	1266	2266	-1	11.301777396753144
267	1267	2267	-1	14.959015532463827
268	1268	2268	-1	9.067819823537876
269	1269	2269	-1	10.242244949790786
270	1270	2270	-1	11.162324509157106
271	1271	2271	-1	10.762661434456298
272	1272	2272	-1	9.860758454586797
273	1273	2273	-1	12.332135498085623
274	1274	2274	-1	10.150078391856812
275	1275	2275	-1	11.244811796181581
276	1276	2276	-1	12.170437737873707
277	1277	2277	-1	16.72338267211147
278	1278	2278	-1	10.737564395705112
279	1279	2279	-1	11.74685921983215
280	1280	2280	-1	11.845954047083833
281	1281	2281	-1	9.701125153650207
282	1282	2282	-1	10.114740955944304
283	1283	2283	-1	11.465399346630496
284	1284	2284	-1	9.306952790134115
285	1285	2285	-1	8.986494296020975
286	1286	2286	-1	13.36086373876017
287	1287	2287	-1	8.78129500126005
288	1288	2288	-1	9.808560625795169
289	1289	2289	-1	12.667363710749159
290	1290	2290	-1	11.444856526849142
291	1291	2291	-1	10.768778468276883
292	1292	2292	-1	13.36922237267129
293	1293	2293	-1	9.769696565503384
294	1294	2294	-1	12.343736104318237
295	1295	2295	-1	12.439773354576568
296	1296	2296	-1	10.126614207924407
297	1297	2297	-1	8.938929719553578
298	1298	2298	-1	9.182242985312094
299	1299	2299	-1	9.716062337413076
300	1300	2300	-1	9.249716052190779
301	1301	2301	-1	9.889184729143953
302	1302	2302	-1	10.468849232495062
303	1303	2303	-1	10.748292044058061
304	1304	2304	-1	9.995482097965768
305	1305	2305	-1	15.031161925922701
306	1306	2306	-1	10.742373621311083
307	1307	2307	-1	12.019453624109767
308	1308	2308	-1	7.937062269174742
309	1309	2309	-1	10.239233430744948
310	1310	2310	-1	9.098804347751816
311	1311	2311	-1	10.594284458698102
312	1312	2312	-1	12.909377551159075
313	1313	2313	-1	10.492948434398166
314	1314	2314	-1	10.719796536179057
315	1315	2315	-1	11.456672298075212
316	1316	2316	-1	13.690517877142899
317	1317	2317	-1	10.809611949654354
318	1318	2318	-1	13.293502535630946
319	1319	2319	-1	14.241216658204461
320	1320	2320	-1	9.733582761553127
321	1321	2321	-1	11.270263799190186
322	1322	2322	-1	9.497452236480994
323	1323	2323	-1	10.124738720344505
324	1324	2324	-1	9.439243446043559
325	1325	2325	-1	9.484349395719258
326	1326	2326	-1	11.551350341569453
327	1327	2327	-1	13.569009208176674
328	1328	2328	-1	11.418409488876735
329	1329	2329	-1	15.665177520796009
330	1330	2330	-1	12.193130773229832
331	1331	2331	-1	10.479435510211053
332	1332	2332	-1	10.055755625229514
333	1333	2333	-1	10.535734791852
334	1334	2334	-1	11.595751707970816
335	1335	2335	-1	9.542671760654862
336	1336	2336	-1	10.180777460467578
337	1337	2337	-1	9.807200804640324
338	1338	2338	-1	9.650481371900547
339	1339	2339	-1	8.510286081950074
340	1340	2340	-1	11.815912148266015
341	1341	2341	-1	10.081111687085498
342	1342	2342	-1	10.044562882275004
343	1343	2343	-1	16.092250168227018
344	1344	2344	-1	9.989918178055339
345	1345	2345	-1	9.41708819805305
346	1346	2346	-1	10.983858713967656
347	1347	2347	-1	9.995663697043561
348	1348	2348	-1	12.515791243518397
349	1349	2349	-1	10.619531468570194
350	1350	2350	-1	12.98145447028858
351	1351	2351	-1	9.35824925310104
352	1352	2352	-1	9.779055446643902
353	1353	2353	-1	11.930765597195796
354	1354	2354	-1	12.30000712171889
355	1355	2355	-1	13.364100462821808
356	1356	2356	-1	14.054014314798266
357	1357	2357	-1	12.594849734219974
358	1358	2358	-1	11.160560854041615
359	1359	2359	-1	13.408190466772899
360	1360	2360	-1	10.362601110078742
361	1361	2361	-1	7.93371561940101
362	1362	2362	-1	13.457673905236101
363	1363	2363	-1	11.187880771328713
364	1364	2364	-1	12.461319256326682
365	1365	2365	-1	11.623331044826964
366	1366	2366	-1	9.045459974321172
367	1367	2367	-1	8.840744914676645
368	1368	2368	-1	12.034043225271166
369	1369	2369	-1	9.968940765493288
370	1370	2370	-1	10.478561640834506
371	1371	2371	-1	9.798107447355376
372	1372	2372	-1	10.283514198103429
373	1373	2373	-1	8.652830132624086
374	1374	2374	-1	14.724744768263317
375	1375	2375	-1	10.591719367645243
376	1376	2376	-1	12.32403419229071
377	1377	2377	-1	10.237452188231694
378	1378	2378	-1	11.447761425692349
379	1379	2379	-1	8.588564797554458
380	1380	2380	-1	10.449767315465738
381	1381	2381	-1	9.482246396616574
382	1382	2382	-1	9.515355765650295
383	1383	2383	-1	8.308862981828044
384	1384	2384	-1	11.323317724163722
385	1385	2385	-1	9.636852881707664
386	1386	2386	-1	10.817598197484182
387	1387	2387	-1	12.771075294678965
388	1388	2388	-1	13.464853805723639
389	1389	2389	-1	8.255501844242563
390	1390	2390	-1	10.12461942934263
391	1391	2391	-1	9.571045629843816
392	1392	2392	-1	11.97327858505734
393	1393	2393	-1	11.623396624327107
394	1394	2394	-1	10.1711224051138
395	1395	2395	-1	10.113423878993112
396	1396	2396	-1	9.264053316981673
397	1397	2397	-1	10.180132325644689
398	1398	2398	-1	10.60569442010575
399	1399	2399	-1	9.991503544144404
400	1400	2400	-1	12.73464715940878
401	1401	2401	-1	10.435684386164674
402	1402	2402	-1	11.266945100606785
403	1403	2403	-1	10.79169218779648
404	1404	2404	-1	8.760920842419072
405	1405	2405	-1	9.265198379890837
406	1406	2406	-1	13.485869165360143
407	1407	2407	-1	10.628419375700759
408	1408	2408	-1	10.641502109156384
409	1409	2409	-1	11.68980928220226
410	1410	2410	-1	8.924767559572416
411	1411	2411	-1	9.232850025421655
412	1412	2412	-1	10.831296848296217
413	1413	2413	-1	11.265206159039282
414	1414	2414	-1	10.475706418865343
415	1415	2415	-1	9.565847434553064
416	1416	2416	-1	10.614630571475288
417	1417	2417	-1	11.193941678004046
418	1418	2418	-1	12.697664912564829
419	1419	2419	-1	10.626493115468085
420	1420	2420	-1	11.69583379354372
421	1421	2421	-1	13.282967316809723
422	1422	2422	-1	12.262283452956154
423	1423	2423	-1	11.921879973044991
424	1424	2424	-1	10.485447484501098
425	1425	2425	-1	12.25370764181933
426	1426	2426	-1	11.195075332974525
427	1427	2427	-1	9.76677799363973
428	1428	2428	-1	9.507461972908747
429	1429	2429	-1	9.58274369464481
430	1430	2430	-1	10.5035382634098
431	1431	2431	-1	7.943608954997623
432	1432	2432	-1	10.13075544295234
433	1433	2433	-1	11.541958257491595
434	1434	2434	-1	10.804273225496173
435	1435	2435	-1	9.709163342850006
436	1436	2436	-1	8.97808823502279
437	1437	2437	-1	11.248054350721347
438	1438	2438	-1	12.896001569164726
439	1439	2439	-1	10.471192191382045
440	1440	2440	-1	9.949771133508927
441	1441	2441	-1	9.908672319582337
442	1442	2442	-1	11.291328287738223
443	1443	2443	-1	11.090583631420888
444	1444	2444	-1	9.456099937953246
445	1445	2445	-1	13.952261149094554
446	1446	2446	-1	9.298299174764999
447	1447	2447	-1	10.97518171509304
448	1448	2448	-1	9.895757897449128
449	1449	2449	-1	11.044464597663108
450	1450	2450	-1	10.059329482154222
451	1451	2451	-1	9.59758030268929
452	1452	2452	-1	10.711099223666741
453	1453	2453	-1	9.482860345272584
454	1454	2454	-1	10.582138320553227
455	1455	2455	-1	9.974364599363787
456	1456	2456	-1	10.589412403055874
457	1457	2457	-1	10.287024030231185
458	1458	2458	-1	9.913196066940483
459	1459	2459	-1	9.937158733577716
460	1460	2460	-1	8.617221664997722
461	1461	2461	-1	8.810753016294049
462	1462	2462	-1	17.77357049457302
463	1463	2463	-1	10.73610638045564
464	1464	2464	-1	9.767418519507576
465	1465	2465	-1	8.592065010806364
466	1466	2466	-1	8.566076877958574
467	1467	2467	-1	10.16067597921559
468	1468	2468	-1	13.628843350927442
469	1469	2469	-1	9.593628757670327
470	1470	2470	-1	8.061789013013549
471	1471	2471	-1	9.717679538993266
472	1472	2472	-1	9.762665320682908
473	1473	2473	-1	10.36282300007824
474	1474	2474	-1	9.909918224041398
475	1475	2475	-1	8.821855876941543
476	1476	2476	-1	10.649208180315044
477	1477	2477	-1	10.207054763780176
478	1478	2478	-1	9.84581990255503
479	1479	2479	-1	8.86519585245911
480	1480	2480	-1	12.94887835418566
481	1481	2481	-1	10.295184566154845
482	1482	2482	-1	11.158270257007779
483	1483	2483	-1	13.723466981908496
484	1484	2484	-1	9.704662110836214
485	1485	2485	-1	13.770729598750197
486	1486	2486	-1	13.178586807555401
487	1487	2487	-1	8.47691559790427
488	1488	2488	-1	10.655135081033043
489	1489	2489	-1	11.01671365450173
490	1490	2490	-1	8.773725158047393
491	1491	2491	-1	10.262701033697674
492	1492	2492	-1	12.798989626110025
493	1493	2493	-1	10.649764778334669
494	1494	2494	-1	8.48916272804359
495	1495	2495	-1	10.887930545058696
496	1496	2496	-1	12.73923292045716
497	1497	2497	-1	14.415356584175917
498	1498	2498	-1	10.381628950990631
499	1499	2499	-1	10.622500450400974
500	1500	2500	-1	10.79605811052826
501	1501	2501	-1	9.813065774673916
502	1502	2502	-1	15.476615271358158
503	1503	2503	-1	13.151997534125869
504	1504	2504	-1	13.500206771558137
505	1505	2505	-1	8.544667081095051
506	1506	2506	-1	8.007367109278398
507	1507	2507	-1	13.451672391176997
508	1508	2508	-1	9.996274714493696
509	1509	2509	-1	11.193169753751073
510	1510	2510	-1	9.688027637398218
511	1511	2511	-1	10.937537999935637
512	1512	2512	-1	11.152379928933865
513	1513	2513	-1	10.920869792842346
514	1514	2514	-1	12.939260111341897
515	1515	2515	-1	13.337884632380554
516	1516	2516	-1	16.206508796681142
517	1517	2517	-1	9.078404095596593
518	1518	2518	-1	9.212359979119972
519	1519	2519	-1	14.364379891350369
520	1520	2520	-1	10.321822463304661
521	1521	2521	-1	12.324484077529952
522	1522	2522	-1	12.660875960598293
523	1523	2523	-1	11.397421229242344
524	1524	2524	-1	13.001617788297525
525	1525	2525	-1	9.171438931818457
526	1526	2526	-1	12.627486881529848
527	1527	2527	-1	9.827391010359486
528	1528	2528	-1	10.241289596586824
529	1529	2529	-1	14.083852431039961
530	1530	2530	-1	11.217897805143021
531	1531	2531	-1	10.534131199341067
532	1532	2532	-1	11.768842832613487
533	1533	2533	-1	11.540572590314298
534	1534	2534	-1	9.893076402602205
535	1535	2535	-1	11.59646065065638
536	1536	2536	-1	14.241008415531299
537	1537	2537	-1	11.215380314034839
538	1538	2538	-1	10.06168726130703
539	1539	2539	-1	10.026162720628127
540	1540	2540	-1	12.846259470914283
541	1541	2541	-1	11.347620217015997
542	1542	2542	-1	13.670059032744298
543	1543	2543	-1	10.914759006392222
544	1544	2544	-1	11.667809321186466
545	1545	2545	-1	10.978570468328321
546	1546	2546	-1	9.855434864434773
547	1547	2547	-1	9.612969527404035
548	1548	2548	-1	14.281109786505375
549	1549	2549	-1	9.96297248325689
550	1550	2550	-1	9.883847030008232
551	1551	2551	-1	10.115010171542428
552	1552	2552	-1	10.998936962676742
553	1553	2553	-1	9.020942006685956
554	1554	2554	-1	11.374852739209087
555	1555	2555	-1	9.020687825305938
556	1556	2556	-1	9.037361847799854
557	1557	2557	-1	12.257669204085976
558	1558	2558	-1	14.444785788116683
559	1559	2559	-1	9.388005654908337
560	1560	2560	-1	8.520127898268495
561	1561	2561	-1	11.348008430966297
562	1562	2562	-1	11.731703471377791
563	1563	2563	-1	9.246306468636572
564	1564	2564	-1	11.937364163815378
565	1565	2565	-1	9.42963945459664
566	1566	2566	-1	9.704407679179624
567	1567	2567	-1	9.933610762207952
568	1568	2568	-1	15.79007803430274
569	1569	2569	-1	9.540382575739134
570	1570	2570	-1	9.330723145999636
571	1571	2571	-1	9.31704303886515
572	1572	2572	-1	13.063859750851645
573	1573	2573	-1	13.056089857065452
574	1574	2574	-1	11.894387869568774
575	1575	2575	-1	9.587469863858914
576	1576	2576	-1	11.65220678625887
577	1577	2577	-1	11.299652088915998
578	1578	2578	-1	10.364309919324754
579	1579	2579	-1	10.565251366663414
580	1580	2580	-1	10.706155467600617
581	1581	2581	-1	10.967409958607757
582	1582	2582	-1	11.06030754623588
583	1583	2583	-1	13.72940832826152
584	1584	2584	-1	11.161656336257387
585	1585	2585	-1	10.69606976690655
586	1586	2586	-1	10.133194813454336
587	1587	2587	-1	9.399285381808747
588	1588	2588	-1	11.244831122117452
589	1589	2589	-1	11.562093543339985
590	1590	2590	-1	8.789188575680235
591	1591	2591	-1	9.912826680529443
592	1592	2592	-1	12.716397957632942
593	1593	2593	-1	10.368177338481154
594	1594	2594	-1	9.363952382658685
595	1595	2595	-1	15.90051471093603
596	1596	2596	-1	12.483815739721912
597	1597	2597	-1	9.745261923601817
598	1598	2598	-1	8.902431382131851
599	1599	2599	-1	13.039486318038339
600	1600	2600	-1	11.705839871252172
601	1601	2601	-1	11.311365866066625
602	1602	2602	-1	7.89733731295526
603	1603	2603	-1	9.457505680157816
604	1604	2604	-1	8.677243521634475
605	1605	2605	-1	12.771819947220369
606	1606	2606	-1	9.336409841723494
607	1607	2607	-1	9.643235058005773
608	1608	2608	-1	11.435412695291598
609	1609	2609	-1	8.802775888116242
610	1610	2610	-1	9.716196116488604
611	1611	2611	-1	12.627008985066789
612	1612	2612	-1	9.568511102046076
613	1613	2613	-1	8.634496572257442
614	1614	2614	-1	8.865504034774613
615	1615	2615	-1	12.21987173228313
616	1616	2616	-1	11.922780574225287
617	1617	2617	-1	10.594375359256855
618	1618	2618	-1	11.890659661763145
619	1619	2619	-1	14.471839881446874
620	1620	2620	-1	10.073209718427405
621	1621	2621	-1	10.342898892326861
622	1622	2622	-1	8.911551786766779
623	1623	2623	-1	13.069678206112993
624	1624	2624	-1	9.806698774643444
625	1625	2625	-1	9.921949792022508
626	1626	2626	-1	10.127404457073307
627	1627	2627	-1	10.078282182315904
628	1628	2628	-1	8.967012492608541
629	1629	2629	-1	11.219553314823848
630	1630	2630	-1	8.465819619510818
631	1631	2631	-1	9.008066599317702
632	1632	2632	-1	11.770068248088768
633	1633	2633	-1	8.629517305209337
634	1634	2634	-1	11.579906054000011
635	1635	2635	-1	11.79585779545799
636	1636	2636	-1	10.022868424879526
637	1637	2637	-1	7.813438398935075
638	1638	2638	-1	9.698203129722142
639	1639	2639	-1	11.143072920373275
640	1640	2640	-1	9.59393847648794
641	1641	2641	-1	13.300364909633755
642	1642	2642	-1	8.93771281919903
643	1643	2643	-1	9.926648513748855
644	1644	2644	-1	10.392897242352321
645	1645	2645	-1	10.564327851534152
646	1646	2646	-1	9.32520815271686
647	1647	2647	-1	11.250771860772415
648	1648	2648	-1	8.78245998696251
649	1649	2649	-1	9.607268118610154
650	1650	2650	-1	8.642761915411848
651	1651	2651	-1	9.910421676686177
652	1652	2652	-1	10.1984761409222
653	1653	2653	-1	9.08499161422188
654	1654	2654	-1	12.758201562244441
655	1655	2655	-1	11.543616617917971
656	1656	2656	-1	10.615519135478836
657	1657	2657	-1	9.723021405604348
658	1658	2658	-1	10.64179888280821
659	1659	2659	-1	9.754147036540866
660	1660	2660	-1	13.662049957166886
661	1661	2661	-1	12.33081870944187
662	1662	2662	-1	9.387442983379426
663	1663	2663	-1	16.47113120300598
664	1664	2664	-1	10.710616035604199
665	1665	2665	-1	10.669526130621643
666	1666	2666	-1	8.851131560898272
667	1667	2667	-1	11.695397117649273
668	1668	2668	-1	9.618817083460112
669	1669	2669	-1	14.170097877377895
670	1670	2670	-1	10.318748896497937
671	1671	2671	-1	10.587567456818286
672	1672	2672	-1	10.426800946844098
673	1673	2673	-1	10.467575588117983
674	1674	2674	-1	11.080428384569629
675	1675	2675	-1	15.741425636969439
676	1676	2676	-1	14.344137226481115
677	1677	2677	-1	8.908219580179656
678	1678	2678	-1	10.50068519668463
679	1679	2679	-1	9.82813053021708
680	1680	2680	-1	12.613695328908964
681	1681	2681	-1	11.327680302432306
682	1682	2682	-1	10.604392954468967
683	1683	2683	-1	9.863215999417811
684	1684	2684	-1	10.660656098488447
685	1685	2685	-1	10.080559600550789
686	1686	2686	-1	11.285789994890614
687	1687	2687	-1	11.195632492628715
688	1688	2688	-1	10.040399523465156
689	1689	2689	-1	8.584746559833139
690	1690	2690	-1	12.434852367293104
691	1691	2691	-1	8.890926176868389
692	1692	2692	-1	9.156396321673931
693	1693	2693	-1	9.95124473666181
694	1694	2694	-1	10.142449368252809
695	1695	2695	-1	14.306502971777615
696	1696	2696	-1	11.580416201062448
697	1697	2697	-1	9.410982430400793
698	1698	2698	-1	14.343486851826276
699	1699	2699	-1	12.215008583522572
700	1700	2700	-1	9.861754281939282
701	1701	2701	-1	12.157048232210418
702	1702	2702	-1	8.547760492896082
703	1703	2703	-1	10.3869857194986
704	1704	2704	-1	12.124948117900248
705	1705	2705	-1	15.68168540110327
706	1706	2706	-1	10.158918395322463
707	1707	2707	-1	8.306820427611463
708	1708	2708	-1	12.531736849047402
709	1709	2709	-1	9.361648174213855
710	1710	2710	-1	10.720101664367737
711	1711	2711	-1	9.87966849835489
712	1712	2712	-1	9.820304606690687
713	1713	2713	-1	10.418512820692422
714	1714	2714	-1	13.908960403435081
715	1715	2715	-1	10.336842800884378
716	1716	2716	-1	10.297765263051842
717	1717	2717	-1	10.747936681954153
718	1718	2718	-1	11.067392659550368
719	1719	2719	-1	10.335198098082493
720	1720	2720	-1	10.69713544422494
721	1721	2721	-1	12.98318494634388
722	1722	2722	-1	11.152878243524531
723	1723	2723	-1	8.39221610487203
724	1724	2724	-1	13.260937718907195
725	1725	2725	-1	9.990097088662361
726	1726	2726	-1	9.859177096575783
727	1727	2727	-1	10.744354822121572
728	1728	2728	-1	9.55223431270689
729	1729	2729	-1	10.562008061368685
730	1730	2730	-1	11.397171511217628
731	1731	2731	-1	9.716405751788415
732	1732	2732	-1	9.034181698993878
733	1733	2733	-1	13.571301843877054
734	1734	2734	-1	9.541419525832266
735	1735	2735	-1	9.307416547558935
736	1736	2736	-1	10.138694989828988
737	1737	2737	-1	9.136919526112756
738	1738	2738	-1	8.535773223071562
739	1739	2739	-1	12.97773442289395
740	1740	2740	-1	11.158366197354997
741	1741	2741	-1	9.718380229333642
742	1742	2742	-1	8.528791878139572
743	1743	2743	-1	12.333717071203482
744	1744	2744	-1	10.098470155612322
745	1745	2745	-1	11.801114454414737
746	1746	2746	-1	10.412873968665675
747	1747	2747	-1	12.478931397883644
748	1748	2748	-1	11.273345986090256
749	1749	2749	-1	10.451168184509273
750	1750	2750	-1	10.610956262748056
751	1751	2751	-1	12.275523473013026
752	1752	2752	-1	10.58127360482594
753	1753	2753	-1	10.827462820648616
754	1754	2754	-1	10.600549084503314
755	1755	2755	-1	10.395258462894065
756	1756	2756	-1	13.582271920282986
757	1757	2757	-1	8.980490455458892
758	1758	2758	-1	10.337490033754863
759	1759	2759	-1	10.123336936710405
760	1760	2760	-1	10.17692526638257
761	1761	2761	-1	9.60051383262256
762	1762	2762	-1	13.188576812414686
763	1763	2763	-1	9.734265505168109
764	1764	2764	-1	12.81388415385939
765	1765	2765	-1	9.130143095370682
766	1766	2766	-1	10.142696794264705
767	1767	2767	-1	9.36484838158075
768	1768	2768	-1	9.057259871842938
769	1769	2769	-1	9.78671394279247
770	1770	2770	-1	9.08882031951001
771	1771	2771	-1	13.000400081124651
772	1772	2772	-1	8.789266062756889
773	1773	2773	-1	10.499870121396016
774	1774	2774	-1	10.070461600556444
775	1775	2775	-1	9.820093249708334
776	1776	2776	-1	13.945810445663643
777	1777	2777	-1	11.532441443114005
778	1778	2778	-1	9.532825093530228
779	1779	2779	-1	9.881766912896532
780	1780	2780	-1	12.591195022655281
781	1781	2781	-1	9.51533932510464
782	1782	2782	-1	8.012038285873828
783	1783	2783	-1	10.839622609686398
784	1784	2784	-1	10.468206269605975
785	1785	2785	-1	8.997420564471476
786	1786	2786	-1	15.479919372649704
787	1787	2787	-1	11.608206819327702
788	1788	2788	-1	8.369081130370123
789	1789	2789	-1	9.423233025873643
790	1790	2790	-1	13.007426736574033
791	1791	2791	-1	8.36381278178448
792	1792	2792	-1	9.64030710291006
793	1793	2793	-1	9.104819799596124
794	1794	2794	-1	13.900744708602494
795	1795	2795	-1	8.31467002234642
796	1796	2796	-1	10.52980660462784
797	1797	2797	-1	11.569283996778948
798	1798	2798	-1	7.707640681207804
799	1799	2799	-1	9.402716346891763
800	1800	2800	-1	9.226704958928682
801	1801	2801	-1	11.010680561143978
802	1802	2802	-1	10.724624249548608
803	1803	2803	-1	8.885930936257513
804	1804	2804	-1	11.67472367633511
805	1805	2805	-1	13.705456187658893
806	1806	2806	-1	12.721064261369834
807	1807	2807	-1	10.588984626886853
808	1808	2808	-1	12.294400801795417
809	1809	2809	-1	12.558764690457576
810	1810	2810	-1	11.826005824109721
811	1811	2811	-1	11.927596747513807
812	1812	2812	-1	11.03915217525718
813	1813	2813	-1	10.81501207073273
814	1814	2814	-1	12.868187388344253
815	1815	2815	-1	10.794075132317465
816	1816	2816	-1	13.928014388947478
817	1817	2817	-1	8.852349121318762
818	1818	2818	-1	9.766337532162588
819	1819	2819	-1	17.101556702167056
820	1820	2820	-1	11.021938039538002
821	1821	2821	-1	9.035571500428661
822	1822	2822	-1	11.781677554439483
823	1823	2823	-1	9.196094647768591
824	1824	2824	-1	12.687116693259089
825	1825	2825	-1	9.07494759010057
826	1826	2826	-1	11.647062940481726
827	1827	2827	-1	13.222880138421681
828	1828	2828	-1	9.65714430762807
829	1829	2829	-1	7.4716918939920305
830	1830	2830	-1	11.219269806064846
831	1831	2831	-1	9.973387762737392
832	1832	2832	-1	8.850066591052597
833	1833	2833	-1	10.589884488583897
834	1834	2834	-1	13.08252547851373
835	1835	2835	-1	8.728539515883593
836	1836	2836	-1	9.157485927142387
837	1837	2837	-1	11.370146901451134
838	1838	2838	-1	9.04270371218244
839	1839	2839	-1	9.605665938583567
840	1840	2840	-1	10.753869334163628
841	1841	2841	-1	9.086243288070225
842	1842	2842	-1	12.320869760527737
843	1843	2843	-1	9.770168508177974
844	1844	2844	-1	13.230004939573316
845	1845	2845	-1	10.638071265252721
846	1846	2846	-1	11.171003929681646
847	1847	2847	-1	11.055696140758112
848	1848	2848	-1	12.840913785252496
849	1849	2849	-1	10.763836806535137
850	1850	2850	-1	11.327760554655443
851	1851	2851	-1	13.747101566241579
852	1852	2852	-1	12.418336220102416
853	1853	2853	-1	9.716451073303727
854	1854	2854	-1	10.357239691617647
855	1855	2855	-1	10.86688500020121
856	1856	2856	-1	10.675521390113554
857	1857	2857	-1	10.808481915769782
858	1858	2858	-1	13.351438602167361
859	1859	2859	-1	10.478723815113034
860	1860	2860	-1	12.362532165731178
861	1861	2861	-1	10.435497227928096
862	1862	2862	-1	10.916322381480388
863	1863	2863	-1	13.599198990010708
864	1864	2864	-1	9.040118476323185
865	1865	2865	-1	10.469061285851403
866	1866	2866	-1	10.854194406543161
867	1867	2867	-1	9.912198592829737
868	1868	2868	-1	13.767609993291499
869	1869	2869	-1	15.27531399193655
870	1870	2870	-1	10.039794000637842
871	1871	2871	-1	10.01521403509399
872	1872	2872	-1	13.840407928928542
873	1873	2873	-1	12.374818132432262
874	1874	2874	-1	11.722414093256143
875	1875	2875	-1	10.345520031613296
876	1876	2876	-1	9.348557686481278
877	1877	2877	-1	9.35737998397287
878	1878	2878	-1	11.165901753345164
879	1879	2879	-1	8.47157579527989
880	1880	2880	-1	10.04112323609149
881	1881	2881	-1	8.934347097583375
882	1882	2882	-1	10.181971536958317
883	1883	2883	-1	11.729643529114865
884	1884	2884	-1	11.917191733473983
885	1885	2885	-1	13.595695573814675
886	1886	2886	-1	8.823712444100481
887	1887	2887	-1	8.924406298760902
888	1888	2888	-1	12.522722671772478
889	1889	2889	-1	9.450810894973973
890	1890	2890	-1	8.025792555609772
891	1891	2891	-1	10.146318363549156
892	1892	2892	-1	9.70110748336263
893	1893	2893	-1	10.473315656126484
894	1894	2894	-1	10.312167152742871
895	1895	2895	-1	13.442285525306515
896	1896	2896	-1	10.073701347963658
897	1897	2897	-1	9.808421906724163
898	1898	2898	-1	13.569031898425543
899	1899	2899	-1	9.943408425861275
900	1900	2900	-1	9.843390944269297
901	1901	2901	-1	9.583867895701786
902	1902	2902	-1	10.471203441590795
903	1903	2903	-1	13.024113684861419
904	1904	2904	-1	11.648317268604876
905	1905	2905	-1	9.746030831490781
906	1906	2906	-1	12.701472096035934
907	1907	2907	-1	12.706655771090086
908	1908	2908	-1	9.045506683957353
909	1909	2909	-1	8.799148972114818
910	1910	2910	-1	13.410219098989407
911	1911	2911	-1	11.079249691782529
912	1912	2912	-1	10.37374174070381
913	1913	2913	-1	10.638894581583616
914	1914	2914	-1	9.534576151963494
915	1915	2915	-1	18.329937902388778
916	1916	2916	-1	8.61537833159884
917	1917	2917	-1	9.350450272311416
918	1918	2918	-1	10.384963782865782
919	1919	2919	-1	9.57392718690496
920	1920	2920	-1	10.002430374565025
921	1921	2921	-1	11.572726276637738
922	1922	2922	-1	8.509186495202911
923	1923	2923	-1	12.389536084969137
924	1924	2924	-1	10.440490170436778
925	1925	2925	-1	9.996812495284138
926	1926	2926	-1	8.205820356340423
927	1927	2927	-1	9.80657742307565
928	1928	2928	-1	9.275528092987258
929	1929	2929	-1	9.642947471735807
930	1930	2930	-1	12.48700079815448
931	1931	2931	-1	9.795056990018926
932	1932	2932	-1	9.129352008228397
933	1933	2933	-1	10.407883573414006
934	1934	2934	-1	12.549717977561288
935	1935	2935	-1	9.665795302228716
936	1936	2936	-1	13.525883161674775
937	1937	2937	-1	12.669667419266199
938	1938	2938	-1	12.265869815390259
939	1939	2939	-1	12.257426356603238
940	1940	2940	-1	13.09691480049936
941	1941	2941	-1	11.394300072314039
942	1942	2942	-1	9.402686801870091
943	1943	2943	-1	15.655503341261818
944	1944	2944	-1	8.871583535222335
945	1945	2945	-1	9.548192698151416
946	1946	2946	-1	11.418449377929264
947	1947	2947	-1	9.561761426076096
948	1948	2948	-1	10.845264355327334
949	1949	2949	-1	11.401264532638693
950	1950	2950	-1	10.23731572631343
951	1951	2951	-1	8.395390304661282
952	1952	2952	-1	9.003982996269013
953	1953	2953	-1	8.783573019432366
954	1954	2954	-1	10.090722242347372
955	1955	2955	-1	9.92448449186976
956	1956	2956	-1	11.91620489578774
957	1957	2957	-1	12.727972525951818
958	1958	2958	-1	10.629057368142236
959	1959	2959	-1	10.78274599891254
960	1960	2960	-1	9.202548917582828
961	1961	2961	-1	8.405494120356556
962	1962	2962	-1	12.8750060393338
963	1963	2963	-1	9.69342688664157
964	1964	2964	-1	9.96554339906083
965	1965	2965	-1	11.496231507522973
966	1966	2966	-1	11.522205341396523
967	1967	2967	-1	8.231981438298465
968	1968	2968	-1	8.333187064998798
969	1969	2969	-1	11.062674349597927
970	1970	2970	-1	12.590720085299697
971	1971	2971	-1	10.081370756394959
972	1972	2972	-1	9.073994968759536
973	1973	2973	-1	11.365982646887325
974	1974	2974	-1	8.82094642766532
975	1975	2975	-1	9.462235945264254
976	1976	2976	-1	10.20879768304487
977	1977	2977	-1	10.104822751919697
978	1978	2978	-1	8.775729838694708
979	1979	2979	-1	12.602118938978515
980	1980	2980	-1	13.552309562836685
981	1981	2981	-1	12.344167971991965
982	1982	2982	-1	10.747522188605807
983	1983	2983	-1	8.653747478149164
984	1984	2984	-1	11.483761139426827
985	1985	2985	-1	12.062877905306072
986	1986	2986	-1	8.896579357370932
987	1987	2987	-1	11.956929275872623
988	1988	2988	-1	13.001184112515885
989	1989	2989	-1	11.983651521007369
990	1990	2990	-1	10.10517763368631
991	1991	2991	-1	11.631961772532279
992	1992	2992	-1	9.342585382136436
993	1993	2993	-1	11.89344771989495
994	1994	2994	-1	9.12454363876381
995	1995	2995	-1	10.363659508986371
996	1996	2996	-1	11.21194700022737
997	1997	2997	-1	12.267164575868739
998	1998	2998	-1	11.090102428292356
999	1999	2999	-1	13.015442386599274
