ind_ID	father_ID	mother_ID	Sex	Phenotype
0	1000	2000	-1	9.016966495096426
1	1001	2001	-1	7.961537491867615
2	1002	2002	-1	9.413068984245593
3	1003	2003	-1	9.5261975750773
4	1004	2004	-1	12.170024096524196
5	1005	2005	-1	15.010481543446106
6	1006	2006	-1	12.63589918511944
7	1007	2007	-1	11.760348608035226
8	1008	2008	-1	12.883762977786313
9	1009	2009	-1	14.113667377340157
10	1010	2010	-1	11.607070522943635
11	1011	2011	-1	13.525619852879311
12	1012	2012	-1	9.923672471979256
13	1013	2013	-1	9.759835584264382
14	1014	2014	-1	11.082495325467809
15	1015	2015	-1	9.617078076368626
16	1016	2016	-1	9.786904161254014
17	1017	2017	-1	14.702072583292026
18	1018	2018	-1	12.710073597179564
19	1019	2019	-1	11.795601889375996
20	1020	2020	-1	11.42639097223396
21	1021	2021	-1	12.58034507716202
22	1022	2022	-1	9.587661224592713
23	1023	2023	-1	11.549373042127375
24	1024	2024	-1	9.749597861792289
25	1025	2025	-1	12.432813762700745
26	1026	2026	-1	11.876036582588819
27	1027	2027	-1	9.864512975462533
28	1028	2028	-1	13.313922919530079
29	1029	2029	-1	11.075974201768116
30	1030	2030	-1	13.331402448991895
31	1031	2031	-1	11.617727717010187
32	1032	2032	-1	12.160958944439491
33	1033	2033	-1	10.92350225979591
34	1034	2034	-1	11.46292222802351
35	1035	2035	-1	11.141717196769502
36	1036	2036	-1	12.078869686105742
37	1037	2037	-1	11.878598902148005
38	1038	2038	-1	10.191244867452962
39	1039	2039	-1	9.690544008324135
40	1040	2040	-1	10.938016435872077
41	1041	2041	-1	16.405272167027775
42	1042	2042	-1	11.277535889694182
43	1043	2043	-1	8.697514378390903
44	1044	2044	-1	12.83010602553481
45	1045	2045	-1	10.21043940899614
46	1046	2046	-1	13.704016229989772
47	1047	2047	-1	9.389489596764442
48	1048	2048	-1	8.619559095363519
49	1049	2049	-1	8.319913955984998
50	1050	2050	-1	9.228433834942564
51	1051	2051	-1	9.95189596290366
52	1052	2052	-1	11.538642667285282
53	1053	2053	-1	10.533075962540979
54	1054	2054	-1	9.658493232421268
55	1055	2055	-1	8.872494881734287
56	1056	2056	-1	9.91665085174776
57	1057	2057	-1	10.29501599168187
58	1058	2058	-1	9.387176564262353
59	1059	2059	-1	9.245557396236906
60	1060	2060	-1	14.77434067064986
61	1061	2061	-1	10.531547626395136
62	1062	2062	-1	13.654519335115385
63	1063	2063	-1	15.203913157350865
64	1064	2064	-1	13.33351411810644
65	1065	2065	-1	8.034248676130275
66	1066	2066	-1	14.530672665747474
67	1067	2067	-1	10.75691480633676
68	1068	2068	-1	10.830920077962993
69	1069	2069	-1	10.2887295166923
70	1070	2070	-1	10.360628001768156
71	1071	2071	-1	11.205103912480174
72	1072	2072	-1	13.431469127845697
73	1073	2073	-1	8.462519609632022
74	1074	2074	-1	13.697147219821979
75	1075	2075	-1	10.105145502727773
76	1076	2076	-1	10.167742312755069
77	1077	2077	-1	10.526281487440013
78	1078	2078	-1	12.43289962413142
79	1079	2079	-1	11.944182931039851
80	1080	2080	-1	17.19278736455916
81	1081	2081	-1	9.875060239773127
82	1082	2082	-1	10.501555692159194
83	1083	2083	-1	7.905329179257873
84	1084	2084	-1	10.653837293551316
85	1085	2085	-1	7.142472964929894
86	1086	2086	-1	13.398097739039345
87	1087	2087	-1	11.098959506108299
88	1088	2088	-1	12.827642411716596
89	1089	2089	-1	10.855727013890947
90	1090	2090	-1	10.425469851172688
91	1091	2091	-1	13.56162035155469
92	1092	2092	-1	11.147047694087638
93	1093	2093	-1	11.698614445590147
94	1094	2094	-1	9.77661547304159
95	1095	2095	-1	14.589730353629811
96	1096	2096	-1	16.20658404462777
97	1097	2097	-1	14.693034029832365
98	1098	2098	-1	13.162930948975646
99	1099	2099	-1	9.090646978253595
100	1100	2100	-1	10.376432903450613
101	1101	2101	-1	10.440380424808787
102	1102	2102	-1	13.440231994193276
103	1103	2103	-1	11.514655242808074
104	1104	2104	-1	12.802926700607962
105	1105	2105	-1	10.047017927605472
106	1106	2106	-1	9.792790773665455
107	1107	2107	-1	10.459708502270425
108	1108	2108	-1	13.297958271641702
109	1109	2109	-1	12.654515580210552
110	1110	2110	-1	11.490691570079525
111	1111	2111	-1	12.072523493425633
112	1112	2112	-1	11.127050480085499
113	1113	2113	-1	10.370216126581216
114	1114	2114	-1	10.590092595208377
115	1115	2115	-1	10.875685491079333
116	1116	2116	-1	12.159364368035497
117	1117	2117	-1	10.82298328720762
118	1118	2118	-1	10.08324858650348
119	1119	2119	-1	9.161232821479686
120	1120	2120	-1	17.736860125198273
121	1121	2121	-1	11.786634009806024
122	1122	2122	-1	10.126420496152209
123	1123	2123	-1	9.296578038969221
124	1124	2124	-1	15.379710007768283
125	1125	2125	-1	12.301367958286619
126	1126	2126	-1	8.015590453145082
127	1127	2127	-1	8.203632533844885
128	1128	2128	-1	16.198235275247235
129	1129	2129	-1	9.244496877101152
130	1130	2130	-1	20.198067346798307
131	1131	2131	-1	11.69192472718148
132	1132	2132	-1	13.430168874843051
133	1133	2133	-1	12.87094685779515
134	1134	2134	-1	14.376810133501161
135	1135	2135	-1	10.748987807631892
136	1136	2136	-1	12.497786026419712
137	1137	2137	-1	13.095263032886955
138	1138	2138	-1	9.444486810661802
139	1139	2139	-1	11.150688455150478
140	1140	2140	-1	14.806361732311515
141	1141	2141	-1	10.02839624488167
142	1142	2142	-1	9.225745346516845
143	1143	2143	-1	10.827205633093499
144	1144	2144	-1	10.116670495910904
145	1145	2145	-1	13.091036685604701
146	1146	2146	-1	10.14626452726684
147	1147	2147	-1	7.926374268681478
148	1148	2148	-1	11.687203186741401
149	1149	2149	-1	12.752784050916691
150	1150	2150	-1	11.462035388984134
151	1151	2151	-1	13.207689033036031
152	1152	2152	-1	11.403093658511423
153	1153	2153	-1	8.735392493482088
154	1154	2154	-1	12.128006350354548
155	1155	2155	-1	15.528773379787568
156	1156	2156	-1	9.349301245685659
157	1157	2157	-1	17.097240405457605
158	1158	2158	-1	8.461487312672904
159	1159	2159	-1	15.79544642135099
160	1160	2160	-1	12.199296329523996
161	1161	2161	-1	13.121660011931922
162	1162	2162	-1	12.02550661013077
163	1163	2163	-1	13.873225083247853
164	1164	2164	-1	12.80139770595593
165	1165	2165	-1	10.557925865066863
166	1166	2166	-1	10.552163608524092
167	1167	2167	-1	9.72789115833873
168	1168	2168	-1	12.527669676546767
169	1169	2169	-1	9.390754128554416
170	1170	2170	-1	11.744205331665983
171	1171	2171	-1	9.21023007221039
172	1172	2172	-1	9.771673458803585
173	1173	2173	-1	9.114993905883825
174	1174	2174	-1	13.505901732169729
175	1175	2175	-1	18.97504784303461
176	1176	2176	-1	14.55746167283565
177	1177	2177	-1	10.200854048860492
178	1178	2178	-1	11.045325106222949
179	1179	2179	-1	10.792161944748123
180	1180	2180	-1	9.565073802211762
181	1181	2181	-1	13.896282915335433
182	1182	2182	-1	10.827489590768018
183	1183	2183	-1	12.312032797401214
184	1184	2184	-1	13.96903185908304
185	1185	2185	-1	10.73321489315903
186	1186	2186	-1	13.035897292011647
187	1187	2187	-1	8.776602171178446
188	1188	2188	-1	15.469965681517058
189	1189	2189	-1	16.18242278282908
190	1190	2190	-1	11.197230439820103
191	1191	2191	-1	9.198374923547284
192	1192	2192	-1	10.304145358784673
193	1193	2193	-1	10.486941511664405
194	1194	2194	-1	11.209893363269416
195	1195	2195	-1	9.063526359303163
196	1196	2196	-1	10.163132665367458
197	1197	2197	-1	13.824545455162058
198	1198	2198	-1	9.877800299361622
199	1199	2199	-1	12.44382779807986
200	1200	2200	-1	12.638884238449558
201	1201	2201	-1	13.135295231153872
202	1202	2202	-1	16.769581448853657
203	1203	2203	-1	10.341600066966146
204	1204	2204	-1	9.66929518106947
205	1205	2205	-1	10.154407819908071
206	1206	2206	-1	9.530517805804546
207	1207	2207	-1	16.263887658384206
208	1208	2208	-1	10.287659667461389
209	1209	2209	-1	16.6633880035207
210	1210	2210	-1	9.902817613143643
211	1211	2211	-1	17.278608260721445
212	1212	2212	-1	8.1199714951473
213	1213	2213	-1	11.363813140940808
214	1214	2214	-1	12.557658374413881
215	1215	2215	-1	11.115546891449604
216	1216	2216	-1	7.634350380247014
217	1217	2217	-1	11.867982515671024
218	1218	2218	-1	10.696921966982227
219	1219	2219	-1	10.449617623722549
220	1220	2220	-1	12.168148102272541
221	1221	2221	-1	10.380582590745275
222	1222	2222	-1	10.078017000919386
223	1223	2223	-1	9.125969827040143
224	1224	2224	-1	10.245338276538451
225	1225	2225	-1	9.517664326570193
226	1226	2226	-1	9.088732729518947
227	1227	2227	-1	13.893833759721964
228	1228	2228	-1	13.457678273243674
229	1229	2229	-1	12.475576463040547
230	1230	2230	-1	10.149528974823133
231	1231	2231	-1	10.62110724124395
232	1232	2232	-1	12.470819934802428
233	1233	2233	-1	7.7433925246210755
234	1234	2234	-1	10.610925264337887
235	1235	2235	-1	9.914292861321956
236	1236	2236	-1	8.997433701535158
237	1237	2237	-1	10.205339365345383
238	1238	2238	-1	9.157214016729835
239	1239	2239	-1	11.491630535707516
240	1240	2240	-1	14.723190113469922
241	1241	2241	-1	7.982386773972667
242	1242	2242	-1	8.200160858229953
243	1243	2243	-1	9.936209368665219
244	1244	2244	-1	10.841942225818661
245	1245	2245	-1	8.921462422780188
246	1246	2246	-1	9.095235120807477
247	1247	2247	-1	10.116898394778994
248	1248	2248	-1	13.910197371705
249	1249	2249	-1	10.657775667507163
250	1250	2250	-1	15.00697687083152
251	1251	2251	-1	10.23236565921591
252	1252	2252	-1	10.160934509752062
253	1253	2253	-1	10.027240687039178
254	1254	2254	-1	10.440245117011013
255	1255	2255	-1	8.726356913324969
256	1256	2256	-1	12.102828451241828
257	1257	2257	-1	9.7148850990521
258	1258	2258	-1	11.645626641557921
259	1259	2259	-1	15.351093024187056
260	1260	2260	-1	10.367384505825287
261	1261	2261	-1	8.720116315726866
262	1262	2262	-1	9.705125948469687
263	1263	2263	-1	13.650089093725601
264	1264	2264	-1	11.604818916989892
265	1265	2265	-1	10.409331729366597
266	1266	2266	-1	13.476787805623053
267	1267	2267	-1	9.586935509830154
268	1268	2268	-1	13.229232255771
269	1269	2269	-1	9.628231415851761
270	1270	2270	-1	9.288492689774094
271	1271	2271	-1	10.959836430463755
272	1272	2272	-1	12.972495398639506
273	1273	2273	-1	13.986809748735208
274	1274	2274	-1	12.712303799465069
275	1275	2275	-1	10.140114261069188
276	1276	2276	-1	13.097129471204065
277	1277	2277	-1	12.017036361539368
278	1278	2278	-1	12.644862086288084
279	1279	2279	-1	11.473514982371707
280	1280	2280	-1	10.621447142446247
281	1281	2281	-1	9.459881246961194
282	1282	2282	-1	13.666411834224402
283	1283	2283	-1	9.659026176750595
284	1284	2284	-1	13.66104336036517
285	1285	2285	-1	9.045657810968649
286	1286	2286	-1	11.767680937440497
287	1287	2287	-1	9.999967246156709
288	1288	2288	-1	10.081723604084273
289	1289	2289	-1	12.959404278637962
290	1290	2290	-1	11.02444359644078
291	1291	2291	-1	13.192145628770476
292	1292	2292	-1	10.987026431374712
293	1293	2293	-1	10.02775399058577
294	1294	2294	-1	10.164333108004286
295	1295	2295	-1	11.223053573064508
296	1296	2296	-1	10.164719943616408
297	1297	2297	-1	10.790400079225476
298	1298	2298	-1	13.759121000050317
299	1299	2299	-1	12.881798442370338
300	1300	2300	-1	8.945700240574425
301	1301	2301	-1	12.94182932653004
302	1302	2302	-1	9.792112633634687
303	1303	2303	-1	9.641745696839324
304	1304	2304	-1	8.947571117271336
305	1305	2305	-1	10.31023151301937
306	1306	2306	-1	11.9406876462162
307	1307	2307	-1	11.498473349577692
308	1308	2308	-1	7.975232498257153
309	1309	2309	-1	11.118429114714052
310	1310	2310	-1	13.760932780405605
311	1311	2311	-1	10.714395200557291
312	1312	2312	-1	11.125068986114071
313	1313	2313	-1	10.404662372316492
314	1314	2314	-1	10.314616147839656
315	1315	2315	-1	8.311838958052409
316	1316	2316	-1	10.649739637060028
317	1317	2317	-1	13.208486979609894
318	1318	2318	-1	14.960157783811107
319	1319	2319	-1	16.595136057772972
320	1320	2320	-1	11.359640916481355
321	1321	2321	-1	13.695252789487556
322	1322	2322	-1	9.020906058171903
323	1323	2323	-1	11.266478489441043
324	1324	2324	-1	12.850752169233829
325	1325	2325	-1	10.073913450252444
326	1326	2326	-1	10.941544312875903
327	1327	2327	-1	8.894336559684406
328	1328	2328	-1	9.431385718300305
329	1329	2329	-1	10.857495916110393
330	1330	2330	-1	14.949481565917983
331	1331	2331	-1	9.137017117505156
332	1332	2332	-1	9.608244781176191
333	1333	2333	-1	8.652050986227051
334	1334	2334	-1	10.307817326863674
335	1335	2335	-1	12.599531886664451
336	1336	2336	-1	11.83607655420883
337	1337	2337	-1	11.971842862929282
338	1338	2338	-1	9.491728908115487
339	1339	2339	-1	15.550379821218888
340	1340	2340	-1	10.860529452422686
341	1341	2341	-1	13.108665836762492
342	1342	2342	-1	8.036542232914382
343	1343	2343	-1	11.034098144538119
344	1344	2344	-1	12.871751513656966
345	1345	2345	-1	15.778588533661292
346	1346	2346	-1	10.448179854714882
347	1347	2347	-1	12.506869546134247
348	1348	2348	-1	9.426274637582138
349	1349	2349	-1	9.381436438936037
350	1350	2350	-1	10.99175907494897
351	1351	2351	-1	11.124328725850031
352	1352	2352	-1	14.0068965063122
353	1353	2353	-1	9.911633060585618
354	1354	2354	-1	12.540214189367862
355	1355	2355	-1	10.666549421933349
356	1356	2356	-1	9.547193437351332
357	1357	2357	-1	11.811706906976879
358	1358	2358	-1	9.438194046744341
359	1359	2359	-1	12.25989840997153
360	1360	2360	-1	11.210868425753015
361	1361	2361	-1	10.341335077056481
362	1362	2362	-1	12.785057632029005
363	1363	2363	-1	11.609311305362462
364	1364	2364	-1	8.792344442500502
365	1365	2365	-1	9.317166178716144
366	1366	2366	-1	10.221615343535827
367	1367	2367	-1	11.62515533648274
368	1368	2368	-1	10.498095265102236
369	1369	2369	-1	8.741471675652116
370	1370	2370	-1	10.740366532717292
371	1371	2371	-1	9.134360369591713
372	1372	2372	-1	8.970597409207336
373	1373	2373	-1	11.086068346082003
374	1374	2374	-1	8.535948913542464
375	1375	2375	-1	16.490784391370717
376	1376	2376	-1	9.077016589395662
377	1377	2377	-1	9.186841577865723
378	1378	2378	-1	14.468302194669723
379	1379	2379	-1	9.643881636411074
380	1380	2380	-1	14.332321704609573
381	1381	2381	-1	9.817571422915783
382	1382	2382	-1	13.06772783892315
383	1383	2383	-1	10.671400216400551
384	1384	2384	-1	8.301120653694676
385	1385	2385	-1	10.980155562173527
386	1386	2386	-1	8.339739040534832
387	1387	2387	-1	12.4404902989811
388	1388	2388	-1	8.35801139146553
389	1389	2389	-1	8.8068680301759
390	1390	2390	-1	12.628262940360624
391	1391	2391	-1	14.09800726564209
392	1392	2392	-1	7.208789779126208
393	1393	2393	-1	8.363014005623219
394	1394	2394	-1	12.048025685582525
395	1395	2395	-1	12.193218473940957
396	1396	2396	-1	12.257105516368856
397	1397	2397	-1	12.234113910820913
398	1398	2398	-1	8.41772317273842
399	1399	2399	-1	13.236220495938888
400	1400	2400	-1	12.39325614124118
401	1401	2401	-1	10.354728096692291
402	1402	2402	-1	12.75878248256804
403	1403	2403	-1	9.151624356138159
404	1404	2404	-1	8.890015287856603
405	1405	2405	-1	12.599315998512212
406	1406	2406	-1	9.930031054331032
407	1407	2407	-1	10.791265374881087
408	1408	2408	-1	11.159996330214119
409	1409	2409	-1	15.538661177798904
410	1410	2410	-1	9.994713708978708
411	1411	2411	-1	12.472090823040636
412	1412	2412	-1	9.006945090680455
413	1413	2413	-1	9.74173686152988
414	1414	2414	-1	7.298175247437358
415	1415	2415	-1	10.007694179048512
416	1416	2416	-1	13.724510999765641
417	1417	2417	-1	16.154336875150687
418	1418	2418	-1	8.314334936148622
419	1419	2419	-1	10.35610669480908
420	1420	2420	-1	12.490543923553211
421	1421	2421	-1	12.98638518944611
422	1422	2422	-1	11.323921160486039
423	1423	2423	-1	12.591870851764282
424	1424	2424	-1	8.901278866698322
425	1425	2425	-1	14.405548293085753
426	1426	2426	-1	11.149184115129486
427	1427	2427	-1	13.401057055829353
428	1428	2428	-1	15.881081795773348
429	1429	2429	-1	11.177372674505383
430	1430	2430	-1	20.246202417378736
431	1431	2431	-1	18.807073747815796
432	1432	2432	-1	9.612165455452779
433	1433	2433	-1	11.89765422498294
434	1434	2434	-1	8.504519765574564
435	1435	2435	-1	10.734301875873557
436	1436	2436	-1	11.473547592481573
437	1437	2437	-1	8.77812391972327
438	1438	2438	-1	11.256325877463059
439	1439	2439	-1	9.305021250527926
440	1440	2440	-1	12.373794927144253
441	1441	2441	-1	11.25523329967525
442	1442	2442	-1	11.582275919721233
443	1443	2443	-1	10.978254109147434
444	1444	2444	-1	11.945033916762176
445	1445	2445	-1	8.908900231329072
446	1446	2446	-1	15.254246992035622
447	1447	2447	-1	8.604997374554202
448	1448	2448	-1	14.074434534625922
449	1449	2449	-1	13.682814497262331
450	1450	2450	-1	10.933872829094682
451	1451	2451	-1	9.180962819252555
452	1452	2452	-1	10.792544367303561
453	1453	2453	-1	12.927410681827999
454	1454	2454	-1	12.042254570232624
455	1455	2455	-1	10.271045448844385
456	1456	2456	-1	14.25248391591521
457	1457	2457	-1	10.475578905935363
458	1458	2458	-1	10.857830017745442
459	1459	2459	-1	10.599905106746405
460	1460	2460	-1	12.686111512679924
461	1461	2461	-1	9.295169838815688
462	1462	2462	-1	12.745546175928848
463	1463	2463	-1	13.21345888816855
464	1464	2464	-1	10.097391330578436
465	1465	2465	-1	12.870935167155617
466	1466	2466	-1	13.362007060688205
467	1467	2467	-1	9.682248127542124
468	1468	2468	-1	10.682249109865118
469	1469	2469	-1	9.791147264797141
470	1470	2470	-1	9.940010391399206
471	1471	2471	-1	13.365978114383559
472	1472	2472	-1	9.7818701709327
473	1473	2473	-1	10.129601544051505
474	1474	2474	-1	10.942588678003364
475	1475	2475	-1	9.544064098293742
476	1476	2476	-1	10.268150219360134
477	1477	2477	-1	13.636550600971471
478	1478	2478	-1	13.321020737642195
479	1479	2479	-1	9.98973439316594
480	1480	2480	-1	9.881566712366554
481	1481	2481	-1	11.897144976795447
482	1482	2482	-1	10.396608915482801
483	1483	2483	-1	9.48046182646274
484	1484	2484	-1	9.342191885298114
485	1485	2485	-1	13.424831265244402
486	1486	2486	-1	11.069135326062073
487	1487	2487	-1	10.700083358465951
488	1488	2488	-1	11.842308584495278
489	1489	2489	-1	10.734366474485695
490	1490	2490	-1	9.636248119902408
491	1491	2491	-1	9.695255170192839
492	1492	2492	-1	12.20119640115596
493	1493	2493	-1	11.735413283744569
494	1494	2494	-1	15.185034419290867
495	1495	2495	-1	10.230224873945707
496	1496	2496	-1	11.856213332179138
497	1497	2497	-1	18.499543962166076
498	1498	2498	-1	10.297051216566643
499	1499	2499	-1	10.763098851949975
500	1500	2500	-1	14.355093601022723
501	1501	2501	-1	18.883619160229863
502	1502	2502	-1	10.411285550026045
503	1503	2503	-1	9.216518725379302
504	1504	2504	-1	12.713279120788167
505	1505	2505	-1	12.66104313314254
506	1506	2506	-1	9.20989337703413
507	1507	2507	-1	11.05354246528705
508	1508	2508	-1	14.79817732540417
509	1509	2509	-1	7.597329257362883
510	1510	2510	-1	8.329504220622539
511	1511	2511	-1	11.576812715721278
512	1512	2512	-1	8.230933013397122
513	1513	2513	-1	9.320179158747347
514	1514	2514	-1	13.291899179094933
515	1515	2515	-1	10.273881428528245
516	1516	2516	-1	8.690635657687846
517	1517	2517	-1	8.678786036069301
518	1518	2518	-1	10.167763462342853
519	1519	2519	-1	13.178508667960191
520	1520	2520	-1	9.28822777423436
521	1521	2521	-1	9.16206016806641
522	1522	2522	-1	9.497516475063371
523	1523	2523	-1	13.865094256946561
524	1524	2524	-1	10.770985269720043
525	1525	2525	-1	9.917899443037106
526	1526	2526	-1	11.052115054903531
527	1527	2527	-1	10.711720158886413
528	1528	2528	-1	10.799071104657312
529	1529	2529	-1	10.8135601024946
530	1530	2530	-1	15.30342172149296
531	1531	2531	-1	7.951578556990356
532	1532	2532	-1	15.047692680844866
533	1533	2533	-1	12.406540864615566
534	1534	2534	-1	9.29343755407232
535	1535	2535	-1	12.221308301030932
536	1536	2536	-1	9.98923379943399
537	1537	2537	-1	9.635163662216193
538	1538	2538	-1	11.65053232555277
539	1539	2539	-1	17.543739794613757
540	1540	2540	-1	10.147280256866422
541	1541	2541	-1	12.106051895946008
542	1542	2542	-1	11.141446491500728
543	1543	2543	-1	10.64883508432954
544	1544	2544	-1	9.966337047059998
545	1545	2545	-1	8.72698546856429
546	1546	2546	-1	9.723360416940055
547	1547	2547	-1	16.030545565980983
548	1548	2548	-1	10.6904695104791
549	1549	2549	-1	9.065648077562816
550	1550	2550	-1	10.537453509564093
551	1551	2551	-1	10.082411748335256
552	1552	2552	-1	10.6834746926021
553	1553	2553	-1	14.549079418684691
554	1554	2554	-1	9.947669021923177
555	1555	2555	-1	9.567486780155663
556	1556	2556	-1	13.034985443795494
557	1557	2557	-1	9.167506159860695
558	1558	2558	-1	11.37187361870748
559	1559	2559	-1	13.683697041791445
560	1560	2560	-1	15.965122204184786
561	1561	2561	-1	11.015875794779706
562	1562	2562	-1	8.831785840520748
563	1563	2563	-1	11.4459715151256
564	1564	2564	-1	15.028072848621516
565	1565	2565	-1	9.599629425262602
566	1566	2566	-1	15.656647654375304
567	1567	2567	-1	8.894594725583602
568	1568	2568	-1	8.58489882419256
569	1569	2569	-1	7.6923077354675815
570	1570	2570	-1	13.94213899633699
571	1571	2571	-1	10.213337277162092
572	1572	2572	-1	13.457703468029507
573	1573	2573	-1	9.378094722825
574	1574	2574	-1	10.193932487985846
575	1575	2575	-1	9.304266756554489
576	1576	2576	-1	16.488394051142347
577	1577	2577	-1	9.393385688714462
578	1578	2578	-1	10.763675234206797
579	1579	2579	-1	12.055746751073295
580	1580	2580	-1	12.692514664681942
581	1581	2581	-1	11.57661895051113
582	1582	2582	-1	12.761077679563025
583	1583	2583	-1	13.488103235434599
584	1584	2584	-1	10.876288949189775
585	1585	2585	-1	10.423821822839958
586	1586	2586	-1	8.916331611946255
587	1587	2587	-1	14.01770432996783
588	1588	2588	-1	9.067582836496502
589	1589	2589	-1	18.432853697029735
590	1590	2590	-1	8.538716037294744
591	1591	2591	-1	9.761826912316733
592	1592	2592	-1	11.351111379070833
593	1593	2593	-1	18.803117448989045
594	1594	2594	-1	12.505781936748091
595	1595	2595	-1	12.849582283106713
596	1596	2596	-1	15.572486905735907
597	1597	2597	-1	9.612675769232045
598	1598	2598	-1	13.930473532040626
599	1599	2599	-1	12.037838863730084
600	1600	2600	-1	9.852946888535877
601	1601	2601	-1	11.989429875633814
602	1602	2602	-1	10.404321302493438
603	1603	2603	-1	14.974560139139678
604	1604	2604	-1	12.156579836442866
605	1605	2605	-1	9.630327181706884
606	1606	2606	-1	10.602371894805833
607	1607	2607	-1	14.853608247494916
608	1608	2608	-1	10.677685932349114
609	1609	2609	-1	10.245328937882748
610	1610	2610	-1	16.375195154908685
611	1611	2611	-1	9.558698564464141
612	1612	2612	-1	16.289395163022046
613	1613	2613	-1	12.590495205387489
614	1614	2614	-1	9.395179055774259
615	1615	2615	-1	11.211476577503246
616	1616	2616	-1	10.227573343245805
617	1617	2617	-1	11.72845914185307
618	1618	2618	-1	10.406086235993579
619	1619	2619	-1	8.892770447481935
620	1620	2620	-1	9.767597941584196
621	1621	2621	-1	14.752960781460105
622	1622	2622	-1	10.72742752443371
623	1623	2623	-1	12.420571130231147
624	1624	2624	-1	13.091839596987962
625	1625	2625	-1	12.412486238462595
626	1626	2626	-1	8.848623362647016
627	1627	2627	-1	19.730639921374845
628	1628	2628	-1	8.885610427264282
629	1629	2629	-1	11.581711757892736
630	1630	2630	-1	12.959317988271728
631	1631	2631	-1	10.378130328112597
632	1632	2632	-1	9.73728749089427
633	1633	2633	-1	11.17489470346892
634	1634	2634	-1	15.392663078040437
635	1635	2635	-1	11.865491834275065
636	1636	2636	-1	6.263638804284195
637	1637	2637	-1	8.327443652132336
638	1638	2638	-1	16.75483333601846
639	1639	2639	-1	11.80904464752864
640	1640	2640	-1	15.002062167433017
641	1641	2641	-1	13.108942273055225
642	1642	2642	-1	12.047662966315249
643	1643	2643	-1	10.847467076999179
644	1644	2644	-1	10.61821766103982
645	1645	2645	-1	11.053312620367922
646	1646	2646	-1	13.628648413278734
647	1647	2647	-1	8.618448997356538
648	1648	2648	-1	11.645585725359181
649	1649	2649	-1	10.211883530068748
650	1650	2650	-1	16.026839056792934
651	1651	2651	-1	10.790160060371027
652	1652	2652	-1	11.128152420546002
653	1653	2653	-1	11.092123954724753
654	1654	2654	-1	9.986449963246198
655	1655	2655	-1	11.096553351159669
656	1656	2656	-1	8.632068505954223
657	1657	2657	-1	15.055282881896403
658	1658	2658	-1	9.263206333279905
659	1659	2659	-1	11.464145938666343
660	1660	2660	-1	9.55334528926781
661	1661	2661	-1	15.16101890972899
662	1662	2662	-1	13.355774663549072
663	1663	2663	-1	10.664106347262617
664	1664	2664	-1	13.373669322622883
665	1665	2665	-1	12.38857796802859
666	1666	2666	-1	12.100349035555801
667	1667	2667	-1	14.565180284297808
668	1668	2668	-1	9.677265683748326
669	1669	2669	-1	16.48278594964657
670	1670	2670	-1	10.553710637561629
671	1671	2671	-1	9.011386459492886
672	1672	2672	-1	10.433294858391559
673	1673	2673	-1	8.655468120583343
674	1674	2674	-1	16.50024606689538
675	1675	2675	-1	13.057806927449231
676	1676	2676	-1	9.210144630911284
677	1677	2677	-1	12.680487247549811
678	1678	2678	-1	9.032593527982975
679	1679	2679	-1	11.806219365913169
680	1680	2680	-1	13.387642145295741
681	1681	2681	-1	13.642760881593487
682	1682	2682	-1	8.780783667580026
683	1683	2683	-1	9.47035559879552
684	1684	2684	-1	9.045144199737642
685	1685	2685	-1	9.00771649025475
686	1686	2686	-1	9.734843166955018
687	1687	2687	-1	8.403464685387384
688	1688	2688	-1	10.330086744573222
689	1689	2689	-1	8.958966337317786
690	1690	2690	-1	10.93300008890174
691	1691	2691	-1	12.291174686663036
692	1692	2692	-1	10.493849884288336
693	1693	2693	-1	9.425140856476853
694	1694	2694	-1	11.845701451187052
695	1695	2695	-1	12.284109065038288
696	1696	2696	-1	10.117800023459983
697	1697	2697	-1	9.586613877068386
698	1698	2698	-1	12.45580669322209
699	1699	2699	-1	9.951942932815285
700	1700	2700	-1	11.94949537833464
701	1701	2701	-1	16.74355474133061
702	1702	2702	-1	9.796690961679134
703	1703	2703	-1	10.269486660859537
704	1704	2704	-1	9.894429023344077
705	1705	2705	-1	12.75932603060634
706	1706	2706	-1	12.51162882778502
707	1707	2707	-1	10.97776176500242
708	1708	2708	-1	8.985216727871403
709	1709	2709	-1	11.734210100987493
710	1710	2710	-1	12.114845116227777
711	1711	2711	-1	14.153834831791272
712	1712	2712	-1	9.326141816266192
713	1713	2713	-1	9.902496674646285
714	1714	2714	-1	9.040615838383328
715	1715	2715	-1	10.510902319681243
716	1716	2716	-1	19.07271295076488
717	1717	2717	-1	10.46232139260215
718	1718	2718	-1	10.599382434970098
719	1719	2719	-1	9.394418568563289
720	1720	2720	-1	12.54904637712213
721	1721	2721	-1	13.179754844439461
722	1722	2722	-1	12.049437898804362
723	1723	2723	-1	11.95391609903017
724	1724	2724	-1	11.42357618127029
725	1725	2725	-1	13.101502388420062
726	1726	2726	-1	12.574187021427432
727	1727	2727	-1	8.455740673172869
728	1728	2728	-1	15.404440921267245
729	1729	2729	-1	10.803524341200747
730	1730	2730	-1	10.559233459347988
731	1731	2731	-1	12.70277760419947
732	1732	2732	-1	9.92947610294798
733	1733	2733	-1	14.345686487970495
734	1734	2734	-1	13.502174835831537
735	1735	2735	-1	10.36315117142857
736	1736	2736	-1	9.245952500081899
737	1737	2737	-1	15.025202521255718
738	1738	2738	-1	9.592944416597394
739	1739	2739	-1	14.770698843440426
740	1740	2740	-1	8.646471637443245
741	1741	2741	-1	9.300151598404925
742	1742	2742	-1	11.482876801574536
743	1743	2743	-1	16.466325848937586
744	1744	2744	-1	11.571627994527768
745	1745	2745	-1	9.152276947727868
746	1746	2746	-1	13.752296552497974
747	1747	2747	-1	10.508318566782714
748	1748	2748	-1	11.094262264964817
749	1749	2749	-1	11.800035048355188
750	1750	2750	-1	8.45426507404697
751	1751	2751	-1	11.699752533491504
752	1752	2752	-1	12.719816776535897
753	1753	2753	-1	13.194822049698042
754	1754	2754	-1	10.54710608098428
755	1755	2755	-1	10.85411602701448
756	1756	2756	-1	12.242446450992176
757	1757	2757	-1	9.842195926961303
758	1758	2758	-1	10.993364632314554
759	1759	2759	-1	9.43574731291776
760	1760	2760	-1	15.339734594146588
761	1761	2761	-1	10.962153089792913
762	1762	2762	-1	14.736892118350333
763	1763	2763	-1	9.818966437141272
764	1764	2764	-1	12.553379731649883
765	1765	2765	-1	10.557831783567192
766	1766	2766	-1	14.557225204910745
767	1767	2767	-1	14.693242023853248
768	1768	2768	-1	10.801953196625242
769	1769	2769	-1	9.172474885103977
770	1770	2770	-1	7.821654720597255
771	1771	2771	-1	13.536016066909701
772	1772	2772	-1	8.524712971190679
773	1773	2773	-1	8.437709113586726
774	1774	2774	-1	11.007870052913503
775	1775	2775	-1	11.107563876081933
776	1776	2776	-1	9.399574551958942
777	1777	2777	-1	11.042465432725038
778	1778	2778	-1	10.28145197978707
779	1779	2779	-1	9.600923762799855
780	1780	2780	-1	9.786270097714658
781	1781	2781	-1	11.687592751573506
782	1782	2782	-1	9.855206879703266
783	1783	2783	-1	13.519459632940958
784	1784	2784	-1	11.006109784408952
785	1785	2785	-1	13.392603370877088
786	1786	2786	-1	12.326829525353789
787	1787	2787	-1	10.348224266507659
788	1788	2788	-1	13.330178814507557
789	1789	2789	-1	10.329610474267094
790	1790	2790	-1	12.44377579108046
791	1791	2791	-1	11.644376754027437
792	1792	2792	-1	8.803053247840115
793	1793	2793	-1	10.057351374014257
794	1794	2794	-1	13.692469171061838
795	1795	2795	-1	11.41922578471482
796	1796	2796	-1	11.300565689523054
797	1797	2797	-1	15.968911261770653
798	1798	2798	-1	8.055884352303147
799	1799	2799	-1	10.291255391991964
800	1800	2800	-1	10.245865363330916
801	1801	2801	-1	16.28108049137694
802	1802	2802	-1	10.477259281986722
803	1803	2803	-1	9.566991772708523
804	1804	2804	-1	9.180175914794471
805	1805	2805	-1	11.876742869300944
806	1806	2806	-1	10.154557889446231
807	1807	2807	-1	12.514133086847542
808	1808	2808	-1	10.766601269362658
809	1809	2809	-1	10.177835232718275
810	1810	2810	-1	10.233844016042633
811	1811	2811	-1	12.26904298290547
812	1812	2812	-1	11.722597464521282
813	1813	2813	-1	12.28053312575186
814	1814	2814	-1	15.600653839096584
815	1815	2815	-1	8.72174478705381
816	1816	2816	-1	11.091864039909042
817	1817	2817	-1	8.83018989621461
818	1818	2818	-1	15.215442520899575
819	1819	2819	-1	13.013266073273503
820	1820	2820	-1	11.355884100230698
821	1821	2821	-1	9.680194670270135
822	1822	2822	-1	13.002994240545688
823	1823	2823	-1	13.842783339611493
824	1824	2824	-1	9.29370201810956
825	1825	2825	-1	13.054811842854487
826	1826	2826	-1	14.193875361972296
827	1827	2827	-1	12.54896180220842
828	1828	2828	-1	12.022498965878608
829	1829	2829	-1	11.708960815048295
830	1830	2830	-1	12.727936508702497
831	1831	2831	-1	12.238411286124599
832	1832	2832	-1	10.009595280454905
833	1833	2833	-1	13.118747925497303
834	1834	2834	-1	10.980696441157608
835	1835	2835	-1	13.089429179381687
836	1836	2836	-1	13.375790834789985
837	1837	2837	-1	12.49607191839122
838	1838	2838	-1	16.06615540882955
839	1839	2839	-1	8.527242833268524
840	1840	2840	-1	11.600377866877524
841	1841	2841	-1	12.904814640767142
842	1842	2842	-1	11.473467198410315
843	1843	2843	-1	11.547222091424542
844	1844	2844	-1	10.248298141148346
845	1845	2845	-1	11.125707676531322
846	1846	2846	-1	13.718667693958347
847	1847	2847	-1	11.59041146099103
848	1848	2848	-1	8.629145228215892
849	1849	2849	-1	9.908619974201471
850	1850	2850	-1	12.603860621345333
851	1851	2851	-1	11.18009416297093
852	1852	2852	-1	12.416931866487605
853	1853	2853	-1	9.213222613164255
854	1854	2854	-1	10.51437591893195
855	1855	2855	-1	15.251936951506883
856	1856	2856	-1	10.75187769488852
857	1857	2857	-1	12.997646692556353
858	1858	2858	-1	11.498791346543754
859	1859	2859	-1	19.963455980878436
860	1860	2860	-1	9.504946707827207
861	1861	2861	-1	12.393508546973258
862	1862	2862	-1	9.494944456834384
863	1863	2863	-1	12.152785295729581
864	1864	2864	-1	8.510888988537303
865	1865	2865	-1	9.729676515687887
866	1866	2866	-1	9.850235433158574
867	1867	2867	-1	14.12000192124749
868	1868	2868	-1	10.484799489762384
869	1869	2869	-1	13.903125460226214
870	1870	2870	-1	11.693220514678972
871	1871	2871	-1	11.283485203209374
872	1872	2872	-1	11.774297493418159
873	1873	2873	-1	11.948892733727568
874	1874	2874	-1	10.95009807214832
875	1875	2875	-1	14.357687439982014
876	1876	2876	-1	10.972906749323663
877	1877	2877	-1	11.899695415555398
878	1878	2878	-1	10.47721159155755
879	1879	2879	-1	17.244237923351246
880	1880	2880	-1	13.525441888909715
881	1881	2881	-1	10.883631027155491
882	1882	2882	-1	23.849593957473026
883	1883	2883	-1	10.192990965993097
884	1884	2884	-1	8.418857627177557
885	1885	2885	-1	19.50072215635918
886	1886	2886	-1	8.771982291275227
887	1887	2887	-1	13.01982811805545
888	1888	2888	-1	12.374335963207614
889	1889	2889	-1	12.171601493056025
890	1890	2890	-1	9.588735927952172
891	1891	2891	-1	10.976511108364193
892	1892	2892	-1	9.20930240072677
893	1893	2893	-1	13.278600725735433
894	1894	2894	-1	9.988360016904574
895	1895	2895	-1	12.138319679975416
896	1896	2896	-1	11.841039001266378
897	1897	2897	-1	9.794790592725453
898	1898	2898	-1	12.67538248504728
899	1899	2899	-1	15.353206101344737
900	1900	2900	-1	10.599900313678383
901	1901	2901	-1	8.514529841409704
902	1902	2902	-1	8.190419579497222
903	1903	2903	-1	12.706418865050864
904	1904	2904	-1	10.398140649035739
905	1905	2905	-1	14.174743429685432
906	1906	2906	-1	14.059340137477342
907	1907	2907	-1	10.193720838783683
908	1908	2908	-1	10.638014618383446
909	1909	2909	-1	10.112251109101349
910	1910	2910	-1	11.378644756630585
911	1911	2911	-1	10.346025529987516
912	1912	2912	-1	9.455407516992693
913	1913	2913	-1	8.741013949639264
914	1914	2914	-1	10.15251041605323
915	1915	2915	-1	13.498645878779074
916	1916	2916	-1	10.896096805528156
917	1917	2917	-1	13.616434063707997
918	1918	2918	-1	12.790999905335461
919	1919	2919	-1	15.323503214215185
920	1920	2920	-1	12.424807522909047
921	1921	2921	-1	11.256608476827164
922	1922	2922	-1	11.982988095956177
923	1923	2923	-1	12.129392464015641
924	1924	2924	-1	14.75690376678038
925	1925	2925	-1	13.660529310281014
926	1926	2926	-1	12.617376074169709
927	1927	2927	-1	11.176544577808473
928	1928	2928	-1	10.268816102318217
929	1929	2929	-1	10.399413782251752
930	1930	2930	-1	10.467872056885355
931	1931	2931	-1	10.065917873620512
932	1932	2932	-1	11.04539716815909
933	1933	2933	-1	9.49010166196087
934	1934	2934	-1	16.45006698027445
935	1935	2935	-1	9.296243544358259
936	1936	2936	-1	12.205425395627579
937	1937	2937	-1	9.366478386339804
938	1938	2938	-1	14.134946752716306
939	1939	2939	-1	10.08132509744979
940	1940	2940	-1	13.81793173691376
941	1941	2941	-1	14.1804739190535
942	1942	2942	-1	10.390397410463082
943	1943	2943	-1	10.327616367699312
944	1944	2944	-1	8.942969295851544
945	1945	2945	-1	21.91163736233487
946	1946	2946	-1	9.285164334265076
947	1947	2947	-1	9.503749297005708
948	1948	2948	-1	9.16728623404351
949	1949	2949	-1	12.192899653462545
950	1950	2950	-1	9.94870030073194
951	1951	2951	-1	12.25428240315743
952	1952	2952	-1	10.53927448417558
953	1953	2953	-1	10.510840587855226
954	1954	2954	-1	12.858139895576535
955	1955	2955	-1	8.1596060595101
956	1956	2956	-1	8.593953523413035
957	1957	2957	-1	14.948232131699326
958	1958	2958	-1	12.797249261806686
959	1959	2959	-1	9.259511137688243
960	1960	2960	-1	12.730434008904878
961	1961	2961	-1	12.9327516419506
962	1962	2962	-1	14.34320263360674
963	1963	2963	-1	12.46730109966492
964	1964	2964	-1	15.392924774464662
965	1965	2965	-1	10.590824604642501
966	1966	2966	-1	9.38035783107321
967	1967	2967	-1	11.363628975273874
968	1968	2968	-1	10.380089876165185
969	1969	2969	-1	10.356351179497358
970	1970	2970	-1	12.700721934425857
971	1971	2971	-1	9.958947750390736
972	1972	2972	-1	13.170922304145535
973	1973	2973	-1	12.640875802725551
974	1974	2974	-1	10.040113349266273
975	1975	2975	-1	10.071858357335884
976	1976	2976	-1	11.594904340491281
977	1977	2977	-1	11.746017176767838
978	1978	2978	-1	11.209964833763454
979	1979	2979	-1	11.914867995046382
980	1980	2980	-1	11.08208266431203
981	1981	2981	-1	10.136817325907591
982	1982	2982	-1	10.355935797739793
983	1983	2983	-1	11.04109935928494
984	1984	2984	-1	14.103318727234573
985	1985	2985	-1	10.353255240112544
986	1986	2986	-1	14.442907131911323
987	1987	2987	-1	12.594385076903848
988	1988	2988	-1	10.612189992084177
989	1989	2989	-1	10.785621914774412
990	1990	2990	-1	12.797768867036647
991	1991	2991	-1	10.747505868761369
992	1992	2992	-1	13.407425506610284
993	1993	2993	-1	10.179233348826024
994	1994	2994	-1	9.491726302550541
995	1995	2995	-1	9.526136698668696
996	1996	2996	-1	12.01814638399231
997	1997	2997	-1	11.800998136167044
998	1998	2998	-1	10.275719425586175
999	1999	2999	-1	10.515521467945897
