ind_ID	father_ID	mother_ID	Sex	Phenotype
0	1000	2000	-1	9.91371812926688
1	1001	2001	-1	10.32317467993116
2	1002	2002	-1	9.574056038080213
3	1003	2003	-1	9.586277910119097
4	1004	2004	-1	10.595050446968774
5	1005	2005	-1	11.505866918063605
6	1006	2006	-1	11.879590042968402
7	1007	2007	-1	30.055013746315847
8	1008	2008	-1	10.67466071156935
9	1009	2009	-1	9.690186852308006
10	1010	2010	-1	11.66840893732305
11	1011	2011	-1	90.07446640878142
12	1012	2012	-1	29.360223143744367
13	1013	2013	-1	9.142043354488406
14	1014	2014	-1	8.972872272163777
15	1015	2015	-1	11.188678849481313
16	1016	2016	-1	7.876991932556846
17	1017	2017	-1	9.724009237495869
18	1018	2018	-1	8.630873185511447
19	1019	2019	-1	10.260219513394766
20	1020	2020	-1	92.57318109447841
21	1021	2021	-1	10.917057020398332
22	1022	2022	-1	30.922965971988724
23	1023	2023	-1	29.313839964926274
24	1024	2024	-1	28.54529968224265
25	1025	2025	-1	29.84552991824194
26	1026	2026	-1	10.535553837940311
27	1027	2027	-1	10.567538338946324
28	1028	2028	-1	29.67370399105941
29	1029	2029	-1	8.786153557598551
30	1030	2030	-1	9.22950530641739
31	1031	2031	-1	12.086138501436782
32	1032	2032	-1	10.827591970483804
33	1033	2033	-1	29.29800391678566
34	1034	2034	-1	30.093744998801004
35	1035	2035	-1	9.205000153075915
36	1036	2036	-1	10.096323907178562
37	1037	2037	-1	28.990410706319178
38	1038	2038	-1	32.3638628873911
39	1039	2039	-1	10.871157045698357
40	1040	2040	-1	7.828575296973237
41	1041	2041	-1	9.210216291171438
42	1042	2042	-1	28.985030233856794
43	1043	2043	-1	29.701018231251723
44	1044	2044	-1	10.677421367082232
45	1045	2045	-1	11.059203352232428
46	1046	2046	-1	11.015006601205629
47	1047	2047	-1	9.070026016745558
48	1048	2048	-1	9.27023459548129
49	1049	2049	-1	10.52983174590201
50	1050	2050	-1	10.086389908746092
51	1051	2051	-1	9.900834045963357
52	1052	2052	-1	29.843685804673356
53	1053	2053	-1	90.32033026902644
54	1054	2054	-1	11.289371044594244
55	1055	2055	-1	30.105319829324888
56	1056	2056	-1	8.784178797467744
57	1057	2057	-1	10.591843903113395
58	1058	2058	-1	9.1612487131723
59	1059	2059	-1	30.353893472854303
60	1060	2060	-1	30.03601680090315
61	1061	2061	-1	10.077862880565826
62	1062	2062	-1	30.767400884722512
63	1063	2063	-1	31.041556719847655
64	1064	2064	-1	8.817809269618149
65	1065	2065	-1	29.421304903466517
66	1066	2066	-1	11.516555820237077
67	1067	2067	-1	10.450403826655862
68	1068	2068	-1	88.449237289074
69	1069	2069	-1	9.863384312086698
70	1070	2070	-1	10.937758181920174
71	1071	2071	-1	28.631499967781718
72	1072	2072	-1	29.215703014950737
73	1073	2073	-1	10.660130696700808
74	1074	2074	-1	9.788545653646537
75	1075	2075	-1	8.985330528143166
76	1076	2076	-1	29.224151045117804
77	1077	2077	-1	29.307813209171886
78	1078	2078	-1	9.965628814063995
79	1079	2079	-1	10.988582536255151
80	1080	2080	-1	10.116351357493427
81	1081	2081	-1	28.523471531310733
82	1082	2082	-1	28.774438970109564
83	1083	2083	-1	29.082909462878284
84	1084	2084	-1	29.471661070525762
85	1085	2085	-1	10.836302266637082
86	1086	2086	-1	9.154689555773787
87	1087	2087	-1	9.047020093618967
88	1088	2088	-1	11.695288620661296
89	1089	2089	-1	10.042405269342403
90	1090	2090	-1	8.544937892930449
91	1091	2091	-1	9.708661960015252
92	1092	2092	-1	29.11300905527889
93	1093	2093	-1	32.13829327311492
94	1094	2094	-1	9.187690591603818
95	1095	2095	-1	9.834835658569178
96	1096	2096	-1	9.312865627844483
97	1097	2097	-1	29.66476463747151
98	1098	2098	-1	30.491047156142454
99	1099	2099	-1	12.505076545181467
100	1100	2100	-1	9.18200826438254
101	1101	2101	-1	31.756902889390698
102	1102	2102	-1	10.690627776996697
103	1103	2103	-1	8.330373117380203
104	1104	2104	-1	9.748064175944549
105	1105	2105	-1	10.72559359743401
106	1106	2106	-1	28.452297189361147
107	1107	2107	-1	9.257728105643213
108	1108	2108	-1	9.932207166131287
109	1109	2109	-1	9.69980225245842
110	1110	2110	-1	29.50447788595363
111	1111	2111	-1	8.91389354618088
112	1112	2112	-1	9.480666077949865
113	1113	2113	-1	10.499788903436682
114	1114	2114	-1	10.375152037838854
115	1115	2115	-1	10.226514216709186
116	1116	2116	-1	10.682255009776345
117	1117	2117	-1	9.858239481647418
118	1118	2118	-1	10.9288015847855
119	1119	2119	-1	31.1765929297298
120	1120	2120	-1	9.21781793616227
121	1121	2121	-1	29.619905256373336
122	1122	2122	-1	30.253913648657484
123	1123	2123	-1	9.81703844992457
124	1124	2124	-1	31.201981257239805
125	1125	2125	-1	11.040000459226682
126	1126	2126	-1	30.349017009040796
127	1127	2127	-1	9.788470749935028
128	1128	2128	-1	9.6068892282862
129	1129	2129	-1	10.427891349185245
130	1130	2130	-1	8.934018375586229
131	1131	2131	-1	30.023557136532517
132	1132	2132	-1	11.726769196318427
133	1133	2133	-1	30.36047944607812
134	1134	2134	-1	10.320995210032663
135	1135	2135	-1	9.617026647157006
136	1136	2136	-1	10.156815232613532
137	1137	2137	-1	8.570771719809578
138	1138	2138	-1	10.614886109890666
139	1139	2139	-1	30.10954038894648
140	1140	2140	-1	10.652843246943082
141	1141	2141	-1	11.245328536651389
142	1142	2142	-1	90.39108290992881
143	1143	2143	-1	30.179420856609678
144	1144	2144	-1	31.527973880446016
145	1145	2145	-1	10.138150182567898
146	1146	2146	-1	10.457671901246314
147	1147	2147	-1	12.00266108733893
148	1148	2148	-1	10.791877183434373
149	1149	2149	-1	30.347702093575258
150	1150	2150	-1	10.706927996383456
151	1151	2151	-1	29.69648625946704
152	1152	2152	-1	10.986576679692716
153	1153	2153	-1	29.666317848786935
154	1154	2154	-1	9.136694128059242
155	1155	2155	-1	10.83198613782467
156	1156	2156	-1	8.514168369310717
157	1157	2157	-1	10.234859533477199
158	1158	2158	-1	10.368839833361005
159	1159	2159	-1	29.996721568238364
160	1160	2160	-1	88.77823430453057
161	1161	2161	-1	9.108579668637049
162	1162	2162	-1	29.23612614495169
163	1163	2163	-1	8.660922972487793
164	1164	2164	-1	8.973712375704233
165	1165	2165	-1	9.945608415348895
166	1166	2166	-1	31.028905494535046
167	1167	2167	-1	9.800639850794001
168	1168	2168	-1	10.566871953650523
169	1169	2169	-1	9.24090133127358
170	1170	2170	-1	9.259023349668666
171	1171	2171	-1	12.101862577887443
172	1172	2172	-1	9.796954370288418
173	1173	2173	-1	29.61079191645491
174	1174	2174	-1	10.332050898479645
175	1175	2175	-1	10.400124848813581
176	1176	2176	-1	27.335796604758336
177	1177	2177	-1	11.377193891053654
178	1178	2178	-1	29.297174648817233
179	1179	2179	-1	9.51300569346317
180	1180	2180	-1	29.92602282725733
181	1181	2181	-1	10.523336370269167
182	1182	2182	-1	11.75155203469152
183	1183	2183	-1	30.08447876309116
184	1184	2184	-1	8.688067093873055
185	1185	2185	-1	30.678513349467615
186	1186	2186	-1	10.235100436012877
187	1187	2187	-1	10.233622344435348
188	1188	2188	-1	9.502581997892683
189	1189	2189	-1	9.389392795027486
190	1190	2190	-1	10.44800247652112
191	1191	2191	-1	29.600163589204566
192	1192	2192	-1	9.18929633536746
193	1193	2193	-1	9.836600761224402
194	1194	2194	-1	10.8813700008808
195	1195	2195	-1	9.507927570713738
196	1196	2196	-1	9.873964583525265
197	1197	2197	-1	8.93211416953038
198	1198	2198	-1	30.428044093227815
199	1199	2199	-1	9.618112002133449
200	1200	2200	-1	29.49457762034318
201	1201	2201	-1	7.577206684377675
202	1202	2202	-1	28.74736208221623
203	1203	2203	-1	9.596716613415225
204	1204	2204	-1	9.052056940219302
205	1205	2205	-1	10.5181836098437
206	1206	2206	-1	30.67114764303466
207	1207	2207	-1	10.255781151848298
208	1208	2208	-1	30.26781733246789
209	1209	2209	-1	11.39433937011918
210	1210	2210	-1	10.42472894265602
211	1211	2211	-1	9.666312955418379
212	1212	2212	-1	32.64970216073295
213	1213	2213	-1	11.446545305678496
214	1214	2214	-1	9.181250844316065
215	1215	2215	-1	31.875525675349195
216	1216	2216	-1	11.948501645030477
217	1217	2217	-1	30.275251378113072
218	1218	2218	-1	8.97169431756816
219	1219	2219	-1	8.945324802179458
220	1220	2220	-1	30.278369573371176
221	1221	2221	-1	9.555706739669404
222	1222	2222	-1	30.250556187427073
223	1223	2223	-1	10.281283568726899
224	1224	2224	-1	9.397425704400733
225	1225	2225	-1	89.1576805768414
226	1226	2226	-1	10.985654254696332
227	1227	2227	-1	10.773969120464475
228	1228	2228	-1	10.284134417859596
229	1229	2229	-1	9.735257092396498
230	1230	2230	-1	11.599772518002585
231	1231	2231	-1	8.816915282827733
232	1232	2232	-1	10.330034231946415
233	1233	2233	-1	29.288409973082977
234	1234	2234	-1	10.07426755133533
235	1235	2235	-1	10.54777921424924
236	1236	2236	-1	10.71775847869862
237	1237	2237	-1	9.124637986576717
238	1238	2238	-1	11.43874403663854
239	1239	2239	-1	28.793386460176148
240	1240	2240	-1	10.175318880489327
241	1241	2241	-1	10.118680366831626
242	1242	2242	-1	30.387259544703806
243	1243	2243	-1	9.352068878978923
244	1244	2244	-1	10.57726010289936
245	1245	2245	-1	11.390928134763369
246	1246	2246	-1	10.123638832692496
247	1247	2247	-1	9.936327121489224
248	1248	2248	-1	30.20923868106704
249	1249	2249	-1	8.677862479648109
250	1250	2250	-1	31.001676227729483
251	1251	2251	-1	10.214153947020915
252	1252	2252	-1	29.755973283284586
253	1253	2253	-1	9.501051903089465
254	1254	2254	-1	10.306457110213058
255	1255	2255	-1	9.839939067187078
256	1256	2256	-1	10.802626461483138
257	1257	2257	-1	11.07431495289486
258	1258	2258	-1	29.517003173023568
259	1259	2259	-1	11.143486747713078
260	1260	2260	-1	12.560508848840353
261	1261	2261	-1	29.53179663879108
262	1262	2262	-1	88.18761285777916
263	1263	2263	-1	11.01934367539944
264	1264	2264	-1	10.05420748806072
265	1265	2265	-1	30.259377516856446
266	1266	2266	-1	90.52685364712687
267	1267	2267	-1	10.033332378586776
268	1268	2268	-1	9.4789642351719
269	1269	2269	-1	29.10266733590148
270	1270	2270	-1	11.924736466038734
271	1271	2271	-1	10.289459041113828
272	1272	2272	-1	9.133769154550484
273	1273	2273	-1	9.900128078274612
274	1274	2274	-1	30.08551919518278
275	1275	2275	-1	8.304977376780052
276	1276	2276	-1	9.949137375120669
277	1277	2277	-1	10.053507656415754
278	1278	2278	-1	10.720096095571213
279	1279	2279	-1	9.908382338337649
280	1280	2280	-1	10.19625408509222
281	1281	2281	-1	10.343856103300444
282	1282	2282	-1	29.334590870860392
283	1283	2283	-1	7.536679720840877
284	1284	2284	-1	10.448766535779693
285	1285	2285	-1	11.14929085446412
286	1286	2286	-1	11.154604102320718
287	1287	2287	-1	8.077296420056618
288	1288	2288	-1	8.165421240436538
289	1289	2289	-1	9.458390711767802
290	1290	2290	-1	11.26288854128139
291	1291	2291	-1	9.607306339765065
292	1292	2292	-1	7.4751161866393065
293	1293	2293	-1	10.927332702364144
294	1294	2294	-1	28.032417809492742
295	1295	2295	-1	28.68410183542185
296	1296	2296	-1	29.383938801874102
297	1297	2297	-1	9.426946710563849
298	1298	2298	-1	9.570950419636796
299	1299	2299	-1	11.257050542962489
300	1300	2300	-1	11.153365853588312
301	1301	2301	-1	9.82282465240901
302	1302	2302	-1	9.282236544526807
303	1303	2303	-1	11.714235175826742
304	1304	2304	-1	29.139683185328902
305	1305	2305	-1	10.359521655389253
306	1306	2306	-1	9.717168726497112
307	1307	2307	-1	10.543751368949097
308	1308	2308	-1	7.872309685340856
309	1309	2309	-1	9.762820037710599
310	1310	2310	-1	30.237023134263236
311	1311	2311	-1	9.482346656990027
312	1312	2312	-1	10.294606237361261
313	1313	2313	-1	30.71050084588588
314	1314	2314	-1	12.255168119488289
315	1315	2315	-1	8.965399700164323
316	1316	2316	-1	11.761137568029717
317	1317	2317	-1	12.444333247079271
318	1318	2318	-1	30.544343517433045
319	1319	2319	-1	9.215403255686223
320	1320	2320	-1	10.463508710988817
321	1321	2321	-1	10.070409793999685
322	1322	2322	-1	12.280590644142702
323	1323	2323	-1	9.446160492178075
324	1324	2324	-1	11.619946417504176
325	1325	2325	-1	8.590717594184984
326	1326	2326	-1	10.63787972779361
327	1327	2327	-1	9.262227434861593
328	1328	2328	-1	9.849652534401534
329	1329	2329	-1	10.059474347425194
330	1330	2330	-1	10.297713807749632
331	1331	2331	-1	9.750384049957715
332	1332	2332	-1	9.637139162283264
333	1333	2333	-1	10.77448957587909
334	1334	2334	-1	90.97068360941985
335	1335	2335	-1	9.731008296723134
336	1336	2336	-1	29.26434466879643
337	1337	2337	-1	9.95346704067533
338	1338	2338	-1	31.49673269621663
339	1339	2339	-1	11.75102318640723
340	1340	2340	-1	11.594370921982923
341	1341	2341	-1	10.19120239689926
342	1342	2342	-1	8.81230400484722
343	1343	2343	-1	91.31829691166783
344	1344	2344	-1	8.68586961153815
345	1345	2345	-1	29.87230483444548
346	1346	2346	-1	9.018283907309714
347	1347	2347	-1	28.873742962664828
348	1348	2348	-1	9.596746933123375
349	1349	2349	-1	9.372072944159049
350	1350	2350	-1	10.553817047359438
351	1351	2351	-1	11.005569191866197
352	1352	2352	-1	10.37294409582889
353	1353	2353	-1	30.603199601342745
354	1354	2354	-1	8.949122340292515
355	1355	2355	-1	10.533761283454176
356	1356	2356	-1	8.66368406329637
357	1357	2357	-1	29.015564437442094
358	1358	2358	-1	10.36275574595519
359	1359	2359	-1	9.86643297282754
360	1360	2360	-1	8.422012850888594
361	1361	2361	-1	8.000421206957325
362	1362	2362	-1	31.711053323963966
363	1363	2363	-1	10.687744141239548
364	1364	2364	-1	10.941629720583437
365	1365	2365	-1	11.166169747271251
366	1366	2366	-1	30.888125644697627
367	1367	2367	-1	9.422240157481335
368	1368	2368	-1	9.493379722429587
369	1369	2369	-1	11.519423381340326
370	1370	2370	-1	10.246348683161607
371	1371	2371	-1	10.858704948646372
372	1372	2372	-1	11.034794170445313
373	1373	2373	-1	30.458130891505693
374	1374	2374	-1	9.494928346642437
375	1375	2375	-1	29.73867095491228
376	1376	2376	-1	30.757317246555264
377	1377	2377	-1	10.840829063298573
378	1378	2378	-1	8.989600714047231
379	1379	2379	-1	10.854150605029401
380	1380	2380	-1	10.946480440833122
381	1381	2381	-1	9.932953793669066
382	1382	2382	-1	29.870967998550544
383	1383	2383	-1	10.261245926804378
384	1384	2384	-1	9.147084956123328
385	1385	2385	-1	8.704618618021652
386	1386	2386	-1	9.298953486334417
387	1387	2387	-1	10.842839210032048
388	1388	2388	-1	9.5569899916363
389	1389	2389	-1	10.232337390855646
390	1390	2390	-1	9.63844949570557
391	1391	2391	-1	10.4932789130873
392	1392	2392	-1	8.750237290661277
393	1393	2393	-1	10.635102214230782
394	1394	2394	-1	9.077060332175815
395	1395	2395	-1	28.132240819925553
396	1396	2396	-1	8.859993244978043
397	1397	2397	-1	9.596668037229765
398	1398	2398	-1	28.94212768821161
399	1399	2399	-1	11.025181478668841
400	1400	2400	-1	31.118775358680328
401	1401	2401	-1	8.585457142073956
402	1402	2402	-1	7.863120184634772
403	1403	2403	-1	8.874363522918829
404	1404	2404	-1	8.865205820805322
405	1405	2405	-1	10.756979339121088
406	1406	2406	-1	30.84856013301773
407	1407	2407	-1	30.935673994892333
408	1408	2408	-1	10.405423845130617
409	1409	2409	-1	11.230618813908283
410	1410	2410	-1	9.320076866196965
411	1411	2411	-1	9.2108975980828
412	1412	2412	-1	11.108070535335106
413	1413	2413	-1	11.869042064678663
414	1414	2414	-1	7.8114622720149285
415	1415	2415	-1	29.892210588233525
416	1416	2416	-1	29.71441726935377
417	1417	2417	-1	10.513037054932711
418	1418	2418	-1	29.64995282561057
419	1419	2419	-1	30.753488842787224
420	1420	2420	-1	9.32648773920044
421	1421	2421	-1	9.575593024940055
422	1422	2422	-1	31.182653679057044
423	1423	2423	-1	8.394988819034738
424	1424	2424	-1	9.730593496113157
425	1425	2425	-1	9.356928970202151
426	1426	2426	-1	28.87671066782369
427	1427	2427	-1	31.410456883229642
428	1428	2428	-1	7.963009488581767
429	1429	2429	-1	9.935023144101827
430	1430	2430	-1	11.352719720771216
431	1431	2431	-1	10.482076245730335
432	1432	2432	-1	28.17542428612553
433	1433	2433	-1	10.617674838518111
434	1434	2434	-1	10.300470850686365
435	1435	2435	-1	9.302924039983878
436	1436	2436	-1	88.92910952359003
437	1437	2437	-1	10.425385446790358
438	1438	2438	-1	10.185324004819174
439	1439	2439	-1	30.796541033351573
440	1440	2440	-1	11.581234792228505
441	1441	2441	-1	10.06888223880724
442	1442	2442	-1	9.238458417350282
443	1443	2443	-1	11.595000392274075
444	1444	2444	-1	11.758171767178805
445	1445	2445	-1	29.38749623487914
446	1446	2446	-1	9.682107517294828
447	1447	2447	-1	10.417195756287562
448	1448	2448	-1	29.521314775303193
449	1449	2449	-1	11.998936105058597
450	1450	2450	-1	28.564623722745512
451	1451	2451	-1	12.170196708578324
452	1452	2452	-1	11.254842769166919
453	1453	2453	-1	29.769200165704707
454	1454	2454	-1	29.300217821548447
455	1455	2455	-1	8.540001267289124
456	1456	2456	-1	8.536448078181508
457	1457	2457	-1	30.440958806755052
458	1458	2458	-1	9.344883443001999
459	1459	2459	-1	8.807522428153433
460	1460	2460	-1	30.80789615820148
461	1461	2461	-1	8.988908640790124
462	1462	2462	-1	9.90489286664051
463	1463	2463	-1	9.414326041129993
464	1464	2464	-1	30.650557006132264
465	1465	2465	-1	10.11246447767814
466	1466	2466	-1	9.400143907553137
467	1467	2467	-1	29.744446591274027
468	1468	2468	-1	7.848164824265416
469	1469	2469	-1	9.922394356831427
470	1470	2470	-1	12.114650049773157
471	1471	2471	-1	30.93350785333667
472	1472	2472	-1	8.820542409108194
473	1473	2473	-1	30.285276556758422
474	1474	2474	-1	30.43513708756742
475	1475	2475	-1	10.65798187744425
476	1476	2476	-1	8.887250013935796
477	1477	2477	-1	10.688148892740351
478	1478	2478	-1	9.080454057188424
479	1479	2479	-1	8.911180116739116
480	1480	2480	-1	8.551441505739437
481	1481	2481	-1	8.959769995368319
482	1482	2482	-1	10.586051199219819
483	1483	2483	-1	10.648510496422828
484	1484	2484	-1	32.43170630850493
485	1485	2485	-1	9.233772821761892
486	1486	2486	-1	11.867531361138669
487	1487	2487	-1	8.019477155557178
488	1488	2488	-1	8.776945051344796
489	1489	2489	-1	9.393458408498553
490	1490	2490	-1	10.44938583398354
491	1491	2491	-1	10.528739875169487
492	1492	2492	-1	9.199613285034106
493	1493	2493	-1	8.826461983436463
494	1494	2494	-1	9.980625601575223
495	1495	2495	-1	30.38759449320439
496	1496	2496	-1	9.063872257076527
497	1497	2497	-1	10.342882189858752
498	1498	2498	-1	28.902982679464305
499	1499	2499	-1	29.855292988322155
500	1500	2500	-1	8.987775397336936
501	1501	2501	-1	8.88905016934792
502	1502	2502	-1	30.309780697268206
503	1503	2503	-1	10.872384111621676
504	1504	2504	-1	9.691037224488674
505	1505	2505	-1	9.791883410085452
506	1506	2506	-1	30.298289514861718
507	1507	2507	-1	9.394361517430479
508	1508	2508	-1	9.624323357665395
509	1509	2509	-1	28.918569775408105
510	1510	2510	-1	9.718206195704623
511	1511	2511	-1	11.094666429951262
512	1512	2512	-1	10.025088452054943
513	1513	2513	-1	31.279124788028067
514	1514	2514	-1	10.178698048830999
515	1515	2515	-1	30.345398479142307
516	1516	2516	-1	12.20963775344513
517	1517	2517	-1	10.495971440751246
518	1518	2518	-1	30.79352195939858
519	1519	2519	-1	29.990953625010476
520	1520	2520	-1	10.211943768295264
521	1521	2521	-1	10.541576220207329
522	1522	2522	-1	7.409497012814274
523	1523	2523	-1	10.957796468848843
524	1524	2524	-1	11.907607070716999
525	1525	2525	-1	8.644899484211392
526	1526	2526	-1	9.762901324434399
527	1527	2527	-1	29.084012359306506
528	1528	2528	-1	9.683877186517103
529	1529	2529	-1	10.104591055087248
530	1530	2530	-1	9.998408250547863
531	1531	2531	-1	9.280164076845491
532	1532	2532	-1	10.552304693779135
533	1533	2533	-1	11.308688087617744
534	1534	2534	-1	9.79434909940116
535	1535	2535	-1	10.556831730026417
536	1536	2536	-1	29.82582768578598
537	1537	2537	-1	28.458602982499222
538	1538	2538	-1	9.482057302370809
539	1539	2539	-1	30.762134892511288
540	1540	2540	-1	9.637993606815474
541	1541	2541	-1	9.899373968978928
542	1542	2542	-1	9.92990886936812
543	1543	2543	-1	10.373272195609767
544	1544	2544	-1	9.356363334929725
545	1545	2545	-1	30.912477732945735
546	1546	2546	-1	30.64506948723979
547	1547	2547	-1	9.685480586587483
548	1548	2548	-1	11.20875222362015
549	1549	2549	-1	29.461679818172147
550	1550	2550	-1	10.0031419439979
551	1551	2551	-1	9.860931796222069
552	1552	2552	-1	9.671003815261837
553	1553	2553	-1	10.662767687404818
554	1554	2554	-1	9.377721994302576
555	1555	2555	-1	10.730494447943496
556	1556	2556	-1	90.77557066792922
557	1557	2557	-1	29.838169493390325
558	1558	2558	-1	9.54311206547737
559	1559	2559	-1	29.548479852741572
560	1560	2560	-1	8.460375273559595
561	1561	2561	-1	9.11198056447727
562	1562	2562	-1	9.361686111869242
563	1563	2563	-1	9.420052049560251
564	1564	2564	-1	9.554352346599599
565	1565	2565	-1	10.250419457125883
566	1566	2566	-1	10.854860391731636
567	1567	2567	-1	10.62452918499364
568	1568	2568	-1	10.47772311895869
569	1569	2569	-1	88.79350455927182
570	1570	2570	-1	28.592887143098334
571	1571	2571	-1	7.865424300544125
572	1572	2572	-1	8.146495893537164
573	1573	2573	-1	10.781122132202364
574	1574	2574	-1	9.17572279474429
575	1575	2575	-1	11.194540303842023
576	1576	2576	-1	89.62536042948345
577	1577	2577	-1	9.338155503836887
578	1578	2578	-1	10.256734514675745
579	1579	2579	-1	9.384364919995509
580	1580	2580	-1	9.819327816515038
581	1581	2581	-1	10.387376604312612
582	1582	2582	-1	10.03608106531079
583	1583	2583	-1	9.94197244576301
584	1584	2584	-1	29.105817642610507
585	1585	2585	-1	9.624609229550448
586	1586	2586	-1	9.81025760997883
587	1587	2587	-1	9.213899161478027
588	1588	2588	-1	8.997272045536437
589	1589	2589	-1	10.107884262754808
590	1590	2590	-1	8.736559161990137
591	1591	2591	-1	10.783011280501459
592	1592	2592	-1	8.750089943723552
593	1593	2593	-1	11.075398461705127
594	1594	2594	-1	27.499137002771487
595	1595	2595	-1	10.642422830529593
596	1596	2596	-1	10.319632352028865
597	1597	2597	-1	29.604940432906893
598	1598	2598	-1	9.953726799241265
599	1599	2599	-1	28.815630015421895
600	1600	2600	-1	8.338536179042125
601	1601	2601	-1	10.312437703458125
602	1602	2602	-1	9.793627193135013
603	1603	2603	-1	9.37342735439534
604	1604	2604	-1	10.085093574874207
605	1605	2605	-1	10.354094966057858
606	1606	2606	-1	27.307796629547617
607	1607	2607	-1	10.045379777760724
608	1608	2608	-1	10.954427535386058
609	1609	2609	-1	10.36346367101956
610	1610	2610	-1	9.468203946888679
611	1611	2611	-1	9.550476156319627
612	1612	2612	-1	7.944113310039697
613	1613	2613	-1	30.42126971711102
614	1614	2614	-1	10.260417173404175
615	1615	2615	-1	29.13977476259717
616	1616	2616	-1	10.2324234604922
617	1617	2617	-1	8.491447005598737
618	1618	2618	-1	11.140345512050787
619	1619	2619	-1	30.653226299887148
620	1620	2620	-1	28.777868290096283
621	1621	2621	-1	7.450129525915329
622	1622	2622	-1	31.059124454429593
623	1623	2623	-1	9.426065759080279
624	1624	2624	-1	10.295605275442744
625	1625	2625	-1	29.614059228204557
626	1626	2626	-1	9.68934464938153
627	1627	2627	-1	30.77733837098912
628	1628	2628	-1	29.781646117269712
629	1629	2629	-1	9.177184445248495
630	1630	2630	-1	11.155386483652109
631	1631	2631	-1	9.000114125766808
632	1632	2632	-1	9.030567434846585
633	1633	2633	-1	8.955304370860965
634	1634	2634	-1	9.393995351161749
635	1635	2635	-1	11.534923316878235
636	1636	2636	-1	29.68204659268702
637	1637	2637	-1	10.130495445453674
638	1638	2638	-1	10.8546400199338
639	1639	2639	-1	10.02069768371589
640	1640	2640	-1	29.489602530685953
641	1641	2641	-1	9.80722786978835
642	1642	2642	-1	9.655666731673488
643	1643	2643	-1	10.981654204359392
644	1644	2644	-1	29.84624505983538
645	1645	2645	-1	30.471558484433967
646	1646	2646	-1	10.264021937132528
647	1647	2647	-1	9.917503453502665
648	1648	2648	-1	31.228769684183188
649	1649	2649	-1	9.640156918105912
650	1650	2650	-1	9.936999913510377
651	1651	2651	-1	30.151171546799755
652	1652	2652	-1	8.466218407535898
653	1653	2653	-1	10.033224711890089
654	1654	2654	-1	7.216015555986248
655	1655	2655	-1	10.663882978602249
656	1656	2656	-1	30.210673517286686
657	1657	2657	-1	9.700416963124512
658	1658	2658	-1	8.54114229707409
659	1659	2659	-1	10.306786951582762
660	1660	2660	-1	8.840362703868783
661	1661	2661	-1	10.157347948698812
662	1662	2662	-1	9.715600834779968
663	1663	2663	-1	8.869075716556623
664	1664	2664	-1	9.71077596374682
665	1665	2665	-1	28.410750746106295
666	1666	2666	-1	89.55870570985844
667	1667	2667	-1	11.763443136123765
668	1668	2668	-1	9.58753468217074
669	1669	2669	-1	10.425552361263202
670	1670	2670	-1	29.187215303257965
671	1671	2671	-1	27.559822672268538
672	1672	2672	-1	30.287545648206926
673	1673	2673	-1	10.01628277980127
674	1674	2674	-1	29.570661066527457
675	1675	2675	-1	9.922101393512559
676	1676	2676	-1	9.915243362110145
677	1677	2677	-1	8.261972780420775
678	1678	2678	-1	9.217841509306835
679	1679	2679	-1	30.068325018589096
680	1680	2680	-1	10.881785848946697
681	1681	2681	-1	9.080170866734068
682	1682	2682	-1	9.00863925819142
683	1683	2683	-1	9.597304255411991
684	1684	2684	-1	10.914267657998696
685	1685	2685	-1	11.774066236474695
686	1686	2686	-1	9.90478525551103
687	1687	2687	-1	8.046884689653428
688	1688	2688	-1	9.532413107815161
689	1689	2689	-1	29.644268564436835
690	1690	2690	-1	9.053583395102178
691	1691	2691	-1	10.649092650623443
692	1692	2692	-1	9.46494161038169
693	1693	2693	-1	10.863150467293316
694	1694	2694	-1	10.119999236577216
695	1695	2695	-1	28.49091723128702
696	1696	2696	-1	10.463727617896964
697	1697	2697	-1	10.306155807102746
698	1698	2698	-1	10.01260614217532
699	1699	2699	-1	89.96348242858058
700	1700	2700	-1	10.183911767572255
701	1701	2701	-1	29.76816785565487
702	1702	2702	-1	10.689031190954534
703	1703	2703	-1	10.236016501202638
704	1704	2704	-1	10.53587866961721
705	1705	2705	-1	9.627632657653658
706	1706	2706	-1	11.774863068190687
707	1707	2707	-1	9.975710986889089
708	1708	2708	-1	10.358266151733101
709	1709	2709	-1	10.75085849967192
710	1710	2710	-1	9.653954333377936
711	1711	2711	-1	10.066212508868785
712	1712	2712	-1	8.409329924950168
713	1713	2713	-1	29.409681138494307
714	1714	2714	-1	8.419727482544722
715	1715	2715	-1	11.58802803828661
716	1716	2716	-1	31.34995379935425
717	1717	2717	-1	8.428426454280814
718	1718	2718	-1	9.694050575448344
719	1719	2719	-1	10.571523207328779
720	1720	2720	-1	10.244082471236414
721	1721	2721	-1	11.773505244739052
722	1722	2722	-1	10.66553380130981
723	1723	2723	-1	10.925666474077914
724	1724	2724	-1	30.888348938975682
725	1725	2725	-1	9.690906492973298
726	1726	2726	-1	10.948300679251187
727	1727	2727	-1	10.898549151060926
728	1728	2728	-1	9.347580008485075
729	1729	2729	-1	9.392266621508583
730	1730	2730	-1	32.67798257115745
731	1731	2731	-1	10.862477490142988
732	1732	2732	-1	9.33047189326004
733	1733	2733	-1	7.891781317541124
734	1734	2734	-1	10.67090790380506
735	1735	2735	-1	9.743969602137518
736	1736	2736	-1	11.02208723675106
737	1737	2737	-1	11.811014007884655
738	1738	2738	-1	8.158356117549582
739	1739	2739	-1	10.310933687040075
740	1740	2740	-1	11.47476900324589
741	1741	2741	-1	9.94986508465515
742	1742	2742	-1	9.318446127012107
743	1743	2743	-1	10.655810683965548
744	1744	2744	-1	8.587614966216837
745	1745	2745	-1	9.45655367869906
746	1746	2746	-1	30.06729624217578
747	1747	2747	-1	10.473372844544768
748	1748	2748	-1	10.657267432367714
749	1749	2749	-1	9.141014824385426
750	1750	2750	-1	7.901272236805603
751	1751	2751	-1	10.118446177027808
752	1752	2752	-1	29.49916326391655
753	1753	2753	-1	89.6041463619823
754	1754	2754	-1	10.939532040867926
755	1755	2755	-1	28.727259760022278
756	1756	2756	-1	11.252242068858658
757	1757	2757	-1	9.875156401978229
758	1758	2758	-1	10.891386075804602
759	1759	2759	-1	9.692962177375692
760	1760	2760	-1	10.19252298765575
761	1761	2761	-1	10.463653196683321
762	1762	2762	-1	9.212945072305462
763	1763	2763	-1	9.578896947664038
764	1764	2764	-1	9.77649226989894
765	1765	2765	-1	10.274095280394587
766	1766	2766	-1	27.5378502469361
767	1767	2767	-1	11.255940663411973
768	1768	2768	-1	11.453246850107728
769	1769	2769	-1	11.547356268451932
770	1770	2770	-1	9.913972528071005
771	1771	2771	-1	9.213984599348281
772	1772	2772	-1	9.036042240772124
773	1773	2773	-1	10.034668830136548
774	1774	2774	-1	9.264849573201014
775	1775	2775	-1	9.770584830177942
776	1776	2776	-1	10.959940550561987
777	1777	2777	-1	10.633350230742021
778	1778	2778	-1	9.057362233390199
779	1779	2779	-1	12.511679026185513
780	1780	2780	-1	9.345029455961798
781	1781	2781	-1	30.229762695283263
782	1782	2782	-1	9.92083778831281
783	1783	2783	-1	10.629355564084674
784	1784	2784	-1	8.380671762278096
785	1785	2785	-1	11.00235852513603
786	1786	2786	-1	10.01254365651806
787	1787	2787	-1	9.68441426599803
788	1788	2788	-1	11.508308197511381
789	1789	2789	-1	10.596846466261177
790	1790	2790	-1	10.537720630006069
791	1791	2791	-1	10.46441026678455
792	1792	2792	-1	9.357004822936755
793	1793	2793	-1	10.625461533018633
794	1794	2794	-1	10.406537577400307
795	1795	2795	-1	89.63330759109002
796	1796	2796	-1	8.67046376045481
797	1797	2797	-1	9.977928282761138
798	1798	2798	-1	12.487280755855199
799	1799	2799	-1	91.48019588103656
800	1800	2800	-1	9.749968749953986
801	1801	2801	-1	9.487829436013405
802	1802	2802	-1	29.51485458103695
803	1803	2803	-1	9.03645841904527
804	1804	2804	-1	8.465236087935953
805	1805	2805	-1	9.839169825987534
806	1806	2806	-1	29.518163284896335
807	1807	2807	-1	11.882279522484062
808	1808	2808	-1	10.808959709459357
809	1809	2809	-1	10.47945468330472
810	1810	2810	-1	9.238153055130136
811	1811	2811	-1	10.469273590836954
812	1812	2812	-1	10.366892640590404
813	1813	2813	-1	9.979007632713746
814	1814	2814	-1	10.32204515522015
815	1815	2815	-1	9.707771853210753
816	1816	2816	-1	10.657125305918244
817	1817	2817	-1	7.949203985091863
818	1818	2818	-1	29.252194559377347
819	1819	2819	-1	9.398225233566254
820	1820	2820	-1	8.794352309022317
821	1821	2821	-1	10.687748376535126
822	1822	2822	-1	11.813860546774105
823	1823	2823	-1	9.521267962395331
824	1824	2824	-1	10.30165338978656
825	1825	2825	-1	10.091219328943577
826	1826	2826	-1	31.157122558152306
827	1827	2827	-1	9.67485850705324
828	1828	2828	-1	30.188429269688733
829	1829	2829	-1	26.946414629163947
830	1830	2830	-1	8.262662669527758
831	1831	2831	-1	10.484879734309251
832	1832	2832	-1	10.401468903887931
833	1833	2833	-1	8.252558243506654
834	1834	2834	-1	90.28089423196197
835	1835	2835	-1	9.475857275077622
836	1836	2836	-1	10.664022786168939
837	1837	2837	-1	28.86774837737694
838	1838	2838	-1	29.911916315028197
839	1839	2839	-1	10.223974290535972
840	1840	2840	-1	10.205006652951965
841	1841	2841	-1	10.364938769392817
842	1842	2842	-1	9.84438547363225
843	1843	2843	-1	10.84572843063208
844	1844	2844	-1	9.620530408862054
845	1845	2845	-1	10.794094817756738
846	1846	2846	-1	30.85424966381599
847	1847	2847	-1	12.487248138768988
848	1848	2848	-1	9.673588211421515
849	1849	2849	-1	8.864309799799898
850	1850	2850	-1	8.365775411262572
851	1851	2851	-1	90.01240943172841
852	1852	2852	-1	30.824327225895047
853	1853	2853	-1	10.479141926631332
854	1854	2854	-1	8.222662892530684
855	1855	2855	-1	30.033772822753946
856	1856	2856	-1	10.709882901391813
857	1857	2857	-1	9.18716782730986
858	1858	2858	-1	9.068637818386378
859	1859	2859	-1	10.773598546271623
860	1860	2860	-1	9.12275421577452
861	1861	2861	-1	30.035842008109384
862	1862	2862	-1	9.824483929782435
863	1863	2863	-1	9.566854602031881
864	1864	2864	-1	8.087895897636757
865	1865	2865	-1	9.047612226001332
866	1866	2866	-1	10.418784695335106
867	1867	2867	-1	31.30086273815477
868	1868	2868	-1	29.410382790787693
869	1869	2869	-1	10.341900196964229
870	1870	2870	-1	11.850291163128151
871	1871	2871	-1	29.811013989876187
872	1872	2872	-1	10.574100594061285
873	1873	2873	-1	8.754784881078885
874	1874	2874	-1	30.133031673123636
875	1875	2875	-1	11.229208549087756
876	1876	2876	-1	9.832367389396657
877	1877	2877	-1	9.962824920169007
878	1878	2878	-1	9.561553360580787
879	1879	2879	-1	30.87034324465135
880	1880	2880	-1	28.642013256953682
881	1881	2881	-1	10.43243011263685
882	1882	2882	-1	11.100737333810473
883	1883	2883	-1	10.263611556481095
884	1884	2884	-1	30.052517902058057
885	1885	2885	-1	29.36151052282563
886	1886	2886	-1	8.05833063767528
887	1887	2887	-1	29.992269440326787
888	1888	2888	-1	12.199480193878719
889	1889	2889	-1	10.301042536586326
890	1890	2890	-1	9.077575476902709
891	1891	2891	-1	10.333945447919893
892	1892	2892	-1	10.470518436256993
893	1893	2893	-1	8.767779862093706
894	1894	2894	-1	10.081260776756755
895	1895	2895	-1	10.794148219088525
896	1896	2896	-1	10.515909943897721
897	1897	2897	-1	9.018081510242181
898	1898	2898	-1	9.286208191974435
899	1899	2899	-1	7.629827753288277
900	1900	2900	-1	9.680271356651701
901	1901	2901	-1	9.786704531088658
902	1902	2902	-1	9.064722441051257
903	1903	2903	-1	30.33573424894646
904	1904	2904	-1	8.75183759828383
905	1905	2905	-1	10.865317840648952
906	1906	2906	-1	11.583844443217737
907	1907	2907	-1	8.419875742088719
908	1908	2908	-1	9.854997605113716
909	1909	2909	-1	8.58370708481285
910	1910	2910	-1	10.09698500195683
911	1911	2911	-1	9.52178243630375
912	1912	2912	-1	31.61004279191212
913	1913	2913	-1	9.214971039425523
914	1914	2914	-1	11.95358198373155
915	1915	2915	-1	10.508842006990308
916	1916	2916	-1	10.318530337341926
917	1917	2917	-1	8.64846528421852
918	1918	2918	-1	9.910877729232517
919	1919	2919	-1	10.27741025100939
920	1920	2920	-1	9.832563445577982
921	1921	2921	-1	10.02461808119494
922	1922	2922	-1	11.800446655628896
923	1923	2923	-1	9.205570027066027
924	1924	2924	-1	30.17095662959392
925	1925	2925	-1	9.334637379492145
926	1926	2926	-1	11.471161846790336
927	1927	2927	-1	9.931908089655172
928	1928	2928	-1	31.54444561660968
929	1929	2929	-1	9.25679708544385
930	1930	2930	-1	30.373344853582974
931	1931	2931	-1	10.441138314139222
932	1932	2932	-1	8.526512833265766
933	1933	2933	-1	8.598502810337326
934	1934	2934	-1	9.313209153127527
935	1935	2935	-1	8.792836188785047
936	1936	2936	-1	10.658715004438372
937	1937	2937	-1	10.217720398439436
938	1938	2938	-1	9.244509083791135
939	1939	2939	-1	10.674178313764902
940	1940	2940	-1	10.954214491768651
941	1941	2941	-1	29.250257921019205
942	1942	2942	-1	8.851601524695132
943	1943	2943	-1	10.752213725741914
944	1944	2944	-1	8.829281399608584
945	1945	2945	-1	26.88466156872674
946	1946	2946	-1	8.764463927356605
947	1947	2947	-1	9.731492209534231
948	1948	2948	-1	31.07265570872942
949	1949	2949	-1	8.636293220618814
950	1950	2950	-1	10.47804481032129
951	1951	2951	-1	10.805200268738526
952	1952	2952	-1	9.27915361944472
953	1953	2953	-1	28.984715403135024
954	1954	2954	-1	9.649059334351934
955	1955	2955	-1	11.755518010468515
956	1956	2956	-1	30.05401061606195
957	1957	2957	-1	9.417246409182484
958	1958	2958	-1	9.761831800905924
959	1959	2959	-1	10.333173763259001
960	1960	2960	-1	9.38946092397908
961	1961	2961	-1	9.192897802710146
962	1962	2962	-1	9.868338623991638
963	1963	2963	-1	8.226437638065523
964	1964	2964	-1	7.520796688045212
965	1965	2965	-1	8.010502293449335
966	1966	2966	-1	10.4005414305487
967	1967	2967	-1	28.962914398865124
968	1968	2968	-1	9.169920992517358
969	1969	2969	-1	11.247979473345115
970	1970	2970	-1	28.675712112365492
971	1971	2971	-1	10.115819963451859
972	1972	2972	-1	27.96985649677733
973	1973	2973	-1	30.36661055471093
974	1974	2974	-1	88.30848326164808
975	1975	2975	-1	8.879131142367248
976	1976	2976	-1	29.739684906675393
977	1977	2977	-1	11.108708791170589
978	1978	2978	-1	10.414625541725165
979	1979	2979	-1	9.776501122051354
980	1980	2980	-1	8.72578384279168
981	1981	2981	-1	9.48477547258032
982	1982	2982	-1	29.61550024056878
983	1983	2983	-1	9.693117832690358
984	1984	2984	-1	9.374814832130511
985	1985	2985	-1	29.110408847610007
986	1986	2986	-1	30.898537697289782
987	1987	2987	-1	10.884871653779056
988	1988	2988	-1	10.652236438629739
989	1989	2989	-1	10.447530038236517
990	1990	2990	-1	29.996910738378517
991	1991	2991	-1	28.58227795898793
992	1992	2992	-1	30.589837145585914
993	1993	2993	-1	10.298903937509932
994	1994	2994	-1	28.83587087281993
995	1995	2995	-1	30.34514066466092
996	1996	2996	-1	30.369584300580982
997	1997	2997	-1	10.360404589009036
998	1998	2998	-1	10.24558994486358
999	1999	2999	-1	29.968957784026724
