ind_ID	father_ID	mother_ID	Sex	Phenotype
0	1000	2000	-1	10.040500603676763
1	1001	2001	-1	9.627013922219067
2	1002	2002	-1	30.988286580687365
3	1003	2003	-1	9.976241605916485
4	1004	2004	-1	28.978155372739916
5	1005	2005	-1	31.411032238335416
6	1006	2006	-1	90.92901728122351
7	1007	2007	-1	10.67962710649179
8	1008	2008	-1	10.488691943793885
9	1009	2009	-1	30.696361953807923
10	1010	2010	-1	9.218530160611767
11	1011	2011	-1	30.399510609574694
12	1012	2012	-1	10.033124502178794
13	1013	2013	-1	9.181069061785905
14	1014	2014	-1	28.711072339433112
15	1015	2015	-1	30.476926792062574
16	1016	2016	-1	10.334625062786834
17	1017	2017	-1	10.163623660238128
18	1018	2018	-1	30.89782899224468
19	1019	2019	-1	11.31699212804621
20	1020	2020	-1	10.818025553520947
21	1021	2021	-1	10.278692833444982
22	1022	2022	-1	10.942026485089617
23	1023	2023	-1	28.55133691106773
24	1024	2024	-1	28.434331166505114
25	1025	2025	-1	29.784299497124614
26	1026	2026	-1	29.496885349193484
27	1027	2027	-1	9.301356296897907
28	1028	2028	-1	10.459100575061242
29	1029	2029	-1	30.196593069598343
30	1030	2030	-1	91.16259737406746
31	1031	2031	-1	8.068646125885671
32	1032	2032	-1	269.61660284921777
33	1033	2033	-1	29.98184180801663
34	1034	2034	-1	11.704296819532306
35	1035	2035	-1	28.393805902004793
36	1036	2036	-1	8.865230753739946
37	1037	2037	-1	88.83036172970887
38	1038	2038	-1	31.139872846327314
39	1039	2039	-1	10.718611577188103
40	1040	2040	-1	29.49335753534485
41	1041	2041	-1	29.004711117931055
42	1042	2042	-1	29.779414142034618
43	1043	2043	-1	10.087407169079773
44	1044	2044	-1	8.75991771980716
45	1045	2045	-1	9.023910856074043
46	1046	2046	-1	10.31127553444848
47	1047	2047	-1	11.169596049465317
48	1048	2048	-1	8.978272870191809
49	1049	2049	-1	9.302484785751748
50	1050	2050	-1	9.425762882345884
51	1051	2051	-1	29.855618361759127
52	1052	2052	-1	9.35467028039603
53	1053	2053	-1	88.9418309126371
54	1054	2054	-1	88.99154264281923
55	1055	2055	-1	29.32402433064618
56	1056	2056	-1	30.11170934626678
57	1057	2057	-1	10.614497037506052
58	1058	2058	-1	89.74248504601287
59	1059	2059	-1	9.316375487482748
60	1060	2060	-1	8.647784081651212
61	1061	2061	-1	9.41107321136866
62	1062	2062	-1	9.815880866080116
63	1063	2063	-1	30.89196505375961
64	1064	2064	-1	8.355159612737992
65	1065	2065	-1	9.69095579091052
66	1066	2066	-1	8.814895575038287
67	1067	2067	-1	10.50883632705957
68	1068	2068	-1	7.348011596892226
69	1069	2069	-1	30.4431730165296
70	1070	2070	-1	90.40311018193918
71	1071	2071	-1	11.624316947649552
72	1072	2072	-1	8.812864989430237
73	1073	2073	-1	28.895666173819563
74	1074	2074	-1	10.531614048261613
75	1075	2075	-1	31.380403896701488
76	1076	2076	-1	9.645053180764979
77	1077	2077	-1	31.831195309925473
78	1078	2078	-1	10.225722012620698
79	1079	2079	-1	12.640248529758964
80	1080	2080	-1	30.46826206071059
81	1081	2081	-1	9.975638540680972
82	1082	2082	-1	30.799644580847385
83	1083	2083	-1	11.472075809813074
84	1084	2084	-1	9.580778329795757
85	1085	2085	-1	29.806204623382172
86	1086	2086	-1	29.04001236007201
87	1087	2087	-1	10.095638763742402
88	1088	2088	-1	8.17244636031477
89	1089	2089	-1	11.820141774941339
90	1090	2090	-1	11.346729348723168
91	1091	2091	-1	30.27646194276529
92	1092	2092	-1	89.29077209404663
93	1093	2093	-1	9.66665859938261
94	1094	2094	-1	269.5727822665841
95	1095	2095	-1	31.19462830621334
96	1096	2096	-1	10.021432524560856
97	1097	2097	-1	8.10154072369597
98	1098	2098	-1	11.287745384818265
99	1099	2099	-1	28.586356934099395
100	1100	2100	-1	9.37437707940591
101	1101	2101	-1	10.31726456201271
102	1102	2102	-1	11.488015460066745
103	1103	2103	-1	8.460422265658682
104	1104	2104	-1	8.17238949323176
105	1105	2105	-1	10.292237944944445
106	1106	2106	-1	29.848904071260108
107	1107	2107	-1	9.723434041257528
108	1108	2108	-1	30.143029273707555
109	1109	2109	-1	29.671807251067893
110	1110	2110	-1	87.86506997830956
111	1111	2111	-1	8.265098243597475
112	1112	2112	-1	29.035549234294297
113	1113	2113	-1	10.403209868401248
114	1114	2114	-1	30.221224630758286
115	1115	2115	-1	8.702050475679393
116	1116	2116	-1	28.623505749249617
117	1117	2117	-1	10.089433687732448
118	1118	2118	-1	10.193624039897317
119	1119	2119	-1	29.3797696014414
120	1120	2120	-1	10.98393402076062
121	1121	2121	-1	30.114748989494004
122	1122	2122	-1	9.628413767720328
123	1123	2123	-1	11.047050401681402
124	1124	2124	-1	29.520002101194258
125	1125	2125	-1	269.32856093451437
126	1126	2126	-1	11.006792873599567
127	1127	2127	-1	9.620508972098555
128	1128	2128	-1	90.64154920652565
129	1129	2129	-1	30.034280475216512
130	1130	2130	-1	11.038860309971788
131	1131	2131	-1	91.08420953186668
132	1132	2132	-1	29.884915308879982
133	1133	2133	-1	31.244937926977574
134	1134	2134	-1	10.987861456267446
135	1135	2135	-1	11.470692680190943
136	1136	2136	-1	8.984999527450139
137	1137	2137	-1	10.859126676766817
138	1138	2138	-1	9.695482416056812
139	1139	2139	-1	9.120466314399327
140	1140	2140	-1	31.811915598321043
141	1141	2141	-1	11.00347920886596
142	1142	2142	-1	9.972172126488331
143	1143	2143	-1	9.307864360440412
144	1144	2144	-1	30.51542256044356
145	1145	2145	-1	29.537352611493365
146	1146	2146	-1	29.277924768753962
147	1147	2147	-1	28.66142408432088
148	1148	2148	-1	9.16933418216878
149	1149	2149	-1	10.48819074842581
150	1150	2150	-1	10.146571795808391
151	1151	2151	-1	90.41857371958942
152	1152	2152	-1	31.29199412216419
153	1153	2153	-1	9.122376130186346
154	1154	2154	-1	10.528920217641248
155	1155	2155	-1	10.73086808595071
156	1156	2156	-1	10.452342080480182
157	1157	2157	-1	8.497610467687297
158	1158	2158	-1	11.796645227104712
159	1159	2159	-1	11.107117206498726
160	1160	2160	-1	29.0466444972279
161	1161	2161	-1	31.687645937281435
162	1162	2162	-1	11.499900439262944
163	1163	2163	-1	7.7097968553679
164	1164	2164	-1	30.09933120665393
165	1165	2165	-1	29.776036116165752
166	1166	2166	-1	28.567588783361433
167	1167	2167	-1	29.232181749386516
168	1168	2168	-1	30.11429470809451
169	1169	2169	-1	12.815389302286425
170	1170	2170	-1	27.967419717736043
171	1171	2171	-1	12.31494080310305
172	1172	2172	-1	9.899384579214507
173	1173	2173	-1	271.8872054858729
174	1174	2174	-1	28.905770530707827
175	1175	2175	-1	270.0044634512025
176	1176	2176	-1	11.569206148919232
177	1177	2177	-1	10.336488217361717
178	1178	2178	-1	9.211210205799976
179	1179	2179	-1	10.990491837763331
180	1180	2180	-1	27.869230857466494
181	1181	2181	-1	9.521404376317939
182	1182	2182	-1	28.52899300987471
183	1183	2183	-1	12.614565793113547
184	1184	2184	-1	10.634632980576233
185	1185	2185	-1	10.984277161811303
186	1186	2186	-1	10.086245977287309
187	1187	2187	-1	87.47835383592188
188	1188	2188	-1	10.270950281278987
189	1189	2189	-1	29.239946965221183
190	1190	2190	-1	11.694056149466881
191	1191	2191	-1	29.372119244372108
192	1192	2192	-1	8.892558038653064
193	1193	2193	-1	10.067880979833973
194	1194	2194	-1	30.341150133289133
195	1195	2195	-1	9.740446417587131
196	1196	2196	-1	90.6419573027779
197	1197	2197	-1	29.085409956892473
198	1198	2198	-1	11.051102450097906
199	1199	2199	-1	31.396872872803133
200	1200	2200	-1	9.596769877932871
201	1201	2201	-1	28.62775384863668
202	1202	2202	-1	30.528219078496736
203	1203	2203	-1	10.284992355374268
204	1204	2204	-1	30.98557355665791
205	1205	2205	-1	30.375046930706404
206	1206	2206	-1	9.269634818153328
207	1207	2207	-1	11.825832019599902
208	1208	2208	-1	8.996139844725386
209	1209	2209	-1	10.95471674283446
210	1210	2210	-1	9.329511289750585
211	1211	2211	-1	9.235853429900484
212	1212	2212	-1	809.7443474211267
213	1213	2213	-1	9.408342860106513
214	1214	2214	-1	9.973232881510945
215	1215	2215	-1	29.285342709931562
216	1216	2216	-1	91.82063724714936
217	1217	2217	-1	89.60951574115947
218	1218	2218	-1	10.428918239983199
219	1219	2219	-1	8.400143871508575
220	1220	2220	-1	9.470566762921129
221	1221	2221	-1	29.929379643774308
222	1222	2222	-1	10.701481665081417
223	1223	2223	-1	9.384280781287423
224	1224	2224	-1	9.827327227493061
225	1225	2225	-1	8.092012661459044
226	1226	2226	-1	10.861805973357175
227	1227	2227	-1	30.39621062612326
228	1228	2228	-1	10.248599803310633
229	1229	2229	-1	29.231211117330925
230	1230	2230	-1	9.540788161647656
231	1231	2231	-1	30.400968889321078
232	1232	2232	-1	10.183333958346198
233	1233	2233	-1	8.9774530667817
234	1234	2234	-1	91.29821306486379
235	1235	2235	-1	30.7795039975026
236	1236	2236	-1	9.413165246409914
237	1237	2237	-1	8.033832620253005
238	1238	2238	-1	31.119874658510614
239	1239	2239	-1	89.0471794842213
240	1240	2240	-1	29.63906251130829
241	1241	2241	-1	31.157985188020145
242	1242	2242	-1	10.287133945823681
243	1243	2243	-1	90.26542538252347
244	1244	2244	-1	30.26059643398831
245	1245	2245	-1	9.024555727058283
246	1246	2246	-1	9.969102098098777
247	1247	2247	-1	9.931459018450452
248	1248	2248	-1	90.15334539545682
249	1249	2249	-1	30.544099006259124
250	1250	2250	-1	10.44983912762653
251	1251	2251	-1	89.45825335124115
252	1252	2252	-1	10.964144237135736
253	1253	2253	-1	8.84769124373159
254	1254	2254	-1	29.94582445763989
255	1255	2255	-1	30.195398007118353
256	1256	2256	-1	9.30781008328466
257	1257	2257	-1	88.46155241259963
258	1258	2258	-1	9.467091440596548
259	1259	2259	-1	9.034897311785757
260	1260	2260	-1	29.519120381931916
261	1261	2261	-1	9.444777940526563
262	1262	2262	-1	269.71889680959623
263	1263	2263	-1	31.011740288833906
264	1264	2264	-1	30.024755441607223
265	1265	2265	-1	10.119167876906955
266	1266	2266	-1	10.532309457621988
267	1267	2267	-1	88.17898091078874
268	1268	2268	-1	90.2032110053831
269	1269	2269	-1	9.994384507355623
270	1270	2270	-1	8.739342014466432
271	1271	2271	-1	28.04921695810186
272	1272	2272	-1	9.793375004669507
273	1273	2273	-1	11.380810357956655
274	1274	2274	-1	10.31975921488691
275	1275	2275	-1	9.187296428864224
276	1276	2276	-1	11.131637355007658
277	1277	2277	-1	29.154963313517232
278	1278	2278	-1	30.452150898923612
279	1279	2279	-1	29.337095628533717
280	1280	2280	-1	10.229958658064584
281	1281	2281	-1	29.34505323201382
282	1282	2282	-1	10.57453194276965
283	1283	2283	-1	9.208852125238733
284	1284	2284	-1	28.253902873114743
285	1285	2285	-1	31.602192828201183
286	1286	2286	-1	30.466060989821326
287	1287	2287	-1	10.018210853465204
288	1288	2288	-1	90.58338355449114
289	1289	2289	-1	9.908292989945403
290	1290	2290	-1	11.073500470309344
291	1291	2291	-1	88.50146317930093
292	1292	2292	-1	10.555831746252824
293	1293	2293	-1	32.435122674396915
294	1294	2294	-1	10.56282647382002
295	1295	2295	-1	9.535753883866628
296	1296	2296	-1	29.280266084113645
297	1297	2297	-1	29.96718585090077
298	1298	2298	-1	10.102513688768418
299	1299	2299	-1	10.894877800260339
300	1300	2300	-1	8.788627387416676
301	1301	2301	-1	29.386262196588024
302	1302	2302	-1	9.171072587054272
303	1303	2303	-1	29.27008949522972
304	1304	2304	-1	29.767537297316107
305	1305	2305	-1	30.3238188175476
306	1306	2306	-1	11.89295239180615
307	1307	2307	-1	9.046757053732966
308	1308	2308	-1	9.463493457609932
309	1309	2309	-1	30.052238311115033
310	1310	2310	-1	10.04204638789332
311	1311	2311	-1	29.72592506322388
312	1312	2312	-1	89.929429566137
313	1313	2313	-1	30.477543912759533
314	1314	2314	-1	9.161940235702394
315	1315	2315	-1	10.495752350012348
316	1316	2316	-1	9.997843277807908
317	1317	2317	-1	10.89756289066615
318	1318	2318	-1	29.109629283381924
319	1319	2319	-1	10.142498927415057
320	1320	2320	-1	10.45724195020381
321	1321	2321	-1	9.281690820596996
322	1322	2322	-1	29.021590256626283
323	1323	2323	-1	10.041896114022311
324	1324	2324	-1	91.89202023594119
325	1325	2325	-1	10.034734194287914
326	1326	2326	-1	27.622971420241583
327	1327	2327	-1	29.577604467384017
328	1328	2328	-1	8.344446162524102
329	1329	2329	-1	11.264835608194007
330	1330	2330	-1	9.13996195902103
331	1331	2331	-1	9.25749126671655
332	1332	2332	-1	29.570279922514096
333	1333	2333	-1	8.600704744436536
334	1334	2334	-1	88.31848232797458
335	1335	2335	-1	90.27204816554548
336	1336	2336	-1	28.043549129496206
337	1337	2337	-1	8.776031654482505
338	1338	2338	-1	30.155920289977463
339	1339	2339	-1	10.796754729906846
340	1340	2340	-1	10.24022738952288
341	1341	2341	-1	29.589670803975416
342	1342	2342	-1	809.5930275851621
343	1343	2343	-1	28.0495590645873
344	1344	2344	-1	9.257199671227077
345	1345	2345	-1	10.421661716112904
346	1346	2346	-1	90.7735625459505
347	1347	2347	-1	8.990649744246102
348	1348	2348	-1	9.790941420561161
349	1349	2349	-1	9.084207215743703
350	1350	2350	-1	31.155055713669412
351	1351	2351	-1	8.959778404598437
352	1352	2352	-1	9.547287727660702
353	1353	2353	-1	10.19191718415568
354	1354	2354	-1	9.617980542135442
355	1355	2355	-1	10.322160785227824
356	1356	2356	-1	31.028269766664913
357	1357	2357	-1	268.9915369073917
358	1358	2358	-1	29.274622173192487
359	1359	2359	-1	268.70726869980626
360	1360	2360	-1	8.61712172952813
361	1361	2361	-1	10.53316103214544
362	1362	2362	-1	90.14513768014024
363	1363	2363	-1	12.21852992045013
364	1364	2364	-1	8.673221357131402
365	1365	2365	-1	9.961549934987591
366	1366	2366	-1	9.03297422527661
367	1367	2367	-1	10.80275239742857
368	1368	2368	-1	28.348331050184544
369	1369	2369	-1	30.38824712543791
370	1370	2370	-1	91.07489553057904
371	1371	2371	-1	31.392554317403278
372	1372	2372	-1	10.27867593370468
373	1373	2373	-1	11.711069467870674
374	1374	2374	-1	91.10347171597685
375	1375	2375	-1	9.108891373826626
376	1376	2376	-1	27.61899338307743
377	1377	2377	-1	271.2267405108361
378	1378	2378	-1	10.699760562079266
379	1379	2379	-1	11.755195319530886
380	1380	2380	-1	27.7708507687151
381	1381	2381	-1	11.693862725917029
382	1382	2382	-1	9.44795519212168
383	1383	2383	-1	9.62125637894996
384	1384	2384	-1	29.454179575730226
385	1385	2385	-1	8.585014263074251
386	1386	2386	-1	9.969814380598278
387	1387	2387	-1	88.32269564367317
388	1388	2388	-1	30.59181325691837
389	1389	2389	-1	10.80763372508869
390	1390	2390	-1	8.762341103839152
391	1391	2391	-1	90.59637500721891
392	1392	2392	-1	32.31587036801206
393	1393	2393	-1	9.601296546155869
394	1394	2394	-1	9.66486082709336
395	1395	2395	-1	30.087924562664906
396	1396	2396	-1	9.063633066441454
397	1397	2397	-1	29.05082384361512
398	1398	2398	-1	10.445896243342856
399	1399	2399	-1	9.853754093589618
400	1400	2400	-1	10.21732629809999
401	1401	2401	-1	268.77798146153816
402	1402	2402	-1	9.344315494123505
403	1403	2403	-1	29.458090790034635
404	1404	2404	-1	88.88367564898255
405	1405	2405	-1	8.92349243853688
406	1406	2406	-1	29.4331640051207
407	1407	2407	-1	28.575117532703633
408	1408	2408	-1	29.988053238440276
409	1409	2409	-1	90.59261061769274
410	1410	2410	-1	31.760822952796474
411	1411	2411	-1	10.398737771977551
412	1412	2412	-1	271.9577011489678
413	1413	2413	-1	7.527445176822697
414	1414	2414	-1	8.453773691562601
415	1415	2415	-1	9.576248429334553
416	1416	2416	-1	9.475705606615914
417	1417	2417	-1	30.79881621691224
418	1418	2418	-1	90.20192713113467
419	1419	2419	-1	27.015679598890543
420	1420	2420	-1	10.896158898074582
421	1421	2421	-1	9.767015048891963
422	1422	2422	-1	31.520023444746442
423	1423	2423	-1	29.54794134121166
424	1424	2424	-1	31.23471416898695
425	1425	2425	-1	12.637188212983645
426	1426	2426	-1	90.14552248034902
427	1427	2427	-1	30.477157844616283
428	1428	2428	-1	31.070622376733542
429	1429	2429	-1	9.3712849526205
430	1430	2430	-1	30.48595766608128
431	1431	2431	-1	30.752963670410683
432	1432	2432	-1	11.54657167518555
433	1433	2433	-1	8.592735923719237
434	1434	2434	-1	10.275573476050674
435	1435	2435	-1	31.456810849686512
436	1436	2436	-1	29.402969338713287
437	1437	2437	-1	28.79282310428836
438	1438	2438	-1	30.29686824206258
439	1439	2439	-1	29.508479836710585
440	1440	2440	-1	10.540214815715693
441	1441	2441	-1	10.225634369969937
442	1442	2442	-1	11.133328593427267
443	1443	2443	-1	30.68635686132317
444	1444	2444	-1	10.691300895950409
445	1445	2445	-1	10.879287764515242
446	1446	2446	-1	29.572384355831755
447	1447	2447	-1	31.39049373775961
448	1448	2448	-1	30.888019167485307
449	1449	2449	-1	812.4814314058611
450	1450	2450	-1	90.33178605576477
451	1451	2451	-1	29.86527618748169
452	1452	2452	-1	90.61726006092034
453	1453	2453	-1	9.878109809080858
454	1454	2454	-1	29.002865304308038
455	1455	2455	-1	29.290772539621752
456	1456	2456	-1	11.640620296271926
457	1457	2457	-1	8.796937325449985
458	1458	2458	-1	28.413137541522133
459	1459	2459	-1	29.442998899312208
460	1460	2460	-1	30.795415388527896
461	1461	2461	-1	28.45269400306776
462	1462	2462	-1	11.375958651031828
463	1463	2463	-1	11.260979653420382
464	1464	2464	-1	30.146713513336515
465	1465	2465	-1	10.798750329540978
466	1466	2466	-1	11.619678717494674
467	1467	2467	-1	8.520374564131645
468	1468	2468	-1	8.401659730094282
469	1469	2469	-1	8.806988865738054
470	1470	2470	-1	10.725847085331987
471	1471	2471	-1	9.269465965343365
472	1472	2472	-1	30.909603164151164
473	1473	2473	-1	9.765604045594724
474	1474	2474	-1	9.62551523946408
475	1475	2475	-1	8.94424277823392
476	1476	2476	-1	90.12409018477756
477	1477	2477	-1	91.89190594717661
478	1478	2478	-1	31.22112914562226
479	1479	2479	-1	9.623929046322077
480	1480	2480	-1	11.103990348073902
481	1481	2481	-1	9.176393711511034
482	1482	2482	-1	91.21497793556264
483	1483	2483	-1	29.095463588604666
484	1484	2484	-1	8.3815954608303
485	1485	2485	-1	11.327143603496653
486	1486	2486	-1	30.7885218342631
487	1487	2487	-1	9.483685318614425
488	1488	2488	-1	10.0273510368011
489	1489	2489	-1	28.736746533187617
490	1490	2490	-1	90.9999587343351
491	1491	2491	-1	11.126436468190883
492	1492	2492	-1	9.741968152159627
493	1493	2493	-1	10.195614186242537
494	1494	2494	-1	10.871732067823979
495	1495	2495	-1	30.54055072614278
496	1496	2496	-1	29.00085899738249
497	1497	2497	-1	10.5075762005765
498	1498	2498	-1	30.140104992653676
499	1499	2499	-1	30.894362266957767
500	1500	2500	-1	11.113336240853682
501	1501	2501	-1	30.935636865316656
502	1502	2502	-1	29.68300161423929
503	1503	2503	-1	10.345974861424704
504	1504	2504	-1	10.788804330487165
505	1505	2505	-1	9.611332638177172
506	1506	2506	-1	29.178924478628293
507	1507	2507	-1	32.06101426753538
508	1508	2508	-1	91.90255571128738
509	1509	2509	-1	29.893657963150815
510	1510	2510	-1	11.091054863174932
511	1511	2511	-1	9.74819930698028
512	1512	2512	-1	10.01409987575531
513	1513	2513	-1	91.43831155670989
514	1514	2514	-1	12.335686567377163
515	1515	2515	-1	9.205426513027025
516	1516	2516	-1	9.498049413914847
517	1517	2517	-1	7.649671836519906
518	1518	2518	-1	30.05978563210616
519	1519	2519	-1	10.031508776018406
520	1520	2520	-1	31.393109312581768
521	1521	2521	-1	9.316998494948718
522	1522	2522	-1	10.834001404250237
523	1523	2523	-1	11.254472944268258
524	1524	2524	-1	269.53079751355125
525	1525	2525	-1	8.436037842710475
526	1526	2526	-1	31.71740445255642
527	1527	2527	-1	30.223794922434912
528	1528	2528	-1	30.5305969172126
529	1529	2529	-1	10.35536078638801
530	1530	2530	-1	9.240207457852476
531	1531	2531	-1	13.116049782344472
532	1532	2532	-1	12.176884130033045
533	1533	2533	-1	29.690511304567885
534	1534	2534	-1	30.472763627824808
535	1535	2535	-1	30.94946883479094
536	1536	2536	-1	9.728736447440626
537	1537	2537	-1	10.11873128717087
538	1538	2538	-1	29.952879947837456
539	1539	2539	-1	29.680487820524412
540	1540	2540	-1	10.166442012662358
541	1541	2541	-1	89.5007246077582
542	1542	2542	-1	11.132584932673266
543	1543	2543	-1	10.613835516304055
544	1544	2544	-1	31.47213695431522
545	1545	2545	-1	10.679591989850202
546	1546	2546	-1	8.280021885247756
547	1547	2547	-1	29.66454484079816
548	1548	2548	-1	9.099045953414203
549	1549	2549	-1	9.707726073004698
550	1550	2550	-1	10.36511169805874
551	1551	2551	-1	10.115186969072223
552	1552	2552	-1	7.937753983545386
553	1553	2553	-1	9.774673043061386
554	1554	2554	-1	29.370647067012225
555	1555	2555	-1	91.90330288948539
556	1556	2556	-1	10.470796544999269
557	1557	2557	-1	87.94856366390111
558	1558	2558	-1	8.020919382820102
559	1559	2559	-1	269.0689892644433
560	1560	2560	-1	29.652613924746024
561	1561	2561	-1	11.47048946243055
562	1562	2562	-1	10.497694730390325
563	1563	2563	-1	31.533656598469314
564	1564	2564	-1	28.38417675500586
565	1565	2565	-1	10.061520223473561
566	1566	2566	-1	87.14516523231978
567	1567	2567	-1	9.464484082441725
568	1568	2568	-1	9.079030928936078
569	1569	2569	-1	9.331221907414127
570	1570	2570	-1	30.056974531972116
571	1571	2571	-1	30.068744632885874
572	1572	2572	-1	29.93590610428512
573	1573	2573	-1	10.71971457356448
574	1574	2574	-1	87.69030552406636
575	1575	2575	-1	12.307330335245542
576	1576	2576	-1	9.961881185778724
577	1577	2577	-1	29.56997854135093
578	1578	2578	-1	10.195703920656777
579	1579	2579	-1	11.061226537640643
580	1580	2580	-1	8.416567668085229
581	1581	2581	-1	10.291837275010556
582	1582	2582	-1	10.26971130178801
583	1583	2583	-1	10.045384161445876
584	1584	2584	-1	810.2021555609932
585	1585	2585	-1	10.460516809255784
586	1586	2586	-1	9.742732821638114
587	1587	2587	-1	9.433111671229806
588	1588	2588	-1	10.81333061630509
589	1589	2589	-1	31.25393312056871
590	1590	2590	-1	30.61846787036665
591	1591	2591	-1	29.64575136051405
592	1592	2592	-1	31.28236272159372
593	1593	2593	-1	9.90935990587673
594	1594	2594	-1	8.916704852383646
595	1595	2595	-1	30.155755862090434
596	1596	2596	-1	9.178037938138944
597	1597	2597	-1	27.746976203438685
598	1598	2598	-1	31.045482025763356
599	1599	2599	-1	89.9475933871504
600	1600	2600	-1	30.079697419048962
601	1601	2601	-1	7.832581847716145
602	1602	2602	-1	30.000703568564294
603	1603	2603	-1	31.06765909219969
604	1604	2604	-1	27.90624812655389
605	1605	2605	-1	8.94995191792755
606	1606	2606	-1	30.506272321309666
607	1607	2607	-1	8.439981126134374
608	1608	2608	-1	30.5774331974464
609	1609	2609	-1	9.329408422945017
610	1610	2610	-1	10.084306029531874
611	1611	2611	-1	28.71243491796972
612	1612	2612	-1	10.980735763998949
613	1613	2613	-1	11.41610948187919
614	1614	2614	-1	8.462806476134567
615	1615	2615	-1	91.10297555350563
616	1616	2616	-1	9.014795359471565
617	1617	2617	-1	91.82717353035154
618	1618	2618	-1	89.2498124580462
619	1619	2619	-1	8.618346544872802
620	1620	2620	-1	8.425806827562154
621	1621	2621	-1	9.877145754218388
622	1622	2622	-1	6.93117173533204
623	1623	2623	-1	30.868266233146876
624	1624	2624	-1	10.318442049628612
625	1625	2625	-1	11.525336412640922
626	1626	2626	-1	28.625400318397098
627	1627	2627	-1	8.765173926553322
628	1628	2628	-1	29.674515122818487
629	1629	2629	-1	9.97510297476639
630	1630	2630	-1	10.34166051437914
631	1631	2631	-1	10.26839536057599
632	1632	2632	-1	10.7204574878533
633	1633	2633	-1	10.447875319942693
634	1634	2634	-1	29.12647232266805
635	1635	2635	-1	7.394450310066336
636	1636	2636	-1	89.10255282247581
637	1637	2637	-1	9.033953923022443
638	1638	2638	-1	30.344529315837484
639	1639	2639	-1	29.254750709580826
640	1640	2640	-1	11.649092559505252
641	1641	2641	-1	29.159193332864465
642	1642	2642	-1	10.263021926193785
643	1643	2643	-1	10.552385155893633
644	1644	2644	-1	28.790324882772634
645	1645	2645	-1	29.563738371103263
646	1646	2646	-1	29.418417484171595
647	1647	2647	-1	9.891367751647836
648	1648	2648	-1	9.936444975089817
649	1649	2649	-1	30.866048501109276
650	1650	2650	-1	10.013064122331894
651	1651	2651	-1	11.08771359526579
652	1652	2652	-1	31.643361664777796
653	1653	2653	-1	29.70465506971585
654	1654	2654	-1	9.198193040006894
655	1655	2655	-1	28.62306798442268
656	1656	2656	-1	30.177395310278158
657	1657	2657	-1	9.238530253269174
658	1658	2658	-1	29.888444307391005
659	1659	2659	-1	269.0721878785349
660	1660	2660	-1	32.1553525844228
661	1661	2661	-1	10.490564894817739
662	1662	2662	-1	90.39257688148096
663	1663	2663	-1	9.540743820845293
664	1664	2664	-1	91.28760049356407
665	1665	2665	-1	11.780704178867763
666	1666	2666	-1	10.509285112017563
667	1667	2667	-1	29.504143437947082
668	1668	2668	-1	30.286916272832947
669	1669	2669	-1	10.06238157294583
670	1670	2670	-1	28.603138755494918
671	1671	2671	-1	10.851394190201574
672	1672	2672	-1	8.618628443691449
673	1673	2673	-1	9.881744963172936
674	1674	2674	-1	10.552507947796062
675	1675	2675	-1	270.20343473643874
676	1676	2676	-1	10.45294418901953
677	1677	2677	-1	10.275364771016633
678	1678	2678	-1	9.836027761186514
679	1679	2679	-1	9.923540192075556
680	1680	2680	-1	30.01671803644475
681	1681	2681	-1	8.978686454667935
682	1682	2682	-1	9.029673393370985
683	1683	2683	-1	11.201090174586257
684	1684	2684	-1	30.44626902780264
685	1685	2685	-1	8.747239706481407
686	1686	2686	-1	29.6341133253231
687	1687	2687	-1	30.53929054150362
688	1688	2688	-1	29.66838471244322
689	1689	2689	-1	10.12621798633963
690	1690	2690	-1	10.082683516627585
691	1691	2691	-1	9.523533390451922
692	1692	2692	-1	30.500752540846662
693	1693	2693	-1	90.56424211179996
694	1694	2694	-1	9.132946390650579
695	1695	2695	-1	8.978153735402449
696	1696	2696	-1	8.441231241159535
697	1697	2697	-1	10.457578359439653
698	1698	2698	-1	30.30234969445314
699	1699	2699	-1	10.394900626181707
700	1700	2700	-1	29.319744294568956
701	1701	2701	-1	9.68645377034949
702	1702	2702	-1	10.282606125079221
703	1703	2703	-1	28.784005064106086
704	1704	2704	-1	9.164035974585827
705	1705	2705	-1	89.86619065943788
706	1706	2706	-1	10.345218765531465
707	1707	2707	-1	30.7716179864722
708	1708	2708	-1	9.70481623213021
709	1709	2709	-1	8.795130927033922
710	1710	2710	-1	11.35880850692661
711	1711	2711	-1	29.890903187679534
712	1712	2712	-1	10.566571237485633
713	1713	2713	-1	11.887716871641661
714	1714	2714	-1	89.38648048862186
715	1715	2715	-1	9.11881586810498
716	1716	2716	-1	29.870776144727277
717	1717	2717	-1	9.97857013241426
718	1718	2718	-1	9.674414041978952
719	1719	2719	-1	11.017551958523924
720	1720	2720	-1	29.04550478198731
721	1721	2721	-1	90.36174858643484
722	1722	2722	-1	10.74638512136268
723	1723	2723	-1	29.225510885085086
724	1724	2724	-1	9.08240224162611
725	1725	2725	-1	11.452017049426729
726	1726	2726	-1	29.850935987800835
727	1727	2727	-1	9.769812025448633
728	1728	2728	-1	11.007728519322036
729	1729	2729	-1	9.58477418975386
730	1730	2730	-1	9.735238799180724
731	1731	2731	-1	8.979893461964094
732	1732	2732	-1	9.969452373580364
733	1733	2733	-1	31.217361503968586
734	1734	2734	-1	29.458584122806755
735	1735	2735	-1	29.601005004000992
736	1736	2736	-1	10.87861133657895
737	1737	2737	-1	9.846266601146583
738	1738	2738	-1	30.265227686375802
739	1739	2739	-1	269.0532232400494
740	1740	2740	-1	9.231657198435775
741	1741	2741	-1	31.498364301422455
742	1742	2742	-1	30.130536084588456
743	1743	2743	-1	29.99279578553446
744	1744	2744	-1	8.732261829523209
745	1745	2745	-1	9.108740166313451
746	1746	2746	-1	92.07139684039304
747	1747	2747	-1	29.273720589745874
748	1748	2748	-1	10.253524285892983
749	1749	2749	-1	8.975478618032813
750	1750	2750	-1	9.828350197290135
751	1751	2751	-1	28.132270087088084
752	1752	2752	-1	10.230596749415877
753	1753	2753	-1	9.303208724850187
754	1754	2754	-1	9.887518929834533
755	1755	2755	-1	29.38056082954122
756	1756	2756	-1	12.847808387677224
757	1757	2757	-1	90.51620815338228
758	1758	2758	-1	10.760282313916234
759	1759	2759	-1	30.879349193717285
760	1760	2760	-1	30.862140965204766
761	1761	2761	-1	29.307264071517487
762	1762	2762	-1	29.51479041271514
763	1763	2763	-1	29.831588968810777
764	1764	2764	-1	9.727709031088686
765	1765	2765	-1	10.684695931812541
766	1766	2766	-1	10.845634964580238
767	1767	2767	-1	10.661022578583605
768	1768	2768	-1	10.504878770692923
769	1769	2769	-1	29.99874434979165
770	1770	2770	-1	30.682957532717445
771	1771	2771	-1	9.996595595184393
772	1772	2772	-1	9.77522650792918
773	1773	2773	-1	28.98060224943621
774	1774	2774	-1	9.004286496038523
775	1775	2775	-1	10.112438308916623
776	1776	2776	-1	30.94765165896388
777	1777	2777	-1	11.397122746272945
778	1778	2778	-1	11.550073996867653
779	1779	2779	-1	10.608430468225938
780	1780	2780	-1	29.762421026412483
781	1781	2781	-1	9.559701933216218
782	1782	2782	-1	28.967323706724063
783	1783	2783	-1	9.553080885570223
784	1784	2784	-1	9.260172010451011
785	1785	2785	-1	10.75840644278187
786	1786	2786	-1	8.652291408478881
787	1787	2787	-1	29.273075171394833
788	1788	2788	-1	10.793196719237985
789	1789	2789	-1	10.550675905044777
790	1790	2790	-1	9.442219348632445
791	1791	2791	-1	91.36007936932145
792	1792	2792	-1	90.09133773013865
793	1793	2793	-1	10.303588985714049
794	1794	2794	-1	29.014832956486558
795	1795	2795	-1	8.386162258703006
796	1796	2796	-1	8.259781094484644
797	1797	2797	-1	28.858958443610277
798	1798	2798	-1	11.11341068176325
799	1799	2799	-1	10.878400095442151
800	1800	2800	-1	11.087999731088416
801	1801	2801	-1	10.07724550041483
802	1802	2802	-1	29.085081007289823
803	1803	2803	-1	89.99267971464589
804	1804	2804	-1	30.70631643953648
805	1805	2805	-1	10.326446904279384
806	1806	2806	-1	90.91638085541038
807	1807	2807	-1	10.056185145457663
808	1808	2808	-1	88.66749694361542
809	1809	2809	-1	10.840091297021573
810	1810	2810	-1	10.628703532141653
811	1811	2811	-1	9.509812947914684
812	1812	2812	-1	31.767557572413367
813	1813	2813	-1	31.168183930640605
814	1814	2814	-1	9.617674255083502
815	1815	2815	-1	10.652951755670882
816	1816	2816	-1	89.97992708394688
817	1817	2817	-1	31.9785469058244
818	1818	2818	-1	7.905983129553133
819	1819	2819	-1	10.24798214076126
820	1820	2820	-1	11.909440934827252
821	1821	2821	-1	89.5598396929567
822	1822	2822	-1	9.580963733403332
823	1823	2823	-1	88.32596413567519
824	1824	2824	-1	29.180083984845588
825	1825	2825	-1	30.52120853876509
826	1826	2826	-1	31.251308143378647
827	1827	2827	-1	10.431608160412987
828	1828	2828	-1	8.991412430740446
829	1829	2829	-1	9.73833141649726
830	1830	2830	-1	10.461931984890148
831	1831	2831	-1	30.072107568186695
832	1832	2832	-1	10.863938229704312
833	1833	2833	-1	9.799787836500482
834	1834	2834	-1	271.0739485809269
835	1835	2835	-1	8.92061331964997
836	1836	2836	-1	10.193014872912649
837	1837	2837	-1	10.539066362780577
838	1838	2838	-1	11.405932393783257
839	1839	2839	-1	29.561887842067264
840	1840	2840	-1	28.652711869174382
841	1841	2841	-1	9.571667993250433
842	1842	2842	-1	10.092142947628854
843	1843	2843	-1	30.051630498742586
844	1844	2844	-1	29.866053452531943
845	1845	2845	-1	11.639899769003986
846	1846	2846	-1	9.852218216523005
847	1847	2847	-1	90.49506833275036
848	1848	2848	-1	9.457057067581909
849	1849	2849	-1	9.530988368820239
850	1850	2850	-1	8.841606752116466
851	1851	2851	-1	10.216111896939728
852	1852	2852	-1	9.550201628646217
853	1853	2853	-1	9.472529129668139
854	1854	2854	-1	11.209867384722212
855	1855	2855	-1	9.27912935809617
856	1856	2856	-1	91.5647339035277
857	1857	2857	-1	30.545695432834012
858	1858	2858	-1	10.766106529397602
859	1859	2859	-1	90.16564113226693
860	1860	2860	-1	10.919871997632292
861	1861	2861	-1	10.780935561371786
862	1862	2862	-1	9.491771014468219
863	1863	2863	-1	30.43019317865354
864	1864	2864	-1	9.80518555027174
865	1865	2865	-1	9.670558158686015
866	1866	2866	-1	31.182894881640735
867	1867	2867	-1	29.83510655687559
868	1868	2868	-1	11.915241360655346
869	1869	2869	-1	89.5565097668784
870	1870	2870	-1	9.398229124678362
871	1871	2871	-1	9.135338492678478
872	1872	2872	-1	11.144038833014895
873	1873	2873	-1	10.199382965953669
874	1874	2874	-1	29.97912481962092
875	1875	2875	-1	11.002621234433455
876	1876	2876	-1	9.927677485440455
877	1877	2877	-1	30.36653718448903
878	1878	2878	-1	10.261711158693881
879	1879	2879	-1	9.64108684360839
880	1880	2880	-1	10.228147822600219
881	1881	2881	-1	9.687573965063603
882	1882	2882	-1	11.16087484967456
883	1883	2883	-1	30.559257531441784
884	1884	2884	-1	8.426403767628022
885	1885	2885	-1	30.08611362740593
886	1886	2886	-1	10.618740133208917
887	1887	2887	-1	31.497335270809817
888	1888	2888	-1	29.04943440385574
889	1889	2889	-1	8.854196227012167
890	1890	2890	-1	9.215423156793792
891	1891	2891	-1	10.58550771384269
892	1892	2892	-1	8.951002954001508
893	1893	2893	-1	10.173541322249362
894	1894	2894	-1	29.130335164087455
895	1895	2895	-1	29.87093563397827
896	1896	2896	-1	31.46285055245605
897	1897	2897	-1	90.05976412086657
898	1898	2898	-1	11.369822922331164
899	1899	2899	-1	8.417248252165871
900	1900	2900	-1	88.33697325513819
901	1901	2901	-1	31.42736703845423
902	1902	2902	-1	10.763218861974291
903	1903	2903	-1	28.66475920826129
904	1904	2904	-1	33.05015664224128
905	1905	2905	-1	8.753391337681245
906	1906	2906	-1	30.205181052525145
907	1907	2907	-1	9.660893938088316
908	1908	2908	-1	8.305794962457881
909	1909	2909	-1	11.13781342590441
910	1910	2910	-1	10.648677469032249
911	1911	2911	-1	29.501033534309734
912	1912	2912	-1	8.750891972131111
913	1913	2913	-1	8.068189611801168
914	1914	2914	-1	10.225712639706881
915	1915	2915	-1	271.42975649000283
916	1916	2916	-1	29.12692149003287
917	1917	2917	-1	30.221215013855314
918	1918	2918	-1	10.651833163241973
919	1919	2919	-1	91.18858417010291
920	1920	2920	-1	28.83705543185397
921	1921	2921	-1	29.760020434780564
922	1922	2922	-1	11.137609440536608
923	1923	2923	-1	10.278244216135498
924	1924	2924	-1	10.376943700491323
925	1925	2925	-1	29.563095098467937
926	1926	2926	-1	30.84884886571283
927	1927	2927	-1	30.66784677758874
928	1928	2928	-1	90.55030052057322
929	1929	2929	-1	27.878512613937108
930	1930	2930	-1	89.11605503499561
931	1931	2931	-1	90.57316064963415
932	1932	2932	-1	30.10604980430555
933	1933	2933	-1	31.729183894052245
934	1934	2934	-1	9.01990164555569
935	1935	2935	-1	9.874357875154724
936	1936	2936	-1	30.591396616619953
937	1937	2937	-1	28.51398038293968
938	1938	2938	-1	28.649184064903075
939	1939	2939	-1	89.50661116047091
940	1940	2940	-1	10.050526525908985
941	1941	2941	-1	30.863053777790963
942	1942	2942	-1	9.977520740427842
943	1943	2943	-1	10.313382928294947
944	1944	2944	-1	8.475451792242582
945	1945	2945	-1	10.130463657498566
946	1946	2946	-1	9.609848713911514
947	1947	2947	-1	12.747368261450235
948	1948	2948	-1	30.07869054670358
949	1949	2949	-1	9.844237956246934
950	1950	2950	-1	12.268892748218967
951	1951	2951	-1	10.82626982203574
952	1952	2952	-1	10.629701329414589
953	1953	2953	-1	11.317138378201248
954	1954	2954	-1	7.158806882121384
955	1955	2955	-1	90.83163079036464
956	1956	2956	-1	30.576859144068266
957	1957	2957	-1	90.82522731459817
958	1958	2958	-1	9.906204771186031
959	1959	2959	-1	10.610717952889424
960	1960	2960	-1	11.377611887841912
961	1961	2961	-1	10.193414000430433
962	1962	2962	-1	9.174036388071933
963	1963	2963	-1	10.276616549316508
964	1964	2964	-1	10.832743483444684
965	1965	2965	-1	10.168539382390087
966	1966	2966	-1	29.73549648486561
967	1967	2967	-1	91.26468227893274
968	1968	2968	-1	9.476726493286447
969	1969	2969	-1	9.274350474857615
970	1970	2970	-1	8.697527341674586
971	1971	2971	-1	30.22606996215433
972	1972	2972	-1	9.266586199312123
973	1973	2973	-1	31.198058337272894
974	1974	2974	-1	10.512160352301679
975	1975	2975	-1	29.766609109956015
976	1976	2976	-1	9.548608896733583
977	1977	2977	-1	9.287372446552657
978	1978	2978	-1	30.505998633772915
979	1979	2979	-1	28.810478054121358
980	1980	2980	-1	9.484381355680526
981	1981	2981	-1	90.26584403638448
982	1982	2982	-1	269.2891333489707
983	1983	2983	-1	9.396775961943604
984	1984	2984	-1	9.716970686931148
985	1985	2985	-1	9.010301779915178
986	1986	2986	-1	29.945465664906276
987	1987	2987	-1	28.29874696246137
988	1988	2988	-1	10.241143797623472
989	1989	2989	-1	9.81562672789268
990	1990	2990	-1	9.867188225743064
991	1991	2991	-1	9.830336895758368
992	1992	2992	-1	91.16759664578368
993	1993	2993	-1	8.45442705278847
994	1994	2994	-1	28.744970481701515
995	1995	2995	-1	12.152343403810574
996	1996	2996	-1	8.825350462662128
997	1997	2997	-1	10.746360572544663
998	1998	2998	-1	30.50415395763791
999	1999	2999	-1	11.392643113405558
