ind_ID	father_ID	mother_ID	Sex	Phenotype
1	1001	2001	9	9.303577858592162
2	1002	2002	9	9.0671797029985
3	1003	2003	9	49.86505146445992
4	1004	2004	9	14.344726405935527
5	1005	2005	9	21.55551126256122
6	1006	2006	9	9.492571744287238
7	1007	2007	9	8.953863259774256
8	1008	2008	9	15.77132767729445
9	1009	2009	9	11.236124074781845
10	1010	2010	9	16.109414549781363
11	1011	2011	9	9.273473359855268
12	1012	2012	9	11.311892899873312
13	1013	2013	9	10.485030729827084
14	1014	2014	9	9.844343113646818
15	1015	2015	9	14.767690048097759
16	1016	2016	9	14.089988377800179
17	1017	2017	9	16.12135152110909
18	1018	2018	9	10.343112696186948
19	1019	2019	9	15.89745420916704
20	1020	2020	9	15.07931111994261
21	1021	2021	9	10.066237696323716
22	1022	2022	9	9.9664579591618
23	1023	2023	9	9.6709969161128
24	1024	2024	9	10.628437336684053
25	1025	2025	9	9.58730084271115
26	1026	2026	9	8.616898928954273
27	1027	2027	9	11.445799225922492
28	1028	2028	9	8.983337803641971
29	1029	2029	9	9.387080856225964
30	1030	2030	9	9.608488272793563
31	1031	2031	9	10.751753988668977
32	1032	2032	9	10.561908032420734
33	1033	2033	9	12.254786376256295
34	1034	2034	9	9.137880919444537
35	1035	2035	9	10.045839142701892
36	1036	2036	9	14.715621871701495
37	1037	2037	9	13.981008591963516
38	1038	2038	9	9.606730133330453
39	1039	2039	9	10.332620686744981
40	1040	2040	9	14.842324684186199
41	1041	2041	9	22.137200357180017
42	1042	2042	9	15.953387704695436
43	1043	2043	9	11.177108240074283
44	1044	2044	9	15.133861294693798
45	1045	2045	9	16.139618691358475
46	1046	2046	9	22.480026559006472
47	1047	2047	9	32.202667674523205
48	1048	2048	9	15.684857850638044
49	1049	2049	9	16.199423801345155
50	1050	2050	9	14.838763339651626
51	1051	2051	9	10.401446677524781
52	1052	2052	9	15.223455898923785
53	1053	2053	9	10.090639798092068
54	1054	2054	9	16.18164317372551
55	1055	2055	9	22.400919778613243
56	1056	2056	9	10.557239346553935
57	1057	2057	9	7.965656375285063
58	1058	2058	9	8.771368143184219
59	1059	2059	9	9.231397130965448
60	1060	2060	9	35.241132508918454
61	1061	2061	9	22.839413433624483
62	1062	2062	9	9.621249258813135
63	1063	2063	9	15.715406275814276
64	1064	2064	9	15.168695077315098
65	1065	2065	9	16.104798966455366
66	1066	2066	9	9.689139996032207
67	1067	2067	9	16.115711813857576
68	1068	2068	9	8.92323396342247
69	1069	2069	9	15.997693342564395
70	1070	2070	9	14.929540262555832
71	1071	2071	9	16.94087021620459
72	1072	2072	9	23.66236048544487
73	1073	2073	9	9.113928163884717
74	1074	2074	9	7.816176625215963
75	1075	2075	9	17.080514084618567
76	1076	2076	9	13.923264055950304
77	1077	2077	9	15.057075476434202
78	1078	2078	9	10.320412674618806
79	1079	2079	9	16.204691109321285
80	1080	2080	9	16.3157696596186
81	1081	2081	9	16.49196726139809
82	1082	2082	9	21.818414009429777
83	1083	2083	9	14.976107834471838
84	1084	2084	9	9.88091218458188
85	1085	2085	9	10.868128926332687
86	1086	2086	9	8.4030798762792
87	1087	2087	9	9.208466485105639
88	1088	2088	9	7.992043705989923
89	1089	2089	9	16.236223818663746
90	1090	2090	9	15.2295389305016
91	1091	2091	9	16.010622475241284
92	1092	2092	9	9.856855697525424
93	1093	2093	9	15.21798099875852
94	1094	2094	9	15.046181429520471
95	1095	2095	9	16.09445611189637
96	1096	2096	9	15.223613297402833
97	1097	2097	9	14.862590055438464
98	1098	2098	9	14.512811768519821
99	1099	2099	9	10.298694021522849
100	1100	2100	9	9.697094643716559
101	1101	2101	9	14.740635070923618
102	1102	2102	9	15.66303905585655
103	1103	2103	9	10.346563145363115
104	1104	2104	9	13.977966245123596
105	1105	2105	9	16.317715265666575
106	1106	2106	9	9.352748637479447
107	1107	2107	9	11.322207012948608
108	1108	2108	9	14.802796171144758
109	1109	2109	9	15.074713606541192
110	1110	2110	9	16.507558527117535
111	1111	2111	9	15.205070314816487
112	1112	2112	9	16.461452247816105
113	1113	2113	9	10.191684938932523
114	1114	2114	9	13.957748707673542
115	1115	2115	9	21.082870794421705
116	1116	2116	9	8.904833555141296
117	1117	2117	9	10.565354874686026
118	1118	2118	9	14.748295510345654
119	1119	2119	9	10.857204699470008
120	1120	2120	9	22.508000727768795
121	1121	2121	9	15.889535002608248
122	1122	2122	9	23.080124023420353
123	1123	2123	9	15.267233363577674
124	1124	2124	9	10.480411033521197
125	1125	2125	9	14.944942795120024
126	1126	2126	9	15.452307249194082
127	1127	2127	9	15.087118129813895
128	1128	2128	9	33.30273637531087
129	1129	2129	9	9.761161550047463
130	1130	2130	9	8.211540144397521
131	1131	2131	9	15.441405559447531
132	1132	2132	9	16.31934964080935
133	1133	2133	9	11.356109885008108
134	1134	2134	9	11.030671358548068
135	1135	2135	9	16.420150791504142
136	1136	2136	9	9.3517286912104
137	1137	2137	9	14.078639407542987
138	1138	2138	9	10.408240291851854
139	1139	2139	9	9.786340850491463
140	1140	2140	9	13.983153426928933
141	1141	2141	9	16.236735000302968
142	1142	2142	9	11.774177587341553
143	1143	2143	9	22.36637127366761
144	1144	2144	9	9.329242870079387
145	1145	2145	9	15.57965602192691
146	1146	2146	9	9.81034838613804
147	1147	2147	9	20.750191508375348
148	1148	2148	9	15.535459391076675
149	1149	2149	9	11.743453015154644
150	1150	2150	9	15.148852029993417
151	1151	2151	9	14.929719565137631
152	1152	2152	9	15.900028082297652
153	1153	2153	9	14.869320905630952
154	1154	2154	9	10.588911987536141
155	1155	2155	9	17.121524738575854
156	1156	2156	9	11.128196363295745
157	1157	2157	9	8.682742046672011
158	1158	2158	9	9.863164444087968
159	1159	2159	9	9.540687497256513
160	1160	2160	9	9.362998626376974
161	1161	2161	9	35.01156722763131
162	1162	2162	9	10.009915708381348
163	1163	2163	9	10.544100209527931
164	1164	2164	9	12.020091039344209
165	1165	2165	9	9.576183150181574
166	1166	2166	9	10.644000061566453
167	1167	2167	9	9.648246251507594
168	1168	2168	9	10.466105339965344
169	1169	2169	9	14.684186427827553
170	1170	2170	9	15.46019742954151
171	1171	2171	9	9.34140611538338
172	1172	2172	9	14.505366922628943
173	1173	2173	9	23.709613583577887
174	1174	2174	9	16.276356963065194
175	1175	2175	9	14.319985033685013
176	1176	2176	9	9.24755566749613
177	1177	2177	9	14.896206997003672
178	1178	2178	9	14.618572408007843
179	1179	2179	9	10.099497124850513
180	1180	2180	9	9.43424552471693
181	1181	2181	9	10.312336903016107
182	1182	2182	9	15.254021021425455
183	1183	2183	9	11.936064616614493
184	1184	2184	9	9.247010460298476
185	1185	2185	9	15.818736463134583
186	1186	2186	9	14.623390457647385
187	1187	2187	9	14.64360968279912
188	1188	2188	9	10.86762135797897
189	1189	2189	9	10.000778619530305
190	1190	2190	9	14.557909568798868
191	1191	2191	9	14.991449502429761
192	1192	2192	9	22.021082272692944
193	1193	2193	9	10.256347367701629
194	1194	2194	9	16.228414426992032
195	1195	2195	9	14.239230054914149
196	1196	2196	9	22.055322867556942
197	1197	2197	9	22.827397481442734
198	1198	2198	9	10.488424819320805
199	1199	2199	9	10.633441073927711
200	1200	2200	9	15.451782629454913
201	1201	2201	9	9.326986701778619
202	1202	2202	9	21.468880522573436
203	1203	2203	9	15.159697869014188
204	1204	2204	9	10.858663283150488
205	1205	2205	9	11.229116866029942
206	1206	2206	9	15.280857178389983
207	1207	2207	9	10.75109201382442
208	1208	2208	9	15.597904357832933
209	1209	2209	9	9.192290005607786
210	1210	2210	9	14.294065970753548
211	1211	2211	9	15.320748042645745
212	1212	2212	9	8.487573581959373
213	1213	2213	9	10.150307725196518
214	1214	2214	9	8.35890552616721
215	1215	2215	9	10.435186781793542
216	1216	2216	9	9.609541535855698
217	1217	2217	9	10.243661502322166
218	1218	2218	9	10.508216124506136
219	1219	2219	9	8.913807985739037
220	1220	2220	9	14.500655274000247
221	1221	2221	9	21.763919985590363
222	1222	2222	9	7.585625236945501
223	1223	2223	9	15.699193704211073
224	1224	2224	9	13.93141462162155
225	1225	2225	9	11.374053462588607
226	1226	2226	9	14.071546266433897
227	1227	2227	9	10.489114344794872
228	1228	2228	9	9.710004004149654
229	1229	2229	9	10.719640796546875
230	1230	2230	9	8.818046143213648
231	1231	2231	9	16.129789356189985
232	1232	2232	9	10.097299005384441
233	1233	2233	9	10.976444181757563
234	1234	2234	9	15.882261619540266
235	1235	2235	9	21.529582495446896
236	1236	2236	9	13.655138149155016
237	1237	2237	9	10.170781817840767
238	1238	2238	9	10.185729573570494
239	1239	2239	9	22.151612736238317
240	1240	2240	9	15.901208465365592
241	1241	2241	9	14.004875231057552
242	1242	2242	9	15.294464640099186
243	1243	2243	9	9.852651304633412
244	1244	2244	9	21.5652442304064
245	1245	2245	9	15.58362352980717
246	1246	2246	9	11.484377024331513
247	1247	2247	9	14.947674384085804
248	1248	2248	9	16.47944959222793
249	1249	2249	9	14.854291314631942
250	1250	2250	9	9.870719916324667
251	1251	2251	9	9.748390025173585
252	1252	2252	9	13.575474115268301
253	1253	2253	9	9.041797196062053
254	1254	2254	9	8.800020001520014
255	1255	2255	9	15.655004745409803
256	1256	2256	9	11.998113756760999
257	1257	2257	9	10.327489712262766
258	1258	2258	9	9.33891648277857
259	1259	2259	9	10.25475983795201
260	1260	2260	9	14.788161104887015
261	1261	2261	9	22.19345313520813
262	1262	2262	9	11.23400278950433
263	1263	2263	9	14.150075779721547
264	1264	2264	9	8.799347361635373
265	1265	2265	9	22.67882312194914
266	1266	2266	9	14.986958516172482
267	1267	2267	9	9.991709844545506
268	1268	2268	9	20.33354286788486
269	1269	2269	9	14.552394803995336
270	1270	2270	9	22.235871086929873
271	1271	2271	9	8.760114425415786
272	1272	2272	9	10.347586337729226
273	1273	2273	9	21.92784031763301
274	1274	2274	9	15.948522186697792
275	1275	2275	9	8.927129643149334
276	1276	2276	9	10.322904756838886
277	1277	2277	9	15.582407863317318
278	1278	2278	9	14.836450702450678
279	1279	2279	9	10.074782371169997
280	1280	2280	9	9.795892056613848
281	1281	2281	9	14.132620453322573
282	1282	2282	9	13.877293483044284
283	1283	2283	9	15.129553863819359
284	1284	2284	9	14.015699549515068
285	1285	2285	9	8.79177645898296
286	1286	2286	9	14.140147933254676
287	1287	2287	9	9.712755173373802
288	1288	2288	9	14.998711645985093
289	1289	2289	9	14.750424803188684
290	1290	2290	9	14.304990628985713
291	1291	2291	9	14.669409970702544
292	1292	2292	9	24.63497340827158
293	1293	2293	9	22.12687850179323
294	1294	2294	9	8.431248684896445
295	1295	2295	9	8.312811876398666
296	1296	2296	9	11.490832486483207
297	1297	2297	9	10.489541983217341
298	1298	2298	9	8.761469057988885
299	1299	2299	9	14.93787464095915
300	1300	2300	9	22.90103002340887
301	1301	2301	9	14.286118931978898
302	1302	2302	9	10.695896174621893
303	1303	2303	9	10.456500091049783
304	1304	2304	9	10.308850224707525
305	1305	2305	9	11.417710764112384
306	1306	2306	9	10.005439387321854
307	1307	2307	9	11.65383491436649
308	1308	2308	9	10.794081255687294
309	1309	2309	9	10.784281139287785
310	1310	2310	9	10.359144124045308
311	1311	2311	9	9.626076559509038
312	1312	2312	9	21.401691478746663
313	1313	2313	9	14.916853056141733
314	1314	2314	9	10.055412834257293
315	1315	2315	9	11.991806521026003
316	1316	2316	9	13.309796211445267
317	1317	2317	9	14.575091125499641
318	1318	2318	9	9.880840726418555
319	1319	2319	9	13.960735983428
320	1320	2320	9	33.392329625367374
321	1321	2321	9	14.18117044306448
322	1322	2322	9	9.459569836726104
323	1323	2323	9	10.488721112735233
324	1324	2324	9	10.538601487297758
325	1325	2325	9	8.49043168274483
326	1326	2326	9	10.061927734600884
327	1327	2327	9	14.712381324973958
328	1328	2328	9	7.22845215534919
329	1329	2329	9	14.91903540421551
330	1330	2330	9	9.620508279993441
331	1331	2331	9	9.705862348645931
332	1332	2332	9	10.233574642804278
333	1333	2333	9	14.595053988805699
334	1334	2334	9	14.528103816948576
335	1335	2335	9	10.2163412703941
336	1336	2336	9	11.870046044059304
337	1337	2337	9	13.96994851380543
338	1338	2338	9	10.677502387466903
339	1339	2339	9	10.071817383658825
340	1340	2340	9	14.851871518076896
341	1341	2341	9	16.11606380679322
342	1342	2342	9	10.224370873073722
343	1343	2343	9	7.634557279527371
344	1344	2344	9	10.972639210453627
345	1345	2345	9	9.515019732863696
346	1346	2346	9	9.731037728208106
347	1347	2347	9	10.817294008101582
348	1348	2348	9	16.549165155696425
349	1349	2349	9	16.404629277489683
350	1350	2350	9	14.133821535277438
351	1351	2351	9	22.91665841409793
352	1352	2352	9	14.540144731975627
353	1353	2353	9	9.841333318956426
354	1354	2354	9	14.956967724415726
355	1355	2355	9	9.65160257286378
356	1356	2356	9	11.864099818280884
357	1357	2357	9	20.665526225756768
358	1358	2358	9	15.944280367470768
359	1359	2359	9	11.715982702163723
360	1360	2360	9	8.744942111204393
361	1361	2361	9	10.194184671170836
362	1362	2362	9	15.015450302979524
363	1363	2363	9	10.238224925079926
364	1364	2364	9	10.763453302426294
365	1365	2365	9	10.9080669083612
366	1366	2366	9	15.491492573252318
367	1367	2367	9	8.99622508774073
368	1368	2368	9	15.959454291501492
369	1369	2369	9	8.848012807991712
370	1370	2370	9	15.44748329154671
371	1371	2371	9	15.315535117817925
372	1372	2372	9	14.577165324810567
373	1373	2373	9	21.22464943669983
374	1374	2374	9	15.451429669275889
375	1375	2375	9	11.119940369397113
376	1376	2376	9	16.191182132551464
377	1377	2377	9	13.9389455775269
378	1378	2378	9	15.805898948045309
379	1379	2379	9	14.694899723928215
380	1380	2380	9	15.123880063182542
381	1381	2381	9	15.414112925329631
382	1382	2382	9	8.873537090277024
383	1383	2383	9	10.507998635222323
384	1384	2384	9	12.301903814587014
385	1385	2385	9	14.79340167317262
386	1386	2386	9	14.074684737029138
387	1387	2387	9	9.630212128779268
388	1388	2388	9	8.547447118181326
389	1389	2389	9	22.90709395373126
390	1390	2390	9	14.53730559262178
391	1391	2391	9	15.202423576003357
392	1392	2392	9	14.496148463173812
393	1393	2393	9	16.333636352226126
394	1394	2394	9	15.444345897473907
395	1395	2395	9	15.763779247834703
396	1396	2396	9	11.332912156373721
397	1397	2397	9	12.796248959964093
398	1398	2398	9	8.956548345882513
399	1399	2399	9	24.039627864721524
400	1400	2400	9	8.630145018288948
401	1401	2401	9	14.352357964552262
402	1402	2402	9	10.158590133537396
403	1403	2403	9	9.370584785931685
404	1404	2404	9	9.9669859657087
405	1405	2405	9	10.211958583951093
406	1406	2406	9	13.244737875866191
407	1407	2407	9	10.933004965889708
408	1408	2408	9	10.967882125655267
409	1409	2409	9	10.375818794459823
410	1410	2410	9	14.450515242704533
411	1411	2411	9	6.986363463651648
412	1412	2412	9	10.589647447644746
413	1413	2413	9	16.159495158600926
414	1414	2414	9	10.253866512284032
415	1415	2415	9	9.775182008956042
416	1416	2416	9	13.894181579445057
417	1417	2417	9	11.24746271066145
418	1418	2418	9	10.592379663492398
419	1419	2419	9	12.912739131794554
420	1420	2420	9	23.44136550113881
421	1421	2421	9	33.90208498326231
422	1422	2422	9	14.43704903944017
423	1423	2423	9	12.530289358792206
424	1424	2424	9	15.275005157121354
425	1425	2425	9	9.366425686241334
426	1426	2426	9	9.825031407263294
427	1427	2427	9	10.877771480017154
428	1428	2428	9	9.061962608473385
429	1429	2429	9	15.692290329665884
430	1430	2430	9	9.85953873152104
431	1431	2431	9	13.659225327846404
432	1432	2432	9	16.178000955096408
433	1433	2433	9	14.065888320128996
434	1434	2434	9	10.0639232177611
435	1435	2435	9	16.342870201665505
436	1436	2436	9	14.665842264809452
437	1437	2437	9	15.96373185584891
438	1438	2438	9	8.715331381709468
439	1439	2439	9	8.902706976601921
440	1440	2440	9	15.275670248699033
441	1441	2441	9	10.895593135402548
442	1442	2442	9	21.31918225383148
443	1443	2443	9	22.199240334024005
444	1444	2444	9	16.213184778834748
445	1445	2445	9	33.20818803406344
446	1446	2446	9	9.979931794924376
447	1447	2447	9	14.976024668824834
448	1448	2448	9	10.432761597966481
449	1449	2449	9	14.890619975167684
450	1450	2450	9	11.114917183207059
451	1451	2451	9	15.258563822609986
452	1452	2452	9	14.34315868056269
453	1453	2453	9	8.648313890358171
454	1454	2454	9	12.668218228352657
455	1455	2455	9	8.136035709819554
456	1456	2456	9	9.371213578391716
457	1457	2457	9	9.457131256384438
458	1458	2458	9	16.064987048256796
459	1459	2459	9	15.604634868634845
460	1460	2460	9	10.388489051538839
461	1461	2461	9	10.00572831080101
462	1462	2462	9	9.113782862649487
463	1463	2463	9	16.0830238370759
464	1464	2464	9	13.925118969928013
465	1465	2465	9	8.287729929410553
466	1466	2466	9	16.6029314227748
467	1467	2467	9	9.435867941084183
468	1468	2468	9	16.40185474165143
469	1469	2469	9	15.989253857455742
470	1470	2470	9	10.306453160688454
471	1471	2471	9	13.70003360061361
472	1472	2472	9	14.135887508662751
473	1473	2473	9	10.668582514375053
474	1474	2474	9	15.157814214036415
475	1475	2475	9	21.61983393728421
476	1476	2476	9	7.040126288060138
477	1477	2477	9	16.11797698470883
478	1478	2478	9	11.455197453553678
479	1479	2479	9	23.44100328513165
480	1480	2480	9	21.26456798049851
481	1481	2481	9	11.340824993075547
482	1482	2482	9	11.366521024099457
483	1483	2483	9	9.374283844309565
484	1484	2484	9	14.664728298051955
485	1485	2485	9	14.752469343068602
486	1486	2486	9	15.050755542906703
487	1487	2487	9	10.625502010388656
488	1488	2488	9	9.965416595530494
489	1489	2489	9	15.900489060855051
490	1490	2490	9	9.415742034465762
491	1491	2491	9	16.540049382980833
492	1492	2492	9	14.914705969150049
493	1493	2493	9	16.150735524850056
494	1494	2494	9	15.796107586835282
495	1495	2495	9	15.279463944466201
496	1496	2496	9	9.63430093582075
497	1497	2497	9	14.354108818509985
498	1498	2498	9	13.415154563554344
499	1499	2499	9	13.952222219962156
500	1500	2500	9	10.83900890399331
501	1501	2501	9	10.174036253026124
502	1502	2502	9	14.911477514971207
503	1503	2503	9	15.481598951233986
504	1504	2504	9	9.358596005979122
505	1505	2505	9	9.813257582482974
506	1506	2506	9	12.882348652881426
507	1507	2507	9	13.702931955219551
508	1508	2508	9	15.876178909541812
509	1509	2509	9	24.38476440411781
510	1510	2510	9	22.17387088169651
511	1511	2511	9	20.59162798512118
512	1512	2512	9	8.540831501760898
513	1513	2513	9	21.925622099010603
514	1514	2514	9	15.23536544979112
515	1515	2515	9	16.308823068665394
516	1516	2516	9	17.10241749017443
517	1517	2517	9	9.839799623766947
518	1518	2518	9	11.942501726334173
519	1519	2519	9	14.2239116247204
520	1520	2520	9	34.66589149990305
521	1521	2521	9	9.701541026268254
522	1522	2522	9	34.39226258585729
523	1523	2523	9	15.734379535203965
524	1524	2524	9	14.413157984992417
525	1525	2525	9	14.127383336552835
526	1526	2526	9	16.061929033058533
527	1527	2527	9	16.894882545391983
528	1528	2528	9	14.702481422704235
529	1529	2529	9	9.652784229724608
530	1530	2530	9	14.338595020611232
531	1531	2531	9	22.404622816208484
532	1532	2532	9	22.2657838844243
533	1533	2533	9	9.129855415383386
534	1534	2534	9	11.285751347629946
535	1535	2535	9	11.312622185940366
536	1536	2536	9	13.873777512751666
537	1537	2537	9	23.348717062667347
538	1538	2538	9	14.188616010668605
539	1539	2539	9	14.068863482004351
540	1540	2540	9	23.35325531913341
541	1541	2541	9	15.040423321039254
542	1542	2542	9	14.252508583828055
543	1543	2543	9	9.28909413194235
544	1544	2544	9	10.555322056467885
545	1545	2545	9	14.076840615239464
546	1546	2546	9	16.441959886926774
547	1547	2547	9	21.641485542060355
548	1548	2548	9	10.057239276846957
549	1549	2549	9	9.540048922795554
550	1550	2550	9	9.296888724762823
551	1551	2551	9	15.52015019782264
552	1552	2552	9	9.817285416957617
553	1553	2553	9	34.55877858836892
554	1554	2554	9	21.911313038531237
555	1555	2555	9	15.364459744191441
556	1556	2556	9	14.701169648517174
557	1557	2557	9	10.179220013406006
558	1558	2558	9	52.850219498687984
559	1559	2559	9	10.687435172453855
560	1560	2560	9	16.04752658963132
561	1561	2561	9	9.27417289003621
562	1562	2562	9	13.69982384985423
563	1563	2563	9	13.75853189074896
564	1564	2564	9	10.27562169152816
565	1565	2565	9	17.688115740742766
566	1566	2566	9	14.767725265512421
567	1567	2567	9	9.512902638045638
568	1568	2568	9	15.018671407740458
569	1569	2569	9	12.911038306471374
570	1570	2570	9	10.060333582329553
571	1571	2571	9	14.358177672699656
572	1572	2572	9	9.435562325455864
573	1573	2573	9	11.015610225228986
574	1574	2574	9	13.296038788457146
575	1575	2575	9	15.859232051617283
576	1576	2576	9	16.87882265728198
577	1577	2577	9	23.735782028949032
578	1578	2578	9	15.113778465848096
579	1579	2579	9	10.86120997256245
580	1580	2580	9	14.819012557437848
581	1581	2581	9	16.856418712210576
582	1582	2582	9	9.104611950556606
583	1583	2583	9	10.153517545813763
584	1584	2584	9	8.881293348352402
585	1585	2585	9	10.688975634105889
586	1586	2586	9	16.395345611445343
587	1587	2587	9	23.21899265549889
588	1588	2588	9	14.303745233362012
589	1589	2589	9	23.048479422420325
590	1590	2590	9	15.216647687265427
591	1591	2591	9	9.996862775569191
592	1592	2592	9	10.716918364543893
593	1593	2593	9	14.314398937273644
594	1594	2594	9	9.599456075543044
595	1595	2595	9	11.062794282688744
596	1596	2596	9	10.654862764695693
597	1597	2597	9	8.836781374895292
598	1598	2598	9	10.00968255473035
599	1599	2599	9	10.073811940910321
600	1600	2600	9	10.116793512634649
601	1601	2601	9	9.185049006994877
602	1602	2602	9	10.576070980351616
603	1603	2603	9	10.820176687683325
604	1604	2604	9	8.209897901268228
605	1605	2605	9	14.231514423790923
606	1606	2606	9	15.119641206139848
607	1607	2607	9	10.512558080823236
608	1608	2608	9	10.063447997713086
609	1609	2609	9	10.269440280287991
610	1610	2610	9	8.484132014289443
611	1611	2611	9	21.44965788056051
612	1612	2612	9	22.86403460879016
613	1613	2613	9	9.080070043106492
614	1614	2614	9	9.51404077936755
615	1615	2615	9	13.123032463159536
616	1616	2616	9	23.55491298461818
617	1617	2617	9	10.254027822298744
618	1618	2618	9	34.69965423302066
619	1619	2619	9	10.12124402834087
620	1620	2620	9	22.218637208238007
621	1621	2621	9	15.748661253127835
622	1622	2622	9	7.964397645355798
623	1623	2623	9	15.457245319245796
624	1624	2624	9	15.37797413200713
625	1625	2625	9	11.540952580184776
626	1626	2626	9	22.3481650734587
627	1627	2627	9	14.500733486479863
628	1628	2628	9	8.901327000628546
629	1629	2629	9	8.574299956257226
630	1630	2630	9	14.537339566479455
631	1631	2631	9	9.296637122017874
632	1632	2632	9	11.463839490429974
633	1633	2633	9	7.705584083061282
634	1634	2634	9	14.832936989639412
635	1635	2635	9	8.683467076051459
636	1636	2636	9	10.574881877039573
637	1637	2637	9	8.323811219315711
638	1638	2638	9	13.851454087835153
639	1639	2639	9	16.346744280689776
640	1640	2640	9	10.585305865134403
641	1641	2641	9	22.991307627559806
642	1642	2642	9	10.435170852908355
643	1643	2643	9	16.52774425805952
644	1644	2644	9	15.356817634747111
645	1645	2645	9	21.829767631506947
646	1646	2646	9	10.037127322068866
647	1647	2647	9	12.040557756561919
648	1648	2648	9	11.128927574060652
649	1649	2649	9	13.091016905599218
650	1650	2650	9	22.52787493231633
651	1651	2651	9	14.769414931198025
652	1652	2652	9	8.659392051812635
653	1653	2653	9	8.71077368418554
654	1654	2654	9	12.792372862779855
655	1655	2655	9	10.008244241639215
656	1656	2656	9	10.82795007812106
657	1657	2657	9	9.539908667483717
658	1658	2658	9	8.807330535122409
659	1659	2659	9	14.570032142886422
660	1660	2660	9	15.188645131182273
661	1661	2661	9	13.974669533100183
662	1662	2662	9	10.429211355648091
663	1663	2663	9	15.732893477494528
664	1664	2664	9	10.489626875521564
665	1665	2665	9	7.18036039262801
666	1666	2666	9	22.740954205999724
667	1667	2667	9	15.858776496308293
668	1668	2668	9	10.055228094669808
669	1669	2669	9	8.151666055719918
670	1670	2670	9	14.020492492717139
671	1671	2671	9	8.884664474559285
672	1672	2672	9	8.050443550466259
673	1673	2673	9	10.248434968689612
674	1674	2674	9	10.526437576562397
675	1675	2675	9	9.863331885653995
676	1676	2676	9	10.1530606584503
677	1677	2677	9	14.870048567661524
678	1678	2678	9	15.189110690488164
679	1679	2679	9	22.374899759490706
680	1680	2680	9	21.823413001569754
681	1681	2681	9	10.815981007895441
682	1682	2682	9	10.096074724453375
683	1683	2683	9	9.625219257186975
684	1684	2684	9	9.84553089232777
685	1685	2685	9	9.622971574878283
686	1686	2686	9	14.956350464883823
687	1687	2687	9	16.355794687837797
688	1688	2688	9	15.654828373789574
689	1689	2689	9	15.86538268951303
690	1690	2690	9	23.63247998420384
691	1691	2691	9	23.67858469029865
692	1692	2692	9	14.318312050724655
693	1693	2693	9	22.816614517963913
694	1694	2694	9	10.23039445626741
695	1695	2695	9	10.040638903158737
696	1696	2696	9	10.76391582352973
697	1697	2697	9	15.414899825446287
698	1698	2698	9	11.823047286197529
699	1699	2699	9	14.098520955131507
700	1700	2700	9	9.240104790674264
701	1701	2701	9	10.114240096038182
702	1702	2702	9	9.619609408047266
703	1703	2703	9	22.021583243128795
704	1704	2704	9	16.63107671236607
705	1705	2705	9	10.202839543476776
706	1706	2706	9	8.994638770458367
707	1707	2707	9	10.870507848140203
708	1708	2708	9	9.677554555996997
709	1709	2709	9	8.752590690935016
710	1710	2710	9	9.936520947093141
711	1711	2711	9	14.114575753798906
712	1712	2712	9	10.639927893608576
713	1713	2713	9	9.43774286900021
714	1714	2714	9	9.61702984315743
715	1715	2715	9	13.973598882844717
716	1716	2716	9	16.14945328248939
717	1717	2717	9	15.72171726484605
718	1718	2718	9	9.358639567197542
719	1719	2719	9	14.491927215868753
720	1720	2720	9	8.652762348108899
721	1721	2721	9	9.253979162596845
722	1722	2722	9	14.401593651817379
723	1723	2723	9	10.899350367452476
724	1724	2724	9	15.205207734984578
725	1725	2725	9	10.943532075990262
726	1726	2726	9	15.344465365005497
727	1727	2727	9	14.136963709386352
728	1728	2728	9	11.060042670949162
729	1729	2729	9	15.450247363732014
730	1730	2730	9	9.159307157083347
731	1731	2731	9	15.314136898975429
732	1732	2732	9	10.58420172832375
733	1733	2733	9	8.193405818462827
734	1734	2734	9	9.466401952741062
735	1735	2735	9	13.423146469783866
736	1736	2736	9	14.345532569786725
737	1737	2737	9	9.799237885688072
738	1738	2738	9	24.58099837792971
739	1739	2739	9	9.416640391288158
740	1740	2740	9	11.753206007426902
741	1741	2741	9	25.143857685686562
742	1742	2742	9	11.144313715356034
743	1743	2743	9	10.510542057368278
744	1744	2744	9	8.311950887158503
745	1745	2745	9	23.156034941934852
746	1746	2746	9	9.941770223743651
747	1747	2747	9	15.099218314291116
748	1748	2748	9	14.607728484974205
749	1749	2749	9	10.324342473778701
750	1750	2750	9	9.728035599010656
751	1751	2751	9	10.878284998627011
752	1752	2752	9	8.354114902384197
753	1753	2753	9	11.449003811547508
754	1754	2754	9	9.85263665818707
755	1755	2755	9	21.73450336881925
756	1756	2756	9	8.34688208224693
757	1757	2757	9	24.157408994376013
758	1758	2758	9	11.456235907595902
759	1759	2759	9	9.764219319042745
760	1760	2760	9	13.169324748516114
761	1761	2761	9	8.704943096059063
762	1762	2762	9	10.200195926207668
763	1763	2763	9	9.825537166375263
764	1764	2764	9	9.69343568376752
765	1765	2765	9	9.326324182648703
766	1766	2766	9	13.8600199756932
767	1767	2767	9	14.378662965225908
768	1768	2768	9	14.188111206671252
769	1769	2769	9	13.616700857656816
770	1770	2770	9	8.941219291895662
771	1771	2771	9	11.069616579729669
772	1772	2772	9	15.891895495814724
773	1773	2773	9	16.308427646720094
774	1774	2774	9	16.22535452080173
775	1775	2775	9	16.718364386739605
776	1776	2776	9	13.52980902953054
777	1777	2777	9	14.5132175199604
778	1778	2778	9	9.238032627496736
779	1779	2779	9	12.64308692348861
780	1780	2780	9	9.385480463097768
781	1781	2781	9	9.216474599244886
782	1782	2782	9	15.574560400361737
783	1783	2783	9	22.85039363614076
784	1784	2784	9	10.379229849068139
785	1785	2785	9	15.89476538711294
786	1786	2786	9	21.954496870015653
787	1787	2787	9	10.74589367559573
788	1788	2788	9	22.80797855589686
789	1789	2789	9	10.613100432592722
790	1790	2790	9	14.459136585752912
791	1791	2791	9	8.792758271728557
792	1792	2792	9	9.39405031864826
793	1793	2793	9	8.863279951763412
794	1794	2794	9	15.641318036315353
795	1795	2795	9	10.977259530475232
796	1796	2796	9	9.625041096171397
797	1797	2797	9	14.538332296774316
798	1798	2798	9	10.596573696601292
799	1799	2799	9	10.367089673003324
800	1800	2800	9	24.244723486436886
801	1801	2801	9	22.1965811106591
802	1802	2802	9	16.36178519035437
803	1803	2803	9	14.291006822565643
804	1804	2804	9	13.90608120920963
805	1805	2805	9	15.659253490265247
806	1806	2806	9	16.825467011589883
807	1807	2807	9	8.995288321483988
808	1808	2808	9	16.585539067969886
809	1809	2809	9	23.321001596635593
810	1810	2810	9	15.930099862221946
811	1811	2811	9	11.855958310427347
812	1812	2812	9	24.078065228471345
813	1813	2813	9	15.18297584179331
814	1814	2814	9	14.979860063638522
815	1815	2815	9	23.57292516579329
816	1816	2816	9	10.891568444192899
817	1817	2817	9	10.58240133130397
818	1818	2818	9	13.064095976943433
819	1819	2819	9	8.883518738856285
820	1820	2820	9	15.093006401893803
821	1821	2821	9	16.650091511625927
822	1822	2822	9	14.26559898597524
823	1823	2823	9	9.593738991002684
824	1824	2824	9	13.708081253801804
825	1825	2825	9	14.985898555936231
826	1826	2826	9	9.990523118043443
827	1827	2827	9	11.167338269898051
828	1828	2828	9	33.784544124225526
829	1829	2829	9	15.785476239245721
830	1830	2830	9	14.361341488794526
831	1831	2831	9	13.506294984774227
832	1832	2832	9	9.288048730159835
833	1833	2833	9	8.633352109553082
834	1834	2834	9	23.11332330246748
835	1835	2835	9	14.822898987993357
836	1836	2836	9	11.770352417249647
837	1837	2837	9	13.824189220702369
838	1838	2838	9	22.20295983113204
839	1839	2839	9	33.43882138145046
840	1840	2840	9	9.719407724673765
841	1841	2841	9	24.780205764807846
842	1842	2842	9	16.572470503828374
843	1843	2843	9	9.977805795293133
844	1844	2844	9	11.062337034967513
845	1845	2845	9	10.120973463535064
846	1846	2846	9	9.508017798542456
847	1847	2847	9	33.31507590013199
848	1848	2848	9	12.66437885509453
849	1849	2849	9	8.377131715140738
850	1850	2850	9	9.650602599172233
851	1851	2851	9	9.37149539603479
852	1852	2852	9	11.24236217602331
853	1853	2853	9	9.818225809307052
854	1854	2854	9	9.414224893760641
855	1855	2855	9	15.351606398896967
856	1856	2856	9	10.0250089504503
857	1857	2857	9	16.05669495777164
858	1858	2858	9	8.016001821502936
859	1859	2859	9	15.707513084852085
860	1860	2860	9	10.132045697888358
861	1861	2861	9	8.923967777855138
862	1862	2862	9	9.858252856158463
863	1863	2863	9	9.271014413206432
864	1864	2864	9	22.560653245626483
865	1865	2865	9	17.16452276086888
866	1866	2866	9	21.955936674994877
867	1867	2867	9	17.383367601866926
868	1868	2868	9	10.45439888350094
869	1869	2869	9	9.566494450909454
870	1870	2870	9	10.497515944982112
871	1871	2871	9	15.720909382643363
872	1872	2872	9	16.87456712608177
873	1873	2873	9	14.525929536042987
874	1874	2874	9	8.92566878371894
875	1875	2875	9	10.885793246986392
876	1876	2876	9	17.254142049875608
877	1877	2877	9	10.617267277776746
878	1878	2878	9	10.167186461944404
879	1879	2879	9	12.340170040838249
880	1880	2880	9	10.882882692568346
881	1881	2881	9	14.351892600245822
882	1882	2882	9	15.647410678970575
883	1883	2883	9	23.60056345890423
884	1884	2884	9	15.388616511621164
885	1885	2885	9	16.200534191848202
886	1886	2886	9	13.795396751872753
887	1887	2887	9	15.839161623123468
888	1888	2888	9	9.266367480208261
889	1889	2889	9	15.38993061489068
890	1890	2890	9	14.797500157844672
891	1891	2891	9	9.958591176574597
892	1892	2892	9	22.082678429436708
893	1893	2893	9	10.10414602356635
894	1894	2894	9	10.481930165134065
895	1895	2895	9	10.760799609667549
896	1896	2896	9	9.67781792965104
897	1897	2897	9	17.514095848433872
898	1898	2898	9	9.496985399778648
899	1899	2899	9	22.75341225804943
900	1900	2900	9	9.982734008707542
901	1901	2901	9	10.09232642595948
902	1902	2902	9	10.130144900367538
903	1903	2903	9	16.149244513193256
904	1904	2904	9	10.24626815415821
905	1905	2905	9	15.552092691441885
906	1906	2906	9	15.896775345467967
907	1907	2907	9	15.181951167668029
908	1908	2908	9	15.852800925587852
909	1909	2909	9	8.167671787119096
910	1910	2910	9	8.3558180403138
911	1911	2911	9	9.495616948924017
912	1912	2912	9	16.22730274378456
913	1913	2913	9	15.664563043254462
914	1914	2914	9	16.757040859528274
915	1915	2915	9	10.186556916168511
916	1916	2916	9	15.102565352213785
917	1917	2917	9	15.650052980614129
918	1918	2918	9	9.369684820117778
919	1919	2919	9	10.769463064402165
920	1920	2920	9	11.01592398131873
921	1921	2921	9	10.82374922588519
922	1922	2922	9	8.867787847298018
923	1923	2923	9	9.931906026500057
924	1924	2924	9	15.74774468949253
925	1925	2925	9	14.348370132482394
926	1926	2926	9	11.072940671754948
927	1927	2927	9	8.479866396451467
928	1928	2928	9	22.54675525571162
929	1929	2929	9	11.244115396191384
930	1930	2930	9	8.639790794501552
931	1931	2931	9	11.13072409345547
932	1932	2932	9	8.732104229100683
933	1933	2933	9	16.076106299343703
934	1934	2934	9	16.153082887503448
935	1935	2935	9	22.94283507926713
936	1936	2936	9	9.492353590310332
937	1937	2937	9	15.898315885774357
938	1938	2938	9	10.529422460247087
939	1939	2939	9	10.539867794946689
940	1940	2940	9	14.978592671109007
941	1941	2941	9	10.662067899955478
942	1942	2942	9	14.467247560444704
943	1943	2943	9	10.500125476500836
944	1944	2944	9	22.620372931305354
945	1945	2945	9	8.950942348315484
946	1946	2946	9	12.928946711888305
947	1947	2947	9	14.944824422898526
948	1948	2948	9	15.306839722549231
949	1949	2949	9	9.281166801825295
950	1950	2950	9	11.330749131793707
951	1951	2951	9	10.806561307743523
952	1952	2952	9	15.17306094383991
953	1953	2953	9	15.559933165258704
954	1954	2954	9	23.39010394317263
955	1955	2955	9	10.243502478592527
956	1956	2956	9	16.129958811235728
957	1957	2957	9	9.433282364294794
958	1958	2958	9	10.398965438040657
959	1959	2959	9	10.061236807141986
960	1960	2960	9	16.326295649712208
961	1961	2961	9	13.321637090472112
962	1962	2962	9	8.299514494570527
963	1963	2963	9	10.652882373565241
964	1964	2964	9	14.468425444566899
965	1965	2965	9	10.67080137999214
966	1966	2966	9	9.922024700845565
967	1967	2967	9	14.858073617285646
968	1968	2968	9	8.986581961532714
969	1969	2969	9	8.082172806279976
970	1970	2970	9	14.114129558873316
971	1971	2971	9	11.495803364256378
972	1972	2972	9	11.06497730552582
973	1973	2973	9	9.38335128022034
974	1974	2974	9	11.708480287815682
975	1975	2975	9	7.975121379406907
976	1976	2976	9	33.876300006773675
977	1977	2977	9	13.871511058979523
978	1978	2978	9	10.517400808812779
979	1979	2979	9	14.59607197954945
980	1980	2980	9	15.41563830410703
981	1981	2981	9	23.683914902220742
982	1982	2982	9	15.592939713510422
983	1983	2983	9	14.258751465678946
984	1984	2984	9	15.788726261743642
985	1985	2985	9	12.027287566277833
986	1986	2986	9	11.452062124265364
987	1987	2987	9	12.065498762073164
988	1988	2988	9	10.462666550534315
989	1989	2989	9	9.267115025040141
990	1990	2990	9	11.041963595300391
991	1991	2991	9	10.04468815709475
992	1992	2992	9	16.910424350282025
993	1993	2993	9	14.779328325325755
994	1994	2994	9	10.721845248274427
995	1995	2995	9	9.746470958564233
996	1996	2996	9	9.275123019618004
997	1997	2997	9	22.876052060176995
998	1998	2998	9	10.022151340275512
999	1999	2999	9	24.02654058010409
1000	2000	3000	9	10.530853671737297
