ind_ID	father_ID	mother_ID	Sex	Phenotype
0	1000	2000	-1	10.66635303716126
1	1001	2001	-1	10.344627362727053
2	1002	2002	-1	6.497282113024499
3	1003	2003	-1	9.08520498454461
4	1004	2004	-1	11.12852106302909
5	1005	2005	-1	7.831388482641101
6	1006	2006	-1	10.693871478859041
7	1007	2007	-1	10.768885225792879
8	1008	2008	-1	9.54267358676088
9	1009	2009	-1	9.224095720876202
10	1010	2010	-1	9.172328332032734
11	1011	2011	-1	9.282565158711058
12	1012	2012	-1	11.656207025062375
13	1013	2013	-1	9.1116746134859
14	1014	2014	-1	8.848970007870987
15	1015	2015	-1	15.439772213786991
16	1016	2016	-1	9.19342457139752
17	1017	2017	-1	15.841302320370056
18	1018	2018	-1	10.342951221745961
19	1019	2019	-1	9.840580893749046
20	1020	2020	-1	8.6561427846458
21	1021	2021	-1	8.887321044046157
22	1022	2022	-1	8.864718312534942
23	1023	2023	-1	14.973379524026203
24	1024	2024	-1	9.700935511283083
25	1025	2025	-1	9.839035097691577
26	1026	2026	-1	10.27398099830274
27	1027	2027	-1	10.847961362131247
28	1028	2028	-1	15.287818217555367
29	1029	2029	-1	10.235300017794215
30	1030	2030	-1	9.16566963180632
31	1031	2031	-1	20.1501685498735
32	1032	2032	-1	9.397295255153702
33	1033	2033	-1	8.917288711351635
34	1034	2034	-1	11.181704223631028
35	1035	2035	-1	10.050292925769734
36	1036	2036	-1	9.100325506367847
37	1037	2037	-1	9.496790070462612
38	1038	2038	-1	9.399432455357129
39	1039	2039	-1	11.558728683097566
40	1040	2040	-1	9.745761142223625
41	1041	2041	-1	8.690440517188458
42	1042	2042	-1	9.3254216388287
43	1043	2043	-1	10.142342114860236
44	1044	2044	-1	15.10949106239767
45	1045	2045	-1	9.426405167356378
46	1046	2046	-1	10.63765802960683
47	1047	2047	-1	10.038819850028231
48	1048	2048	-1	10.847328583809999
49	1049	2049	-1	15.739480089370605
50	1050	2050	-1	9.970899038848271
51	1051	2051	-1	10.76108663356865
52	1052	2052	-1	9.465883442763722
53	1053	2053	-1	9.840270342448939
54	1054	2054	-1	23.019117198605063
55	1055	2055	-1	14.512630178585956
56	1056	2056	-1	10.205626329214077
57	1057	2057	-1	8.818057206111435
58	1058	2058	-1	10.156779808469881
59	1059	2059	-1	8.392305158410853
60	1060	2060	-1	9.442330550257617
61	1061	2061	-1	9.638321196213292
62	1062	2062	-1	9.143337004517631
63	1063	2063	-1	12.236454391070993
64	1064	2064	-1	9.862550149755142
65	1065	2065	-1	10.513377875407876
66	1066	2066	-1	10.678422523818249
67	1067	2067	-1	11.493799568974005
68	1068	2068	-1	9.7399002937329
69	1069	2069	-1	11.362194241709531
70	1070	2070	-1	9.323175029635497
71	1071	2071	-1	10.878098856388911
72	1072	2072	-1	10.378903048373816
73	1073	2073	-1	10.519826513012458
74	1074	2074	-1	11.20514582178861
75	1075	2075	-1	10.760287144676598
76	1076	2076	-1	9.489959909817347
77	1077	2077	-1	9.888909030959823
78	1078	2078	-1	10.888378035572673
79	1079	2079	-1	12.93885937271917
80	1080	2080	-1	10.153389554705846
81	1081	2081	-1	14.823519793394027
82	1082	2082	-1	13.80598234891111
83	1083	2083	-1	9.723647650607205
84	1084	2084	-1	11.72546805090358
85	1085	2085	-1	9.391925012447826
86	1086	2086	-1	8.63461433008545
87	1087	2087	-1	10.620061637374214
88	1088	2088	-1	11.222521020328454
89	1089	2089	-1	9.743009066377693
90	1090	2090	-1	13.996255566593257
91	1091	2091	-1	9.432965160989058
92	1092	2092	-1	9.423483877764498
93	1093	2093	-1	9.691667412925273
94	1094	2094	-1	11.100291831938224
95	1095	2095	-1	8.123590696512295
96	1096	2096	-1	8.446580644489757
97	1097	2097	-1	9.021097447867271
98	1098	2098	-1	11.330583962476759
99	1099	2099	-1	11.365246566047714
100	1100	2100	-1	10.594331302891286
101	1101	2101	-1	9.792163595120021
102	1102	2102	-1	9.58598922393677
103	1103	2103	-1	8.685304588480998
104	1104	2104	-1	9.743242148201826
105	1105	2105	-1	10.177664564478778
106	1106	2106	-1	9.669885020050407
107	1107	2107	-1	9.780728762136034
108	1108	2108	-1	11.268098775100803
109	1109	2109	-1	9.12069116674224
110	1110	2110	-1	8.967319258645219
111	1111	2111	-1	12.075274982183743
112	1112	2112	-1	7.713799394425058
113	1113	2113	-1	10.189989988329295
114	1114	2114	-1	8.942751336440795
115	1115	2115	-1	11.560803622978701
116	1116	2116	-1	10.161141092312125
117	1117	2117	-1	11.335620536451698
118	1118	2118	-1	8.980507478709919
119	1119	2119	-1	10.19296285649058
120	1120	2120	-1	10.886056559302414
121	1121	2121	-1	7.463831640482663
122	1122	2122	-1	9.609320220719532
123	1123	2123	-1	11.732330511090716
124	1124	2124	-1	9.467243482355991
125	1125	2125	-1	11.502905722667732
126	1126	2126	-1	9.730169792521465
127	1127	2127	-1	14.622627633466141
128	1128	2128	-1	9.74368772425983
129	1129	2129	-1	10.636965566209335
130	1130	2130	-1	9.028827048467798
131	1131	2131	-1	10.031587892909341
132	1132	2132	-1	9.488302738473877
133	1133	2133	-1	8.858557364139315
134	1134	2134	-1	10.354635227269172
135	1135	2135	-1	10.316079711578064
136	1136	2136	-1	10.220299475451462
137	1137	2137	-1	8.891945537759096
138	1138	2138	-1	10.38457700751052
139	1139	2139	-1	9.942335763477878
140	1140	2140	-1	9.833084890563478
141	1141	2141	-1	9.8566850288189
142	1142	2142	-1	14.627532288383515
143	1143	2143	-1	17.01193898682345
144	1144	2144	-1	8.344057893527337
145	1145	2145	-1	10.790119487650099
146	1146	2146	-1	10.547746701451176
147	1147	2147	-1	8.429059935326325
148	1148	2148	-1	11.071931090739753
149	1149	2149	-1	9.49098786565794
150	1150	2150	-1	14.463426492826622
151	1151	2151	-1	10.325077381589903
152	1152	2152	-1	10.30108691770523
153	1153	2153	-1	11.27330402551281
154	1154	2154	-1	9.480570859137128
155	1155	2155	-1	11.168745090984268
156	1156	2156	-1	9.36476814545443
157	1157	2157	-1	9.206252525911463
158	1158	2158	-1	8.802143931834948
159	1159	2159	-1	9.149209017288886
160	1160	2160	-1	9.399453637248248
161	1161	2161	-1	11.975940617226774
162	1162	2162	-1	8.965158131065262
163	1163	2163	-1	8.673126255997696
164	1164	2164	-1	11.054253454489574
165	1165	2165	-1	11.33827249228717
166	1166	2166	-1	10.518517391604224
167	1167	2167	-1	14.475743662321133
168	1168	2168	-1	8.354794725940476
169	1169	2169	-1	9.408825899389551
170	1170	2170	-1	10.022963731786334
171	1171	2171	-1	8.338955647439535
172	1172	2172	-1	16.031983133488545
173	1173	2173	-1	9.988044419563876
174	1174	2174	-1	8.70380406372147
175	1175	2175	-1	12.970822484674516
176	1176	2176	-1	9.047977195879696
177	1177	2177	-1	9.616897856260948
178	1178	2178	-1	10.387010864348705
179	1179	2179	-1	8.371954552733031
180	1180	2180	-1	9.14855329291816
181	1181	2181	-1	8.685549015435283
182	1182	2182	-1	8.993914098423962
183	1183	2183	-1	10.461561405621712
184	1184	2184	-1	10.816124125463618
185	1185	2185	-1	9.963252678416161
186	1186	2186	-1	10.915226666398173
187	1187	2187	-1	9.97632529040873
188	1188	2188	-1	8.618044193898298
189	1189	2189	-1	12.314477681329732
190	1190	2190	-1	10.445244183650283
191	1191	2191	-1	10.920885994528327
192	1192	2192	-1	15.577109886493808
193	1193	2193	-1	10.710574776412068
194	1194	2194	-1	8.577048850609215
195	1195	2195	-1	10.403359007765012
196	1196	2196	-1	14.866263805451496
197	1197	2197	-1	9.712150666524211
198	1198	2198	-1	10.542682765275694
199	1199	2199	-1	9.950651142409422
200	1200	2200	-1	9.286071744195304
201	1201	2201	-1	9.772814699871098
202	1202	2202	-1	10.792289745350605
203	1203	2203	-1	10.889626420708888
204	1204	2204	-1	11.110166409727093
205	1205	2205	-1	9.89025903332716
206	1206	2206	-1	15.034048690397803
207	1207	2207	-1	21.46895367317618
208	1208	2208	-1	9.51472793745642
209	1209	2209	-1	10.501899692319858
210	1210	2210	-1	10.329375212786143
211	1211	2211	-1	9.287669221216422
212	1212	2212	-1	10.755348161914958
213	1213	2213	-1	10.460121398351834
214	1214	2214	-1	7.916381230410424
215	1215	2215	-1	14.401377663133362
216	1216	2216	-1	8.765777548408332
217	1217	2217	-1	15.734831694399624
218	1218	2218	-1	8.76309433160546
219	1219	2219	-1	11.194769106811009
220	1220	2220	-1	9.673546939475644
221	1221	2221	-1	14.710396026988972
222	1222	2222	-1	11.768306751232185
223	1223	2223	-1	9.620985309261489
224	1224	2224	-1	11.103136609668061
225	1225	2225	-1	9.382972376785931
226	1226	2226	-1	11.272338104351544
227	1227	2227	-1	8.732274418921191
228	1228	2228	-1	8.69212892246703
229	1229	2229	-1	11.05699422658866
230	1230	2230	-1	10.670864473356534
231	1231	2231	-1	11.404755191968352
232	1232	2232	-1	15.131059799392267
233	1233	2233	-1	11.438423427111939
234	1234	2234	-1	11.114862434639216
235	1235	2235	-1	9.9096728564084
236	1236	2236	-1	10.284775332493021
237	1237	2237	-1	9.401974847554254
238	1238	2238	-1	15.21937046366089
239	1239	2239	-1	10.451469892614195
240	1240	2240	-1	15.674305785354761
241	1241	2241	-1	16.574101515405726
242	1242	2242	-1	9.428550457792266
243	1243	2243	-1	8.969051500325115
244	1244	2244	-1	10.302746644517303
245	1245	2245	-1	9.846495311614861
246	1246	2246	-1	8.269115602919785
247	1247	2247	-1	15.022861248456756
248	1248	2248	-1	11.213993883871543
249	1249	2249	-1	11.552075335858342
250	1250	2250	-1	9.06954888221343
251	1251	2251	-1	10.715243120192254
252	1252	2252	-1	16.32294103843855
253	1253	2253	-1	10.226358217818298
254	1254	2254	-1	9.821135346973682
255	1255	2255	-1	9.0932075036819
256	1256	2256	-1	10.14623702313094
257	1257	2257	-1	10.732477827868784
258	1258	2258	-1	10.278364649983768
259	1259	2259	-1	9.774323895798272
260	1260	2260	-1	9.670090940733756
261	1261	2261	-1	10.02188600093746
262	1262	2262	-1	10.59341121370948
263	1263	2263	-1	9.466997002292578
264	1264	2264	-1	8.51191242339877
265	1265	2265	-1	9.590215201329226
266	1266	2266	-1	11.251224153397926
267	1267	2267	-1	9.238636831856454
268	1268	2268	-1	11.78933086188179
269	1269	2269	-1	11.451745444497206
270	1270	2270	-1	10.091747140037478
271	1271	2271	-1	9.839971078324215
272	1272	2272	-1	9.1512021504307
273	1273	2273	-1	15.182373059250414
274	1274	2274	-1	13.996848917951423
275	1275	2275	-1	8.28986913922161
276	1276	2276	-1	11.045378000604169
277	1277	2277	-1	10.046138054194195
278	1278	2278	-1	15.664592511160144
279	1279	2279	-1	8.88710842135702
280	1280	2280	-1	10.156187533697501
281	1281	2281	-1	9.27807025199662
282	1282	2282	-1	9.495091080236952
283	1283	2283	-1	10.11774180932025
284	1284	2284	-1	9.991649556770616
285	1285	2285	-1	11.867970029759807
286	1286	2286	-1	9.477797683519782
287	1287	2287	-1	9.614937302531494
288	1288	2288	-1	11.128963479792457
289	1289	2289	-1	9.947514355673935
290	1290	2290	-1	9.75168427024083
291	1291	2291	-1	9.258360923823309
292	1292	2292	-1	10.26787189502337
293	1293	2293	-1	10.119625293684969
294	1294	2294	-1	15.80458710139323
295	1295	2295	-1	9.330835800817056
296	1296	2296	-1	9.252013347359195
297	1297	2297	-1	10.235921602822025
298	1298	2298	-1	9.444984283352547
299	1299	2299	-1	8.907089129888654
300	1300	2300	-1	8.064811295622304
301	1301	2301	-1	10.480590173975083
302	1302	2302	-1	11.077208508832882
303	1303	2303	-1	9.642883771765506
304	1304	2304	-1	9.96637006321877
305	1305	2305	-1	11.937124409144829
306	1306	2306	-1	10.844720598849348
307	1307	2307	-1	10.361204147680102
308	1308	2308	-1	10.015954536399493
309	1309	2309	-1	10.616757168477562
310	1310	2310	-1	9.57833967632313
311	1311	2311	-1	9.709145419318807
312	1312	2312	-1	11.516062607646655
313	1313	2313	-1	13.468664105674055
314	1314	2314	-1	9.47566815162721
315	1315	2315	-1	10.570535737908955
316	1316	2316	-1	8.958704936918288
317	1317	2317	-1	8.7271373294717
318	1318	2318	-1	11.172606678374208
319	1319	2319	-1	10.416965142080898
320	1320	2320	-1	9.040811711143965
321	1321	2321	-1	10.5844859087588
322	1322	2322	-1	10.599515068675725
323	1323	2323	-1	9.240892494774656
324	1324	2324	-1	9.755883591890957
325	1325	2325	-1	9.197551604252926
326	1326	2326	-1	9.432528955212677
327	1327	2327	-1	10.266708462184166
328	1328	2328	-1	10.511896353754548
329	1329	2329	-1	11.111225552504742
330	1330	2330	-1	10.738342935977114
331	1331	2331	-1	8.098304722951067
332	1332	2332	-1	10.410987339306516
333	1333	2333	-1	14.39526334175593
334	1334	2334	-1	9.155385596794375
335	1335	2335	-1	10.644948766259134
336	1336	2336	-1	10.838353988718152
337	1337	2337	-1	10.48805722496531
338	1338	2338	-1	9.858887048060268
339	1339	2339	-1	9.836648472689705
340	1340	2340	-1	10.778321556518486
341	1341	2341	-1	9.453388347801406
342	1342	2342	-1	10.84564399445181
343	1343	2343	-1	10.83469145412833
344	1344	2344	-1	8.251259461228111
345	1345	2345	-1	10.732169752805563
346	1346	2346	-1	12.016096617094775
347	1347	2347	-1	9.437472152758517
348	1348	2348	-1	8.909283719692365
349	1349	2349	-1	9.905008249869066
350	1350	2350	-1	8.624876260234299
351	1351	2351	-1	11.037732992583306
352	1352	2352	-1	10.591022918696275
353	1353	2353	-1	8.155419844702799
354	1354	2354	-1	10.686864795621455
355	1355	2355	-1	10.789360096487597
356	1356	2356	-1	8.677259461108976
357	1357	2357	-1	9.531701628298064
358	1358	2358	-1	11.250167663948833
359	1359	2359	-1	10.610019985003738
360	1360	2360	-1	9.234087994331206
361	1361	2361	-1	7.386639706042994
362	1362	2362	-1	9.142262850354388
363	1363	2363	-1	9.248397087056752
364	1364	2364	-1	11.155578517925989
365	1365	2365	-1	11.076346260760845
366	1366	2366	-1	11.07776884719779
367	1367	2367	-1	10.126278063553729
368	1368	2368	-1	9.373263770648123
369	1369	2369	-1	10.696707086399929
370	1370	2370	-1	8.19555069086664
371	1371	2371	-1	7.887131706996971
372	1372	2372	-1	8.180802915787082
373	1373	2373	-1	11.958340602506057
374	1374	2374	-1	10.507226575141159
375	1375	2375	-1	16.954664608461698
376	1376	2376	-1	9.144722181569367
377	1377	2377	-1	10.573592106829006
378	1378	2378	-1	15.767960177039546
379	1379	2379	-1	8.99593669311777
380	1380	2380	-1	7.5236697336038
381	1381	2381	-1	11.746880093576827
382	1382	2382	-1	10.431087726645758
383	1383	2383	-1	10.306309978818707
384	1384	2384	-1	22.918582489284436
385	1385	2385	-1	9.510433706549007
386	1386	2386	-1	10.362612663681606
387	1387	2387	-1	11.287609486926426
388	1388	2388	-1	10.749193251334674
389	1389	2389	-1	9.540578502679542
390	1390	2390	-1	16.02749358147194
391	1391	2391	-1	9.068507960566471
392	1392	2392	-1	14.369985977830565
393	1393	2393	-1	9.271294250609165
394	1394	2394	-1	10.21636295278805
395	1395	2395	-1	10.812240810777839
396	1396	2396	-1	10.439755616054272
397	1397	2397	-1	10.135743112081439
398	1398	2398	-1	10.10313590124999
399	1399	2399	-1	10.252675324138664
400	1400	2400	-1	8.490379504683542
401	1401	2401	-1	9.916859329512668
402	1402	2402	-1	10.530198099394221
403	1403	2403	-1	16.41942546726569
404	1404	2404	-1	15.869039062797
405	1405	2405	-1	10.642863113681877
406	1406	2406	-1	8.783534381657214
407	1407	2407	-1	11.054766226708535
408	1408	2408	-1	15.10847654454371
409	1409	2409	-1	11.09550083509577
410	1410	2410	-1	14.681872856760132
411	1411	2411	-1	10.354811406586245
412	1412	2412	-1	9.216024954517032
413	1413	2413	-1	9.103377324014414
414	1414	2414	-1	10.16748031418862
415	1415	2415	-1	13.743685344303447
416	1416	2416	-1	9.433126479304896
417	1417	2417	-1	9.815107997399274
418	1418	2418	-1	9.383223934617003
419	1419	2419	-1	11.188938153655824
420	1420	2420	-1	11.988507985783423
421	1421	2421	-1	9.535179083175153
422	1422	2422	-1	11.517789379645023
423	1423	2423	-1	10.217711666939376
424	1424	2424	-1	15.849090095288163
425	1425	2425	-1	10.859019378892768
426	1426	2426	-1	13.56154838795949
427	1427	2427	-1	10.522913695993298
428	1428	2428	-1	11.650645801797305
429	1429	2429	-1	9.489019177906814
430	1430	2430	-1	10.461173308626643
431	1431	2431	-1	10.070855015935258
432	1432	2432	-1	8.381516948184025
433	1433	2433	-1	10.858539546123344
434	1434	2434	-1	8.532201685688
435	1435	2435	-1	16.89796123246219
436	1436	2436	-1	8.787143956866828
437	1437	2437	-1	10.061200137222158
438	1438	2438	-1	10.412880048104283
439	1439	2439	-1	14.961887940270682
440	1440	2440	-1	10.43483670295792
441	1441	2441	-1	14.971076627828733
442	1442	2442	-1	9.45900717540497
443	1443	2443	-1	11.324684786273979
444	1444	2444	-1	10.26219912310075
445	1445	2445	-1	10.021164635576643
446	1446	2446	-1	16.425871611566222
447	1447	2447	-1	13.37328064171608
448	1448	2448	-1	9.193603606912632
449	1449	2449	-1	11.715358116128451
450	1450	2450	-1	8.349387951758318
451	1451	2451	-1	9.029256953920983
452	1452	2452	-1	13.631123423733905
453	1453	2453	-1	9.940547202791482
454	1454	2454	-1	10.460607157613664
455	1455	2455	-1	15.373498265724825
456	1456	2456	-1	10.166429278847353
457	1457	2457	-1	15.036469721373978
458	1458	2458	-1	9.750527197001361
459	1459	2459	-1	8.61454237063458
460	1460	2460	-1	11.536610471844927
461	1461	2461	-1	11.009498840970695
462	1462	2462	-1	8.673387107811847
463	1463	2463	-1	11.083299413419482
464	1464	2464	-1	10.004716382967962
465	1465	2465	-1	10.824673917690204
466	1466	2466	-1	10.736239430648105
467	1467	2467	-1	10.920629387042034
468	1468	2468	-1	10.042998642707277
469	1469	2469	-1	8.390839312770364
470	1470	2470	-1	11.223207183686778
471	1471	2471	-1	10.361214289732448
472	1472	2472	-1	9.107711998705865
473	1473	2473	-1	10.356485921377521
474	1474	2474	-1	9.9938005804662
475	1475	2475	-1	8.901387854701595
476	1476	2476	-1	8.73222168965365
477	1477	2477	-1	15.618890217561287
478	1478	2478	-1	9.915767192505072
479	1479	2479	-1	11.604593739671792
480	1480	2480	-1	9.721717185846117
481	1481	2481	-1	9.683552073982225
482	1482	2482	-1	9.71629271803433
483	1483	2483	-1	8.467234876719736
484	1484	2484	-1	10.497717585532547
485	1485	2485	-1	8.485352230005585
486	1486	2486	-1	11.08815885143906
487	1487	2487	-1	14.578348501146943
488	1488	2488	-1	11.17352186056703
489	1489	2489	-1	11.40005064150845
490	1490	2490	-1	9.708803846690548
491	1491	2491	-1	9.55477964834745
492	1492	2492	-1	8.980099738090452
493	1493	2493	-1	9.637177003812287
494	1494	2494	-1	9.901490186390827
495	1495	2495	-1	15.567753745164431
496	1496	2496	-1	10.236778018316013
497	1497	2497	-1	16.67669847471962
498	1498	2498	-1	10.675940001705344
499	1499	2499	-1	11.05729563928669
500	1500	2500	-1	10.027120741822547
501	1501	2501	-1	11.476269309292553
502	1502	2502	-1	9.779944275816984
503	1503	2503	-1	15.36659116658004
504	1504	2504	-1	8.730657761966249
505	1505	2505	-1	7.705395007734264
506	1506	2506	-1	10.06085083607449
507	1507	2507	-1	9.01013125812477
508	1508	2508	-1	9.048945181860581
509	1509	2509	-1	13.95564931633127
510	1510	2510	-1	11.17795611125643
511	1511	2511	-1	12.063268495436219
512	1512	2512	-1	9.97307508957103
513	1513	2513	-1	10.8710686648111
514	1514	2514	-1	9.703660892189951
515	1515	2515	-1	14.95259617673846
516	1516	2516	-1	9.976818765931695
517	1517	2517	-1	10.549105183488974
518	1518	2518	-1	10.178732597893479
519	1519	2519	-1	9.59625475878152
520	1520	2520	-1	10.571181700989245
521	1521	2521	-1	10.390296741788099
522	1522	2522	-1	10.237984896386637
523	1523	2523	-1	9.74401102339214
524	1524	2524	-1	11.385733730843041
525	1525	2525	-1	9.63920963856584
526	1526	2526	-1	10.848069390516535
527	1527	2527	-1	11.273569926516682
528	1528	2528	-1	11.194255619450546
529	1529	2529	-1	10.301142625436409
530	1530	2530	-1	10.055030925930074
531	1531	2531	-1	9.753297817220565
532	1532	2532	-1	9.854333820987106
533	1533	2533	-1	9.877433657020296
534	1534	2534	-1	15.40631749580293
535	1535	2535	-1	9.792777549341594
536	1536	2536	-1	10.139767044410341
537	1537	2537	-1	11.650444714372536
538	1538	2538	-1	10.66658597641272
539	1539	2539	-1	9.92361824814648
540	1540	2540	-1	9.883943123018646
541	1541	2541	-1	15.505600275991885
542	1542	2542	-1	10.525389302903186
543	1543	2543	-1	10.320268485270125
544	1544	2544	-1	10.116356169373082
545	1545	2545	-1	9.271904072548477
546	1546	2546	-1	9.762120526961256
547	1547	2547	-1	10.599952331352066
548	1548	2548	-1	11.90804786671595
549	1549	2549	-1	10.570404959583003
550	1550	2550	-1	15.836168495914785
551	1551	2551	-1	10.251950131786776
552	1552	2552	-1	17.849482637285366
553	1553	2553	-1	9.382826027338108
554	1554	2554	-1	11.894161182815257
555	1555	2555	-1	10.711177600029703
556	1556	2556	-1	13.522524499181062
557	1557	2557	-1	10.600112279673667
558	1558	2558	-1	10.480760438270666
559	1559	2559	-1	9.5646937657525
560	1560	2560	-1	11.328687612606196
561	1561	2561	-1	12.436463865296245
562	1562	2562	-1	8.195615841866084
563	1563	2563	-1	10.181064874869552
564	1564	2564	-1	8.950410037372528
565	1565	2565	-1	10.168071102689293
566	1566	2566	-1	9.564976921077898
567	1567	2567	-1	10.077496333145818
568	1568	2568	-1	16.3346238483619
569	1569	2569	-1	11.350502289701115
570	1570	2570	-1	9.416381217491232
571	1571	2571	-1	9.748644228388871
572	1572	2572	-1	9.391291951628157
573	1573	2573	-1	8.873463693374903
574	1574	2574	-1	8.726307176305713
575	1575	2575	-1	9.910947274675184
576	1576	2576	-1	8.797671632365327
577	1577	2577	-1	14.272556766996063
578	1578	2578	-1	11.197792068504368
579	1579	2579	-1	14.540478452880578
580	1580	2580	-1	9.547535423402206
581	1581	2581	-1	14.192847157345046
582	1582	2582	-1	8.635139855840483
583	1583	2583	-1	10.292448769515087
584	1584	2584	-1	15.39051006979994
585	1585	2585	-1	10.337689091391075
586	1586	2586	-1	9.852308743731731
587	1587	2587	-1	9.086737795638141
588	1588	2588	-1	10.817068186457293
589	1589	2589	-1	9.058852499318691
590	1590	2590	-1	8.328027359778222
591	1591	2591	-1	11.361469567422379
592	1592	2592	-1	11.402315726849986
593	1593	2593	-1	9.97366022476395
594	1594	2594	-1	8.895110066632721
595	1595	2595	-1	9.986985604746897
596	1596	2596	-1	11.460300855108933
597	1597	2597	-1	8.866395931889354
598	1598	2598	-1	9.356568123062774
599	1599	2599	-1	11.648600730217094
600	1600	2600	-1	11.115853835269888
601	1601	2601	-1	13.1222952684545
602	1602	2602	-1	10.319094652394154
603	1603	2603	-1	10.407202475648534
604	1604	2604	-1	8.24061733305702
605	1605	2605	-1	8.319812229257838
606	1606	2606	-1	10.005790198954239
607	1607	2607	-1	10.479850814573267
608	1608	2608	-1	9.427740230153384
609	1609	2609	-1	9.683453602358982
610	1610	2610	-1	15.915617938354384
611	1611	2611	-1	10.561678905873059
612	1612	2612	-1	8.783724282533388
613	1613	2613	-1	9.200939213625484
614	1614	2614	-1	11.075210304974469
615	1615	2615	-1	11.208375987879537
616	1616	2616	-1	10.027691922985555
617	1617	2617	-1	9.737164133977103
618	1618	2618	-1	10.358929514183496
619	1619	2619	-1	8.785207395329651
620	1620	2620	-1	13.896862743153143
621	1621	2621	-1	8.321592784485047
622	1622	2622	-1	10.97109326438767
623	1623	2623	-1	10.384799244932328
624	1624	2624	-1	12.190781489219061
625	1625	2625	-1	11.165756299086784
626	1626	2626	-1	10.527195850845422
627	1627	2627	-1	9.311723048322584
628	1628	2628	-1	9.509896348279387
629	1629	2629	-1	9.871493270868651
630	1630	2630	-1	10.043953710987301
631	1631	2631	-1	8.524581214103641
632	1632	2632	-1	11.400240211240877
633	1633	2633	-1	11.460334642281014
634	1634	2634	-1	9.20883281579178
635	1635	2635	-1	10.00466669126258
636	1636	2636	-1	9.846014833758167
637	1637	2637	-1	10.041581254216256
638	1638	2638	-1	9.618310010602615
639	1639	2639	-1	10.221938386711155
640	1640	2640	-1	8.897133365326836
641	1641	2641	-1	10.781292419330326
642	1642	2642	-1	9.497629653139697
643	1643	2643	-1	11.637936328853662
644	1644	2644	-1	8.209808098198714
645	1645	2645	-1	10.137019337543597
646	1646	2646	-1	10.742538172305128
647	1647	2647	-1	9.973159854077227
648	1648	2648	-1	9.763718043388689
649	1649	2649	-1	10.483393316748352
650	1650	2650	-1	10.286244136455545
651	1651	2651	-1	10.725359440029049
652	1652	2652	-1	9.240270608506561
653	1653	2653	-1	9.38390582892955
654	1654	2654	-1	10.103873943868878
655	1655	2655	-1	9.223173173531318
656	1656	2656	-1	8.85728359047461
657	1657	2657	-1	8.629953487544046
658	1658	2658	-1	9.193852959115713
659	1659	2659	-1	10.657268550044646
660	1660	2660	-1	10.269016320732334
661	1661	2661	-1	9.832880734965052
662	1662	2662	-1	10.090875028008021
663	1663	2663	-1	8.345942790955279
664	1664	2664	-1	15.592924040067029
665	1665	2665	-1	9.954569321050238
666	1666	2666	-1	9.41767244931607
667	1667	2667	-1	15.569945055358314
668	1668	2668	-1	11.522788058776896
669	1669	2669	-1	10.303637115954318
670	1670	2670	-1	14.411238044463039
671	1671	2671	-1	10.395403705367842
672	1672	2672	-1	10.511353968478927
673	1673	2673	-1	10.574182921246958
674	1674	2674	-1	9.727650660466974
675	1675	2675	-1	16.208860865306235
676	1676	2676	-1	9.61161955571994
677	1677	2677	-1	14.790715166477378
678	1678	2678	-1	9.799018095691848
679	1679	2679	-1	9.835544125399982
680	1680	2680	-1	12.72086756151887
681	1681	2681	-1	10.6476897047668
682	1682	2682	-1	14.918694794919887
683	1683	2683	-1	8.51194598969556
684	1684	2684	-1	7.990128882024395
685	1685	2685	-1	9.908171977420723
686	1686	2686	-1	15.496371279068466
687	1687	2687	-1	8.721501464067535
688	1688	2688	-1	9.091996238578917
689	1689	2689	-1	9.671031114377012
690	1690	2690	-1	7.844888580055766
691	1691	2691	-1	11.374761646810578
692	1692	2692	-1	7.842367535576179
693	1693	2693	-1	11.867789697924405
694	1694	2694	-1	9.438595182622707
695	1695	2695	-1	8.845834712737027
696	1696	2696	-1	11.009080490887746
697	1697	2697	-1	11.501362815946553
698	1698	2698	-1	10.303784225635658
699	1699	2699	-1	9.422032772044838
700	1700	2700	-1	9.865266275695049
701	1701	2701	-1	9.88999852644674
702	1702	2702	-1	9.431095358042525
703	1703	2703	-1	9.63124907638276
704	1704	2704	-1	16.32870393717834
705	1705	2705	-1	8.543713603752398
706	1706	2706	-1	9.230982343501974
707	1707	2707	-1	11.174532809445033
708	1708	2708	-1	15.265165685888487
709	1709	2709	-1	9.398416719753683
710	1710	2710	-1	10.454269227822943
711	1711	2711	-1	10.419920279315908
712	1712	2712	-1	10.721338484103214
713	1713	2713	-1	10.365711775543614
714	1714	2714	-1	11.85992198121077
715	1715	2715	-1	10.175873788713409
716	1716	2716	-1	8.078985236197717
717	1717	2717	-1	11.488434560799435
718	1718	2718	-1	13.962902293022864
719	1719	2719	-1	10.023176134722958
720	1720	2720	-1	9.941458797810395
721	1721	2721	-1	13.91417934085364
722	1722	2722	-1	9.697757208813783
723	1723	2723	-1	9.063832558500547
724	1724	2724	-1	8.810694188357557
725	1725	2725	-1	8.757927919782132
726	1726	2726	-1	20.21725030328026
727	1727	2727	-1	11.237925258189966
728	1728	2728	-1	7.244035076599249
729	1729	2729	-1	11.167881380967405
730	1730	2730	-1	11.560197383533447
731	1731	2731	-1	10.571627926236406
732	1732	2732	-1	10.00720913492204
733	1733	2733	-1	8.991471984172588
734	1734	2734	-1	11.168321845461119
735	1735	2735	-1	9.248821845843226
736	1736	2736	-1	9.84915132437343
737	1737	2737	-1	9.66517553642528
738	1738	2738	-1	10.290187647493502
739	1739	2739	-1	14.694883624621784
740	1740	2740	-1	10.390969216467502
741	1741	2741	-1	9.249595602365854
742	1742	2742	-1	9.779908453997571
743	1743	2743	-1	14.569131011432848
744	1744	2744	-1	9.660484190384908
745	1745	2745	-1	8.423112034883248
746	1746	2746	-1	11.064095318939081
747	1747	2747	-1	14.59876026877221
748	1748	2748	-1	8.212814476664986
749	1749	2749	-1	9.497531035734074
750	1750	2750	-1	8.484600690451316
751	1751	2751	-1	9.925299697928445
752	1752	2752	-1	10.647452710716044
753	1753	2753	-1	8.725029380349856
754	1754	2754	-1	15.975566155683067
755	1755	2755	-1	9.837035019497915
756	1756	2756	-1	10.669537579992388
757	1757	2757	-1	12.368939324406021
758	1758	2758	-1	10.900225967954613
759	1759	2759	-1	15.201447076704785
760	1760	2760	-1	11.878367396315111
761	1761	2761	-1	9.398385300570546
762	1762	2762	-1	9.433716297668568
763	1763	2763	-1	13.54516178835221
764	1764	2764	-1	9.594210261598642
765	1765	2765	-1	16.083585807638975
766	1766	2766	-1	10.530711231305721
767	1767	2767	-1	9.464928066811819
768	1768	2768	-1	8.958513330316311
769	1769	2769	-1	10.576752931978644
770	1770	2770	-1	8.737736616269745
771	1771	2771	-1	9.499620369303887
772	1772	2772	-1	9.935788327497665
773	1773	2773	-1	10.315350822984804
774	1774	2774	-1	11.93215779278423
775	1775	2775	-1	10.258166486524098
776	1776	2776	-1	9.870489430257692
777	1777	2777	-1	9.159511397571313
778	1778	2778	-1	11.987579930621017
779	1779	2779	-1	14.667269105386012
780	1780	2780	-1	11.233955694247973
781	1781	2781	-1	11.720503363435535
782	1782	2782	-1	10.643212952102946
783	1783	2783	-1	9.050216602987545
784	1784	2784	-1	11.075633222801143
785	1785	2785	-1	9.0255104822352
786	1786	2786	-1	8.827776517970365
787	1787	2787	-1	9.247498659106842
788	1788	2788	-1	10.68309595563024
789	1789	2789	-1	10.930613368828029
790	1790	2790	-1	10.25751614341689
791	1791	2791	-1	9.684376152319624
792	1792	2792	-1	10.070797521698308
793	1793	2793	-1	9.429022178343189
794	1794	2794	-1	9.31589033638229
795	1795	2795	-1	10.304938623927313
796	1796	2796	-1	8.84705842152404
797	1797	2797	-1	10.437167296946091
798	1798	2798	-1	9.790663373010847
799	1799	2799	-1	11.561121211260499
800	1800	2800	-1	8.617130767137128
801	1801	2801	-1	10.39893033083637
802	1802	2802	-1	8.951228527775585
803	1803	2803	-1	15.341558832016986
804	1804	2804	-1	9.386757031078478
805	1805	2805	-1	7.634968146833836
806	1806	2806	-1	13.58435683776063
807	1807	2807	-1	14.094660778843826
808	1808	2808	-1	10.515092432743923
809	1809	2809	-1	15.658402850647146
810	1810	2810	-1	11.769562575388068
811	1811	2811	-1	9.402210951734903
812	1812	2812	-1	10.565238913814106
813	1813	2813	-1	9.912013444171944
814	1814	2814	-1	10.994250301876203
815	1815	2815	-1	10.01275836887235
816	1816	2816	-1	11.177677031848262
817	1817	2817	-1	9.325443885289044
818	1818	2818	-1	10.130939505988135
819	1819	2819	-1	14.522552797459301
820	1820	2820	-1	11.01129577544482
821	1821	2821	-1	9.140573223953982
822	1822	2822	-1	14.405975013907698
823	1823	2823	-1	15.401091245033133
824	1824	2824	-1	9.185885026102875
825	1825	2825	-1	10.122140194318657
826	1826	2826	-1	9.887875654722174
827	1827	2827	-1	10.859967184796162
828	1828	2828	-1	7.485686481118605
829	1829	2829	-1	16.11995922538984
830	1830	2830	-1	16.511521468597394
831	1831	2831	-1	11.899749491002554
832	1832	2832	-1	15.26386339020262
833	1833	2833	-1	10.99151747961046
834	1834	2834	-1	13.868001452027338
835	1835	2835	-1	8.323460027089022
836	1836	2836	-1	10.827593062911173
837	1837	2837	-1	9.66694282833746
838	1838	2838	-1	15.495120324329916
839	1839	2839	-1	16.570477170175494
840	1840	2840	-1	9.412322810036962
841	1841	2841	-1	12.467949601010575
842	1842	2842	-1	11.029038318931123
843	1843	2843	-1	8.332649322318806
844	1844	2844	-1	9.193304208127978
845	1845	2845	-1	9.357646998108667
846	1846	2846	-1	15.026939601065697
847	1847	2847	-1	13.330973722785252
848	1848	2848	-1	12.654523601249752
849	1849	2849	-1	11.384295823251792
850	1850	2850	-1	10.728485085774656
851	1851	2851	-1	10.311118126172557
852	1852	2852	-1	9.693907719662825
853	1853	2853	-1	9.482738713639336
854	1854	2854	-1	11.44736935290591
855	1855	2855	-1	10.734238257131446
856	1856	2856	-1	11.691347242240719
857	1857	2857	-1	15.196044385878634
858	1858	2858	-1	8.887522573541483
859	1859	2859	-1	11.202922483124286
860	1860	2860	-1	9.655616467746047
861	1861	2861	-1	9.573134711747944
862	1862	2862	-1	10.678301572875162
863	1863	2863	-1	10.222161425370373
864	1864	2864	-1	10.085741810448502
865	1865	2865	-1	10.565010956683425
866	1866	2866	-1	11.00233973692555
867	1867	2867	-1	9.321810564727397
868	1868	2868	-1	9.738778948864566
869	1869	2869	-1	9.883386309132375
870	1870	2870	-1	9.534599967412689
871	1871	2871	-1	9.225504102590332
872	1872	2872	-1	9.864394845435992
873	1873	2873	-1	9.284343370614474
874	1874	2874	-1	10.074321659753782
875	1875	2875	-1	7.998412650136212
876	1876	2876	-1	11.152280614241674
877	1877	2877	-1	8.582890919463196
878	1878	2878	-1	8.739509210549732
879	1879	2879	-1	10.315251859310491
880	1880	2880	-1	13.639302571320842
881	1881	2881	-1	15.684429624605784
882	1882	2882	-1	8.788057099065217
883	1883	2883	-1	9.925487213269925
884	1884	2884	-1	10.281976312382207
885	1885	2885	-1	9.29921559108001
886	1886	2886	-1	10.973557760160746
887	1887	2887	-1	9.692004370873283
888	1888	2888	-1	15.82078396092368
889	1889	2889	-1	10.31802563088198
890	1890	2890	-1	7.763742572256104
891	1891	2891	-1	12.478023346098059
892	1892	2892	-1	10.720346030204587
893	1893	2893	-1	14.937602490349132
894	1894	2894	-1	16.069074586416697
895	1895	2895	-1	9.781329340801655
896	1896	2896	-1	10.454117198602754
897	1897	2897	-1	7.923597506582706
898	1898	2898	-1	15.338043532001887
899	1899	2899	-1	8.707964971810675
900	1900	2900	-1	9.117143053826458
901	1901	2901	-1	11.336924314054336
902	1902	2902	-1	10.200735262943882
903	1903	2903	-1	15.602541078912747
904	1904	2904	-1	9.31920632574018
905	1905	2905	-1	9.137556514648994
906	1906	2906	-1	9.25467034516339
907	1907	2907	-1	11.508417948871704
908	1908	2908	-1	9.548901827170164
909	1909	2909	-1	11.343476490926246
910	1910	2910	-1	13.975187559435268
911	1911	2911	-1	10.564454102912112
912	1912	2912	-1	10.882769783981358
913	1913	2913	-1	15.99627806638471
914	1914	2914	-1	12.054787360263438
915	1915	2915	-1	9.435916325076695
916	1916	2916	-1	10.628278625375161
917	1917	2917	-1	11.40902728450989
918	1918	2918	-1	10.169091319565279
919	1919	2919	-1	8.533178373672664
920	1920	2920	-1	9.966142450982492
921	1921	2921	-1	10.272382233593943
922	1922	2922	-1	24.389894427208528
923	1923	2923	-1	12.20879473763213
924	1924	2924	-1	10.734281017583735
925	1925	2925	-1	10.536004219216299
926	1926	2926	-1	10.255711843213716
927	1927	2927	-1	10.484862978647548
928	1928	2928	-1	11.44353078280352
929	1929	2929	-1	10.254827094429494
930	1930	2930	-1	9.92181717064743
931	1931	2931	-1	11.349069422951455
932	1932	2932	-1	9.603406124927542
933	1933	2933	-1	8.232148872978296
934	1934	2934	-1	12.583022704441856
935	1935	2935	-1	9.398965900228301
936	1936	2936	-1	6.408495045513574
937	1937	2937	-1	9.029092093787227
938	1938	2938	-1	7.838083288208193
939	1939	2939	-1	5.936030264474654
940	1940	2940	-1	10.211255073474028
941	1941	2941	-1	10.321547862872917
942	1942	2942	-1	10.364561435770135
943	1943	2943	-1	11.168637758169771
944	1944	2944	-1	20.326891189682662
945	1945	2945	-1	10.708209021305162
946	1946	2946	-1	9.267380216719864
947	1947	2947	-1	8.2581542177662
948	1948	2948	-1	9.608614664537836
949	1949	2949	-1	15.131293058288417
950	1950	2950	-1	9.681032859638439
951	1951	2951	-1	10.470570441729413
952	1952	2952	-1	8.861803588490456
953	1953	2953	-1	9.873325149827686
954	1954	2954	-1	10.156327922360466
955	1955	2955	-1	9.71023560977275
956	1956	2956	-1	10.47633652086803
957	1957	2957	-1	10.020154408987466
958	1958	2958	-1	9.727083860037414
959	1959	2959	-1	9.274386926870008
960	1960	2960	-1	10.129422568868018
961	1961	2961	-1	11.44227611689752
962	1962	2962	-1	9.083444966539485
963	1963	2963	-1	7.90283331579069
964	1964	2964	-1	9.22761719240274
965	1965	2965	-1	10.71344741843982
966	1966	2966	-1	23.762991187564456
967	1967	2967	-1	15.108487908510279
968	1968	2968	-1	14.385262321132872
969	1969	2969	-1	9.364705015279805
970	1970	2970	-1	10.768196659808083
971	1971	2971	-1	10.371430063872673
972	1972	2972	-1	9.317355953954564
973	1973	2973	-1	10.585342344937986
974	1974	2974	-1	9.6062758154733
975	1975	2975	-1	10.427278138313989
976	1976	2976	-1	23.03216255949073
977	1977	2977	-1	9.649929529944199
978	1978	2978	-1	10.585659254267043
979	1979	2979	-1	11.18475772898684
980	1980	2980	-1	11.217919765772606
981	1981	2981	-1	9.503644385352324
982	1982	2982	-1	9.08178091182635
983	1983	2983	-1	10.311201645362297
984	1984	2984	-1	8.665611209341622
985	1985	2985	-1	9.186561320501408
986	1986	2986	-1	10.228855916740356
987	1987	2987	-1	11.085470641427905
988	1988	2988	-1	10.822562215658674
989	1989	2989	-1	13.109586638881765
990	1990	2990	-1	9.043745786310415
991	1991	2991	-1	11.381445410342979
992	1992	2992	-1	15.110885257029247
993	1993	2993	-1	15.38774347712399
994	1994	2994	-1	10.348931112318446
995	1995	2995	-1	10.570621538551254
996	1996	2996	-1	11.254990671457703
997	1997	2997	-1	10.165025497555316
998	1998	2998	-1	9.553082923524496
999	1999	2999	-1	9.907147316271756
