ind_ID	father_ID	mother_ID	Sex	Phenotype
0	1000	2000	-1	268.22149972146246
1	1001	2001	-1	29.73397266206964
2	1002	2002	-1	9.028671937682212
3	1003	2003	-1	31.69329306297667
4	1004	2004	-1	270.460591808957
5	1005	2005	-1	29.63588465018293
6	1006	2006	-1	8.248960646260599
7	1007	2007	-1	28.860007699047323
8	1008	2008	-1	809.6312609982024
9	1009	2009	-1	271.0312999818111
10	1010	2010	-1	810.3015938924261
11	1011	2011	-1	30.287450265966392
12	1012	2012	-1	89.23763085647333
13	1013	2013	-1	808.1440218111195
14	1014	2014	-1	809.8133028579946
15	1015	2015	-1	2428.177169880131
16	1016	2016	-1	270.06522340824785
17	1017	2017	-1	10.848275771829684
18	1018	2018	-1	89.51043174026032
19	1019	2019	-1	808.6131802086005
20	1020	2020	-1	10.543108907039734
21	1021	2021	-1	90.63612237271735
22	1022	2022	-1	30.780806098092363
23	1023	2023	-1	30.78828625019774
24	1024	2024	-1	89.47384164033403
25	1025	2025	-1	11.10046367709424
26	1026	2026	-1	270.8436993685576
27	1027	2027	-1	808.47060657242
28	1028	2028	-1	270.37771108323705
29	1029	2029	-1	808.9797479349071
30	1030	2030	-1	31.05717601507905
31	1031	2031	-1	810.3184031566434
32	1032	2032	-1	268.88031511582295
33	1033	2033	-1	271.8181411932016
34	1034	2034	-1	29.079726612691495
35	1035	2035	-1	29.583533103001745
36	1036	2036	-1	30.44707892471438
37	1037	2037	-1	88.66462349196833
38	1038	2038	-1	29.31004785106327
39	1039	2039	-1	269.4659612490496
40	1040	2040	-1	269.61861817365696
41	1041	2041	-1	89.03546994081215
42	1042	2042	-1	90.64617048001404
43	1043	2043	-1	89.73014487104022
44	1044	2044	-1	29.7151643521733
45	1045	2045	-1	29.76693621403718
46	1046	2046	-1	810.9571206183148
47	1047	2047	-1	30.55092245770614
48	1048	2048	-1	29.18562650524951
49	1049	2049	-1	270.52926222323424
50	1050	2050	-1	809.7628476847483
51	1051	2051	-1	271.2700448002211
52	1052	2052	-1	10.002187976138961
53	1053	2053	-1	808.9908974989253
54	1054	2054	-1	28.847381166307315
55	1055	2055	-1	810.3724181524615
56	1056	2056	-1	268.63246420296736
57	1057	2057	-1	90.78453318037396
58	1058	2058	-1	28.46133405358994
59	1059	2059	-1	270.0687332308532
60	1060	2060	-1	29.13556063029873
61	1061	2061	-1	30.960893093936818
62	1062	2062	-1	270.6036964418602
63	1063	2063	-1	268.8420575690403
64	1064	2064	-1	90.73442163192536
65	1065	2065	-1	809.153531356156
66	1066	2066	-1	269.9762276134929
67	1067	2067	-1	89.69229607791362
68	1068	2068	-1	10.237663021789464
69	1069	2069	-1	271.31006664170246
70	1070	2070	-1	809.9347893876053
71	1071	2071	-1	810.2028517760353
72	1072	2072	-1	2429.7017918814017
73	1073	2073	-1	269.7697638236274
74	1074	2074	-1	90.89950117100811
75	1075	2075	-1	30.33473674902319
76	1076	2076	-1	2428.752901422326
77	1077	2077	-1	89.08506441183236
78	1078	2078	-1	2428.9019879201815
79	1079	2079	-1	30.55243490182997
80	1080	2080	-1	90.86934486994618
81	1081	2081	-1	31.208903284906697
82	1082	2082	-1	28.441177628260043
83	1083	2083	-1	89.19326020623946
84	1084	2084	-1	30.64368882700105
85	1085	2085	-1	90.09144949798842
86	1086	2086	-1	90.12976030726914
87	1087	2087	-1	29.861839243720265
88	1088	2088	-1	268.4700254343744
89	1089	2089	-1	88.90780656230734
90	1090	2090	-1	29.99968062317742
91	1091	2091	-1	270.04286093786163
92	1092	2092	-1	2429.3086594972965
93	1093	2093	-1	270.6174386286199
94	1094	2094	-1	811.4600440259001
95	1095	2095	-1	9.238903047558845
96	1096	2096	-1	90.07964725667061
97	1097	2097	-1	10.579110582403695
98	1098	2098	-1	270.49810994508397
99	1099	2099	-1	268.83225171504023
100	1100	2100	-1	28.913727332516128
101	1101	2101	-1	90.14478947843077
102	1102	2102	-1	269.47389891515223
103	1103	2103	-1	8.534237588210127
104	1104	2104	-1	31.057728221195994
105	1105	2105	-1	89.66201896432173
106	1106	2106	-1	29.44459591569461
107	1107	2107	-1	810.3231893931596
108	1108	2108	-1	31.024317033863603
109	1109	2109	-1	268.7002153528997
110	1110	2110	-1	10.820451419255505
111	1111	2111	-1	809.9134118997997
112	1112	2112	-1	271.84599421959564
113	1113	2113	-1	29.899380022533073
114	1114	2114	-1	88.73169173167098
115	1115	2115	-1	269.7300620331669
116	1116	2116	-1	30.851465855623267
117	1117	2117	-1	89.92572642699878
118	1118	2118	-1	92.15801181276662
119	1119	2119	-1	31.92918532348392
120	1120	2120	-1	89.53831360565844
121	1121	2121	-1	270.0779250691134
122	1122	2122	-1	271.0363786430851
123	1123	2123	-1	31.390284894977967
124	1124	2124	-1	31.616170440043103
125	1125	2125	-1	89.96360180817327
126	1126	2126	-1	8.737617069411467
127	1127	2127	-1	268.9891743176617
128	1128	2128	-1	90.53096628118587
129	1129	2129	-1	269.94096106140574
130	1130	2130	-1	88.98673003520798
131	1131	2131	-1	31.416025237247442
132	1132	2132	-1	89.1859201675668
133	1133	2133	-1	89.03501096864898
134	1134	2134	-1	28.880650267557645
135	1135	2135	-1	269.7438544131076
136	1136	2136	-1	90.06785647398318
137	1137	2137	-1	270.3654350623526
138	1138	2138	-1	9.021998122856708
139	1139	2139	-1	2429.944389599696
140	1140	2140	-1	32.315714963159465
141	1141	2141	-1	29.553420325582675
142	1142	2142	-1	269.1392832924979
143	1143	2143	-1	810.259578560025
144	1144	2144	-1	269.6344562813403
145	1145	2145	-1	2430.1537927896347
146	1146	2146	-1	2428.529010726637
147	1147	2147	-1	90.038772868023
148	1148	2148	-1	29.658843342170115
149	1149	2149	-1	809.9510812352773
150	1150	2150	-1	30.045417081164786
151	1151	2151	-1	89.83725344458682
152	1152	2152	-1	29.202202991634703
153	1153	2153	-1	30.563022185545815
154	1154	2154	-1	270.1232099052805
155	1155	2155	-1	90.45064806383728
156	1156	2156	-1	89.65246418488343
157	1157	2157	-1	269.4919328574161
158	1158	2158	-1	270.42057172515433
159	1159	2159	-1	9.733412234492354
160	1160	2160	-1	9.014668804880039
161	1161	2161	-1	30.80259250199619
162	1162	2162	-1	88.35432847399541
163	1163	2163	-1	10.286116846713158
164	1164	2164	-1	27.724547141411154
165	1165	2165	-1	29.769315971693555
166	1166	2166	-1	29.31037150640338
167	1167	2167	-1	29.530168316747297
168	1168	2168	-1	2428.4223533161326
169	1169	2169	-1	28.06783543580728
170	1170	2170	-1	91.88019314844084
171	1171	2171	-1	2429.6992146122625
172	1172	2172	-1	89.55613219292245
173	1173	2173	-1	808.6167488553637
174	1174	2174	-1	29.16389949641595
175	1175	2175	-1	9.956456032667273
176	1176	2176	-1	268.72277727027347
177	1177	2177	-1	89.42888808976362
178	1178	2178	-1	89.70072098800746
179	1179	2179	-1	9.19382108347909
180	1180	2180	-1	30.29355300858096
181	1181	2181	-1	810.1194377904023
182	1182	2182	-1	89.79763309916683
183	1183	2183	-1	89.81533051994504
184	1184	2184	-1	30.997551344082552
185	1185	2185	-1	89.16281522231417
186	1186	2186	-1	8.691933969726607
187	1187	2187	-1	2431.3968576162597
188	1188	2188	-1	87.60219601607393
189	1189	2189	-1	271.1523783069591
190	1190	2190	-1	30.49483230963473
191	1191	2191	-1	30.64885108525872
192	1192	2192	-1	90.94639388729323
193	1193	2193	-1	29.700341873331602
194	1194	2194	-1	91.15105910187918
195	1195	2195	-1	10.409541696768258
196	1196	2196	-1	29.64570536019497
197	1197	2197	-1	30.96432747908716
198	1198	2198	-1	29.061048124098654
199	1199	2199	-1	10.207359906768216
200	1200	2200	-1	29.877570907184047
201	1201	2201	-1	29.905753701187955
202	1202	2202	-1	811.5248342998182
203	1203	2203	-1	810.0784376451934
204	1204	2204	-1	28.49576705342942
205	1205	2205	-1	91.10967583449265
206	1206	2206	-1	28.934539645439354
207	1207	2207	-1	8.187975169453935
208	1208	2208	-1	30.097988169145605
209	1209	2209	-1	28.65752701678266
210	1210	2210	-1	89.55072638124763
211	1211	2211	-1	91.62717718436366
212	1212	2212	-1	270.3174438026958
213	1213	2213	-1	90.7468113544735
214	1214	2214	-1	269.5995999074713
215	1215	2215	-1	29.48100047734064
216	1216	2216	-1	11.369035398866266
217	1217	2217	-1	268.20915497618086
218	1218	2218	-1	29.499995619805386
219	1219	2219	-1	28.271780982005975
220	1220	2220	-1	29.581051890074168
221	1221	2221	-1	88.72676488912093
222	1222	2222	-1	272.4805179741563
223	1223	2223	-1	91.019261156272
224	1224	2224	-1	9.872976254179315
225	1225	2225	-1	29.53440708818536
226	1226	2226	-1	29.35238430029934
227	1227	2227	-1	9.839241563541968
228	1228	2228	-1	90.5367666856339
229	1229	2229	-1	9.122110944685422
230	1230	2230	-1	30.549685951360782
231	1231	2231	-1	31.398054450061526
232	1232	2232	-1	90.43605778355492
233	1233	2233	-1	269.32973269190546
234	1234	2234	-1	90.25868239800116
235	1235	2235	-1	28.846925776714752
236	1236	2236	-1	33.39378082604673
237	1237	2237	-1	269.1552993399008
238	1238	2238	-1	28.364347395880973
239	1239	2239	-1	808.9430274995185
240	1240	2240	-1	810.603376131989
241	1241	2241	-1	271.9045866007334
242	1242	2242	-1	810.0500378783289
243	1243	2243	-1	91.63906809328776
244	1244	2244	-1	91.6536384973856
245	1245	2245	-1	89.7626938044084
246	1246	2246	-1	31.82172791980373
247	1247	2247	-1	29.06901892504835
248	1248	2248	-1	90.97868374232733
249	1249	2249	-1	809.1998255922855
250	1250	2250	-1	91.17897717512133
251	1251	2251	-1	30.549621827928704
252	1252	2252	-1	272.1396478188908
253	1253	2253	-1	89.5242882575404
254	1254	2254	-1	272.4953653688831
255	1255	2255	-1	91.44428586081172
256	1256	2256	-1	9.542850113733548
257	1257	2257	-1	31.75623439421882
258	1258	2258	-1	90.50578857962395
259	1259	2259	-1	90.28451460398317
260	1260	2260	-1	29.197602982818886
261	1261	2261	-1	90.79879301852503
262	1262	2262	-1	2431.3303904129066
263	1263	2263	-1	90.14319690953592
264	1264	2264	-1	29.12103004700648
265	1265	2265	-1	30.41722648682505
266	1266	2266	-1	30.538646248636514
267	1267	2267	-1	89.60097014583009
268	1268	2268	-1	30.072238957747636
269	1269	2269	-1	9.979035337346474
270	1270	2270	-1	269.1975490636855
271	1271	2271	-1	90.33310910684304
272	1272	2272	-1	89.84708358514578
273	1273	2273	-1	90.53335931018053
274	1274	2274	-1	91.33237200062338
275	1275	2275	-1	28.897288402573267
276	1276	2276	-1	27.53058884846404
277	1277	2277	-1	28.28293799002679
278	1278	2278	-1	29.58474741155097
279	1279	2279	-1	270.6260386491901
280	1280	2280	-1	9.927035848490355
281	1281	2281	-1	88.36901957026974
282	1282	2282	-1	90.96499202304956
283	1283	2283	-1	8.794798054692215
284	1284	2284	-1	271.9429072103189
285	1285	2285	-1	30.783003619115682
286	1286	2286	-1	811.0716863390486
287	1287	2287	-1	29.28992198758315
288	1288	2288	-1	809.740928604527
289	1289	2289	-1	90.99494993421627
290	1290	2290	-1	2428.6900386248144
291	1291	2291	-1	31.043624519665553
292	1292	2292	-1	270.5085748443648
293	1293	2293	-1	89.30867254656295
294	1294	2294	-1	271.05608042181154
295	1295	2295	-1	89.78219027801653
296	1296	2296	-1	30.886015441311393
297	1297	2297	-1	90.25761814070165
298	1298	2298	-1	10.698094953775284
299	1299	2299	-1	29.767301871465342
300	1300	2300	-1	30.105235442731196
301	1301	2301	-1	809.21506541028
302	1302	2302	-1	269.9955718164147
303	1303	2303	-1	809.0932928091336
304	1304	2304	-1	30.624967592417846
305	1305	2305	-1	29.798732231276116
306	1306	2306	-1	91.33469060958457
307	1307	2307	-1	10.334669285302887
308	1308	2308	-1	90.30889182869448
309	1309	2309	-1	9.18911824882623
310	1310	2310	-1	268.9904901493555
311	1311	2311	-1	270.0721385763848
312	1312	2312	-1	2430.0240457324617
313	1313	2313	-1	90.54719140853636
314	1314	2314	-1	269.3994520499144
315	1315	2315	-1	29.77504626797971
316	1316	2316	-1	9.841256334019
317	1317	2317	-1	30.48402206663767
318	1318	2318	-1	89.61637952892355
319	1319	2319	-1	29.98309480910511
320	1320	2320	-1	31.483709535650696
321	1321	2321	-1	30.15160691809216
322	1322	2322	-1	30.963697995772744
323	1323	2323	-1	87.2338243590899
324	1324	2324	-1	809.1066044860561
325	1325	2325	-1	9.692579586039166
326	1326	2326	-1	270.17383857724116
327	1327	2327	-1	28.544705725360053
328	1328	2328	-1	811.9933646682856
329	1329	2329	-1	9.593474067241493
330	1330	2330	-1	10.232649582933224
331	1331	2331	-1	30.231440915013795
332	1332	2332	-1	89.52034230957429
333	1333	2333	-1	29.608707255601587
334	1334	2334	-1	811.0364265202329
335	1335	2335	-1	28.364704361100976
336	1336	2336	-1	29.62808034037492
337	1337	2337	-1	270.1280159731169
338	1338	2338	-1	7.029496136401413
339	1339	2339	-1	809.435035812435
340	1340	2340	-1	270.6530472186632
341	1341	2341	-1	90.40398525501028
342	1342	2342	-1	810.9171449603498
343	1343	2343	-1	90.46854338580223
344	1344	2344	-1	90.55904396155519
345	1345	2345	-1	271.2801929042918
346	1346	2346	-1	268.9539668787949
347	1347	2347	-1	268.83498755229436
348	1348	2348	-1	8.429804876658759
349	1349	2349	-1	30.214313407669273
350	1350	2350	-1	32.13141308781148
351	1351	2351	-1	89.0625003062907
352	1352	2352	-1	270.0386984901748
353	1353	2353	-1	29.976116577843385
354	1354	2354	-1	8.970005164250376
355	1355	2355	-1	91.77742588658272
356	1356	2356	-1	28.668092507275006
357	1357	2357	-1	90.5955904061712
358	1358	2358	-1	270.0076232184781
359	1359	2359	-1	30.10205699564067
360	1360	2360	-1	31.76211727059831
361	1361	2361	-1	811.4393569272232
362	1362	2362	-1	269.49869666836975
363	1363	2363	-1	88.74868956748762
364	1364	2364	-1	811.1733387439863
365	1365	2365	-1	91.17094106641359
366	1366	2366	-1	89.94912443080936
367	1367	2367	-1	270.785310083079
368	1368	2368	-1	30.036117914269113
369	1369	2369	-1	30.0632205721965
370	1370	2370	-1	269.77015919062256
371	1371	2371	-1	11.247476740387985
372	1372	2372	-1	9.923242794064155
373	1373	2373	-1	810.4557366155169
374	1374	2374	-1	91.1041640538269
375	1375	2375	-1	30.875283664224863
376	1376	2376	-1	30.505078946806943
377	1377	2377	-1	29.727374197284217
378	1378	2378	-1	29.442299749577483
379	1379	2379	-1	29.599780379879856
380	1380	2380	-1	91.4130448248047
381	1381	2381	-1	268.5598367296757
382	1382	2382	-1	91.32964868693048
383	1383	2383	-1	269.0133516525418
384	1384	2384	-1	30.154193622632114
385	1385	2385	-1	2431.237043237381
386	1386	2386	-1	269.91869629524416
387	1387	2387	-1	2431.0897892587845
388	1388	2388	-1	92.40555338649963
389	1389	2389	-1	29.645403235227892
390	1390	2390	-1	10.202963990982616
391	1391	2391	-1	810.619547941408
392	1392	2392	-1	8.480992060109488
393	1393	2393	-1	90.17312101128387
394	1394	2394	-1	32.20388647749218
395	1395	2395	-1	88.95736918076214
396	1396	2396	-1	30.291809689217196
397	1397	2397	-1	90.61313158802349
398	1398	2398	-1	29.502515928787997
399	1399	2399	-1	28.844002593592773
400	1400	2400	-1	30.191926026412773
401	1401	2401	-1	269.5051173135073
402	1402	2402	-1	270.7354685201452
403	1403	2403	-1	30.205948458909003
404	1404	2404	-1	89.30334284733748
405	1405	2405	-1	2431.5603677228187
406	1406	2406	-1	29.316582148732724
407	1407	2407	-1	91.20250158762421
408	1408	2408	-1	91.86045088643174
409	1409	2409	-1	91.29424680562873
410	1410	2410	-1	269.12004944872757
411	1411	2411	-1	30.262486270031058
412	1412	2412	-1	269.20467012860524
413	1413	2413	-1	90.56240389962879
414	1414	2414	-1	29.647552676168473
415	1415	2415	-1	90.88325079608776
416	1416	2416	-1	90.28038321337398
417	1417	2417	-1	268.69804604771747
418	1418	2418	-1	88.92616988687077
419	1419	2419	-1	30.663638624568808
420	1420	2420	-1	270.23600909272324
421	1421	2421	-1	30.39812967341864
422	1422	2422	-1	88.96661537716129
423	1423	2423	-1	2429.8005762662438
424	1424	2424	-1	29.499128929057903
425	1425	2425	-1	26.913301685742738
426	1426	2426	-1	810.2083054186975
427	1427	2427	-1	2429.751462210605
428	1428	2428	-1	28.227481117575596
429	1429	2429	-1	811.209970553184
430	1430	2430	-1	30.84252688214945
431	1431	2431	-1	92.38591598819173
432	1432	2432	-1	808.8613117114588
433	1433	2433	-1	267.33553109755974
434	1434	2434	-1	89.94052331779503
435	1435	2435	-1	89.36444900993183
436	1436	2436	-1	11.60393011864982
437	1437	2437	-1	31.978876589990627
438	1438	2438	-1	10.124833839311322
439	1439	2439	-1	810.4074620664306
440	1440	2440	-1	272.2129418597587
441	1441	2441	-1	21871.30417139453
442	1442	2442	-1	10.841858645902768
443	1443	2443	-1	272.10207893719985
444	1444	2444	-1	9.685184767224008
445	1445	2445	-1	270.9979468958427
446	1446	2446	-1	30.211935417655297
447	1447	2447	-1	91.41075620466673
448	1448	2448	-1	88.95948164069678
449	1449	2449	-1	91.05548468784245
450	1450	2450	-1	28.729053455966785
451	1451	2451	-1	28.130113120454794
452	1452	2452	-1	270.1796503397125
453	1453	2453	-1	269.7784843023798
454	1454	2454	-1	90.22548638006394
455	1455	2455	-1	30.465075515566166
456	1456	2456	-1	30.003371301222398
457	1457	2457	-1	29.98735869076374
458	1458	2458	-1	29.53263203505856
459	1459	2459	-1	28.83607581931835
460	1460	2460	-1	30.051367159708214
461	1461	2461	-1	271.79218473139395
462	1462	2462	-1	10.49928273762321
463	1463	2463	-1	10.67884501713609
464	1464	2464	-1	89.95931321664168
465	1465	2465	-1	29.814939906331787
466	1466	2466	-1	28.20650775284138
467	1467	2467	-1	31.364109367448847
468	1468	2468	-1	270.899347999891
469	1469	2469	-1	30.0858616832214
470	1470	2470	-1	30.868264981350627
471	1471	2471	-1	269.9649177337517
472	1472	2472	-1	269.05987490047346
473	1473	2473	-1	30.63681479779523
474	1474	2474	-1	89.88621305820418
475	1475	2475	-1	29.726394624326353
476	1476	2476	-1	810.0090491246234
477	1477	2477	-1	8.041941736354298
478	1478	2478	-1	91.17303851139782
479	1479	2479	-1	90.80972367864527
480	1480	2480	-1	10.120306223120377
481	1481	2481	-1	10.302019515668354
482	1482	2482	-1	270.06277389646414
483	1483	2483	-1	90.96763518417775
484	1484	2484	-1	10.296629055222777
485	1485	2485	-1	11.0874926684851
486	1486	2486	-1	89.1192734741203
487	1487	2487	-1	269.7092963472043
488	1488	2488	-1	29.94153247418688
489	1489	2489	-1	10.171288449039723
490	1490	2490	-1	9.681396911961887
491	1491	2491	-1	271.29860303436817
492	1492	2492	-1	270.0114028990374
493	1493	2493	-1	89.9496614699988
494	1494	2494	-1	89.28711379776541
495	1495	2495	-1	29.552728350553156
496	1496	2496	-1	88.82925190829793
497	1497	2497	-1	91.33252158638301
498	1498	2498	-1	88.13177158905638
499	1499	2499	-1	28.738627232353327
500	1500	2500	-1	810.4871159637421
501	1501	2501	-1	29.026249130907594
502	1502	2502	-1	10.249323031082
503	1503	2503	-1	2428.6448319406913
504	1504	2504	-1	271.64138772587967
505	1505	2505	-1	10.441095587883645
506	1506	2506	-1	810.8517944655799
507	1507	2507	-1	270.55475109341546
508	1508	2508	-1	9.964634379941714
509	1509	2509	-1	87.83891588710287
510	1510	2510	-1	90.96443713801978
511	1511	2511	-1	28.770596123380827
512	1512	2512	-1	271.41227944104054
513	1513	2513	-1	90.32828643247228
514	1514	2514	-1	89.18688421752027
515	1515	2515	-1	28.814731859893833
516	1516	2516	-1	29.471843855674305
517	1517	2517	-1	31.460642535810422
518	1518	2518	-1	269.1058714447168
519	1519	2519	-1	30.237795697708403
520	1520	2520	-1	27.960019714206304
521	1521	2521	-1	269.66072140919937
522	1522	2522	-1	9.779980220974986
523	1523	2523	-1	270.77835109762685
524	1524	2524	-1	809.4788655590035
525	1525	2525	-1	29.631367128927835
526	1526	2526	-1	90.91466329798776
527	1527	2527	-1	268.4182123458765
528	1528	2528	-1	10.333886291524573
529	1529	2529	-1	90.7860783096096
530	1530	2530	-1	90.43615086463815
531	1531	2531	-1	2428.7481948950344
532	1532	2532	-1	270.3500725093525
533	1533	2533	-1	89.87518129100164
534	1534	2534	-1	90.79926789480044
535	1535	2535	-1	269.59262023292445
536	1536	2536	-1	30.87621489448427
537	1537	2537	-1	30.550324130990305
538	1538	2538	-1	90.40681078689511
539	1539	2539	-1	10.059836694255292
540	1540	2540	-1	10.375856343560866
541	1541	2541	-1	28.459940310973046
542	1542	2542	-1	10.948098626500595
543	1543	2543	-1	269.531089587079
544	1544	2544	-1	270.2530345273679
545	1545	2545	-1	30.827041580067355
546	1546	2546	-1	90.75985264573838
547	1547	2547	-1	10.617670066867127
548	1548	2548	-1	29.917619120456152
549	1549	2549	-1	29.6654759561533
550	1550	2550	-1	269.8479806816731
551	1551	2551	-1	2428.3769791672617
552	1552	2552	-1	93.00090103965393
553	1553	2553	-1	810.6912721210402
554	1554	2554	-1	31.872412303582145
555	1555	2555	-1	271.0425953548306
556	1556	2556	-1	30.025198287726298
557	1557	2557	-1	89.80392272810715
558	1558	2558	-1	91.82274031055107
559	1559	2559	-1	269.0631045499623
560	1560	2560	-1	810.4057829765534
561	1561	2561	-1	87.98365010060708
562	1562	2562	-1	268.69890376834553
563	1563	2563	-1	2430.16584775849
564	1564	2564	-1	9.062013545357253
565	1565	2565	-1	30.830828877856383
566	1566	2566	-1	30.55237157479238
567	1567	2567	-1	269.2662495958686
568	1568	2568	-1	7289.672655810479
569	1569	2569	-1	89.77080470960307
570	1570	2570	-1	90.11404805475505
571	1571	2571	-1	809.0930693629381
572	1572	2572	-1	89.2643495736881
573	1573	2573	-1	268.3007135553496
574	1574	2574	-1	90.11490074963065
575	1575	2575	-1	269.81842895562266
576	1576	2576	-1	90.34701934721706
577	1577	2577	-1	30.39657410957758
578	1578	2578	-1	91.00512072048166
579	1579	2579	-1	810.5296930515226
580	1580	2580	-1	2428.450099962297
581	1581	2581	-1	809.1349991953101
582	1582	2582	-1	31.130194043151704
583	1583	2583	-1	9.83703806714951
584	1584	2584	-1	89.57939851625386
585	1585	2585	-1	270.0154234073507
586	1586	2586	-1	271.09888515899394
587	1587	2587	-1	269.9852220400552
588	1588	2588	-1	811.0517798381013
589	1589	2589	-1	270.08554408720346
590	1590	2590	-1	270.189899498838
591	1591	2591	-1	269.8654717853225
592	1592	2592	-1	30.266952958063463
593	1593	2593	-1	810.0202225968097
594	1594	2594	-1	89.17661411343674
595	1595	2595	-1	31.39239094739449
596	1596	2596	-1	10.82309510943803
597	1597	2597	-1	90.88330256832778
598	1598	2598	-1	88.51314825591982
599	1599	2599	-1	11.043008654431587
600	1600	2600	-1	809.377989319743
601	1601	2601	-1	89.87838972536298
602	1602	2602	-1	32.27591563936444
603	1603	2603	-1	270.3839715020782
604	1604	2604	-1	271.6198716707826
605	1605	2605	-1	92.25183822575814
606	1606	2606	-1	10.302206194578073
607	1607	2607	-1	270.8375255475569
608	1608	2608	-1	270.5284313024202
609	1609	2609	-1	269.3239754888354
610	1610	2610	-1	2426.2367731951986
611	1611	2611	-1	8.947537897711783
612	1612	2612	-1	90.53398461339833
613	1613	2613	-1	30.52386923573183
614	1614	2614	-1	89.40363205368627
615	1615	2615	-1	89.97074231201496
616	1616	2616	-1	30.229848617952577
617	1617	2617	-1	27.63669003982956
618	1618	2618	-1	89.62614965273592
619	1619	2619	-1	7288.483000029395
620	1620	2620	-1	10.744230710445452
621	1621	2621	-1	10.235733897626298
622	1622	2622	-1	30.963768791131685
623	1623	2623	-1	270.0090363010856
624	1624	2624	-1	91.33237730597962
625	1625	2625	-1	268.3025532517137
626	1626	2626	-1	811.579604860172
627	1627	2627	-1	30.747869168468824
628	1628	2628	-1	90.17565869688627
629	1629	2629	-1	30.236559398917645
630	1630	2630	-1	270.51886262520304
631	1631	2631	-1	30.537513442274694
632	1632	2632	-1	809.3488350539592
633	1633	2633	-1	2430.740421201226
634	1634	2634	-1	271.41339140979943
635	1635	2635	-1	90.80829234727406
636	1636	2636	-1	31.05913308132353
637	1637	2637	-1	29.517542977855193
638	1638	2638	-1	90.36177727697263
639	1639	2639	-1	88.57097511263468
640	1640	2640	-1	2428.3011907460946
641	1641	2641	-1	90.59510728284987
642	1642	2642	-1	30.760527428061742
643	1643	2643	-1	268.75415235212927
644	1644	2644	-1	2428.819921251492
645	1645	2645	-1	90.43169640504087
646	1646	2646	-1	31.10061263639979
647	1647	2647	-1	29.651824601149272
648	1648	2648	-1	808.5909438678125
649	1649	2649	-1	29.39941204234461
650	1650	2650	-1	271.31114392685726
651	1651	2651	-1	90.44189794820213
652	1652	2652	-1	89.26642496076215
653	1653	2653	-1	810.4543200538228
654	1654	2654	-1	29.30465348343493
655	1655	2655	-1	29.910783456550348
656	1656	2656	-1	90.81637444570949
657	1657	2657	-1	809.7823970000359
658	1658	2658	-1	2430.1463430699064
659	1659	2659	-1	810.5345206859018
660	1660	2660	-1	89.77116326644014
661	1661	2661	-1	812.0827468849535
662	1662	2662	-1	809.1834330731605
663	1663	2663	-1	90.43662902648643
664	1664	2664	-1	271.8881875262808
665	1665	2665	-1	88.92382401900137
666	1666	2666	-1	268.8590269793357
667	1667	2667	-1	809.4224082684286
668	1668	2668	-1	90.27204180546266
669	1669	2669	-1	91.4568912613692
670	1670	2670	-1	270.5658286200445
671	1671	2671	-1	91.07340858473319
672	1672	2672	-1	268.22787467733804
673	1673	2673	-1	90.05975737985868
674	1674	2674	-1	270.64790634691354
675	1675	2675	-1	9.115077995348399
676	1676	2676	-1	269.8227935478012
677	1677	2677	-1	9.308046286302147
678	1678	2678	-1	810.4865599977213
679	1679	2679	-1	91.25713960186428
680	1680	2680	-1	270.66837492953476
681	1681	2681	-1	10.849400114207404
682	1682	2682	-1	270.70982828893074
683	1683	2683	-1	2429.9204479604764
684	1684	2684	-1	30.248752288782253
685	1685	2685	-1	811.3549427042739
686	1686	2686	-1	269.4519884228559
687	1687	2687	-1	270.6618849289039
688	1688	2688	-1	30.65239496691167
689	1689	2689	-1	268.6381461687528
690	1690	2690	-1	9.116479961051379
691	1691	2691	-1	31.239002085451308
692	1692	2692	-1	269.8161708564088
693	1693	2693	-1	90.32067878426476
694	1694	2694	-1	30.714881629476075
695	1695	2695	-1	29.263817975329072
696	1696	2696	-1	269.06434280512605
697	1697	2697	-1	29.373915750953792
698	1698	2698	-1	89.15650749970092
699	1699	2699	-1	272.0298643393987
700	1700	2700	-1	268.6610180306146
701	1701	2701	-1	269.00790395446336
702	1702	2702	-1	810.125571538203
703	1703	2703	-1	29.194020473873287
704	1704	2704	-1	89.18777308106088
705	1705	2705	-1	30.883493235148116
706	1706	2706	-1	270.83647535213896
707	1707	2707	-1	89.41143379424679
708	1708	2708	-1	90.50473969087315
709	1709	2709	-1	808.3408921426101
710	1710	2710	-1	89.61066855718701
711	1711	2711	-1	811.4776678086381
712	1712	2712	-1	269.8014888998674
713	1713	2713	-1	89.59787398067503
714	1714	2714	-1	269.92488157775955
715	1715	2715	-1	89.65648008388008
716	1716	2716	-1	270.5577218806417
717	1717	2717	-1	89.5116995246274
718	1718	2718	-1	91.26546908711765
719	1719	2719	-1	810.3507831980547
720	1720	2720	-1	10.019604850412247
721	1721	2721	-1	268.84675167275856
722	1722	2722	-1	89.44259155652128
723	1723	2723	-1	809.5025890576414
724	1724	2724	-1	91.70985203180567
725	1725	2725	-1	29.797390854931585
726	1726	2726	-1	268.3811433659957
727	1727	2727	-1	89.69289892138919
728	1728	2728	-1	30.260862154740003
729	1729	2729	-1	29.145598429329038
730	1730	2730	-1	90.85440839735382
731	1731	2731	-1	29.01725771495869
732	1732	2732	-1	269.44254569030596
733	1733	2733	-1	89.63232087821451
734	1734	2734	-1	9.376018611334828
735	1735	2735	-1	9.660368610059617
736	1736	2736	-1	90.58352033790038
737	1737	2737	-1	270.73739115120645
738	1738	2738	-1	810.5616940778258
739	1739	2739	-1	30.838765168063603
740	1740	2740	-1	269.48577173486285
741	1741	2741	-1	9.189668130538907
742	1742	2742	-1	91.3987024007897
743	1743	2743	-1	28.49313895226023
744	1744	2744	-1	29.740815021477225
745	1745	2745	-1	270.5122103482162
746	1746	2746	-1	29.720342625326985
747	1747	2747	-1	10.310544486966208
748	1748	2748	-1	269.77348581912173
749	1749	2749	-1	32.4300495064412
750	1750	2750	-1	269.0447485130766
751	1751	2751	-1	89.81327286715512
752	1752	2752	-1	269.0612083802764
753	1753	2753	-1	90.79846592499202
754	1754	2754	-1	270.801217898388
755	1755	2755	-1	28.549452205192523
756	1756	2756	-1	11.124732924603512
757	1757	2757	-1	269.08399842395727
758	1758	2758	-1	811.1744292495184
759	1759	2759	-1	10.138908243512361
760	1760	2760	-1	10.447845884270494
761	1761	2761	-1	269.38133439331693
762	1762	2762	-1	269.78777165416557
763	1763	2763	-1	10.50737298777888
764	1764	2764	-1	30.80222419466116
765	1765	2765	-1	91.29347859087689
766	1766	2766	-1	90.32897281801128
767	1767	2767	-1	89.8605947323392
768	1768	2768	-1	90.53209855810715
769	1769	2769	-1	30.653648117185686
770	1770	2770	-1	810.3436613645035
771	1771	2771	-1	811.0600821191423
772	1772	2772	-1	89.93182877555246
773	1773	2773	-1	30.301540344971073
774	1774	2774	-1	29.682091033708147
775	1775	2775	-1	89.64747291368047
776	1776	2776	-1	90.48451106583758
777	1777	2777	-1	89.15775268925701
778	1778	2778	-1	29.20381784212543
779	1779	2779	-1	28.61069547556369
780	1780	2780	-1	90.85870307633661
781	1781	2781	-1	268.8619566909092
782	1782	2782	-1	270.20487159379684
783	1783	2783	-1	89.30928620006495
784	1784	2784	-1	11.342644353635118
785	1785	2785	-1	271.18692983359824
786	1786	2786	-1	30.02322237745137
787	1787	2787	-1	29.154365307966756
788	1788	2788	-1	271.9120607724576
789	1789	2789	-1	90.64765792592993
790	1790	2790	-1	90.38667196214907
791	1791	2791	-1	9.337097501745555
792	1792	2792	-1	10.799427980612514
793	1793	2793	-1	8.899513131182148
794	1794	2794	-1	10.825051622442489
795	1795	2795	-1	270.3882465575745
796	1796	2796	-1	10.379377228122484
797	1797	2797	-1	29.841769217888228
798	1798	2798	-1	90.4980493585611
799	1799	2799	-1	90.57127290037451
800	1800	2800	-1	2430.061741130871
801	1801	2801	-1	91.1053250316738
802	1802	2802	-1	7288.889516051271
803	1803	2803	-1	8.355161330790065
804	1804	2804	-1	88.9164132806679
805	1805	2805	-1	21871.388583122607
806	1806	2806	-1	89.87160389332038
807	1807	2807	-1	89.91027765587597
808	1808	2808	-1	29.979500220869127
809	1809	2809	-1	31.655172939559595
810	1810	2810	-1	30.353398813623162
811	1811	2811	-1	29.13132714187166
812	1812	2812	-1	89.51783370270883
813	1813	2813	-1	8.780532341187687
814	1814	2814	-1	91.21182852619955
815	1815	2815	-1	91.48260146179555
816	1816	2816	-1	28.995209383299372
817	1817	2817	-1	32.79159590911091
818	1818	2818	-1	31.562319553164773
819	1819	2819	-1	21870.92554458522
820	1820	2820	-1	811.0083459525753
821	1821	2821	-1	91.22965880054532
822	1822	2822	-1	30.8167957281927
823	1823	2823	-1	91.05808827338424
824	1824	2824	-1	91.18499550962113
825	1825	2825	-1	9.890012741014951
826	1826	2826	-1	90.45781502073648
827	1827	2827	-1	809.2358303633818
828	1828	2828	-1	270.67535293477516
829	1829	2829	-1	29.62668042706435
830	1830	2830	-1	269.7494954725954
831	1831	2831	-1	88.77129304569549
832	1832	2832	-1	269.53908467565094
833	1833	2833	-1	269.50846436989525
834	1834	2834	-1	30.815597917672054
835	1835	2835	-1	8.893360904630397
836	1836	2836	-1	90.23281752375881
837	1837	2837	-1	31.657419146680624
838	1838	2838	-1	10.926440363147739
839	1839	2839	-1	272.0508983038877
840	1840	2840	-1	271.3266361074727
841	1841	2841	-1	89.61498887759423
842	1842	2842	-1	269.1585885968757
843	1843	2843	-1	268.05372166701494
844	1844	2844	-1	29.504714732555502
845	1845	2845	-1	88.42523134631371
846	1846	2846	-1	269.7327217704516
847	1847	2847	-1	9.024670747522627
848	1848	2848	-1	89.08906871300569
849	1849	2849	-1	270.625544769728
850	1850	2850	-1	31.2592887174118
851	1851	2851	-1	269.3694755343885
852	1852	2852	-1	89.79288961512977
853	1853	2853	-1	29.52517588436922
854	1854	2854	-1	88.44326162478131
855	1855	2855	-1	269.49465345100356
856	1856	2856	-1	32.094683395350955
857	1857	2857	-1	29.99689745774861
858	1858	2858	-1	810.443058772103
859	1859	2859	-1	32.04726402320803
860	1860	2860	-1	809.3592655225368
861	1861	2861	-1	269.89169305777364
862	1862	2862	-1	29.75834740245197
863	1863	2863	-1	271.8532912362525
864	1864	2864	-1	32.68166571596193
865	1865	2865	-1	11.027146057547286
866	1866	2866	-1	9.925586664940557
867	1867	2867	-1	8.538418517434176
868	1868	2868	-1	28.72581181515232
869	1869	2869	-1	91.80913672900334
870	1870	2870	-1	10.614466398276665
871	1871	2871	-1	11.163809699320437
872	1872	2872	-1	91.30279806167209
873	1873	2873	-1	7289.8858440517115
874	1874	2874	-1	808.427528490919
875	1875	2875	-1	29.909684558045253
876	1876	2876	-1	269.27259298554645
877	1877	2877	-1	810.6971515634956
878	1878	2878	-1	272.4221243753946
879	1879	2879	-1	28.682176631168165
880	1880	2880	-1	809.5753983230296
881	1881	2881	-1	269.76233751800584
882	1882	2882	-1	88.7853550020586
883	1883	2883	-1	21871.659479169484
884	1884	2884	-1	90.0599740341057
885	1885	2885	-1	30.967515554728138
886	1886	2886	-1	269.81533339854667
887	1887	2887	-1	809.4477998312519
888	1888	2888	-1	809.1910069688681
889	1889	2889	-1	90.30930363664632
890	1890	2890	-1	269.8327621512862
891	1891	2891	-1	89.69059772341153
892	1892	2892	-1	89.36897925079208
893	1893	2893	-1	269.6544445940941
894	1894	2894	-1	29.20308856727196
895	1895	2895	-1	88.66585538127383
896	1896	2896	-1	2430.181605304797
897	1897	2897	-1	90.4884681680762
898	1898	2898	-1	269.7370086046231
899	1899	2899	-1	10.580570950886584
900	1900	2900	-1	30.327704968430933
901	1901	2901	-1	30.047760192031287
902	1902	2902	-1	90.17610756909816
903	1903	2903	-1	30.00160861571455
904	1904	2904	-1	270.0000865534843
905	1905	2905	-1	28.84403162549331
906	1906	2906	-1	29.02495698200863
907	1907	2907	-1	29.04138278492786
908	1908	2908	-1	807.241617133923
909	1909	2909	-1	10.99609807213024
910	1910	2910	-1	9.782458737487435
911	1911	2911	-1	10.532767873113768
912	1912	2912	-1	87.60101579896539
913	1913	2913	-1	30.2601767295024
914	1914	2914	-1	90.30122467507262
915	1915	2915	-1	89.78217523084228
916	1916	2916	-1	9.366659492068617
917	1917	2917	-1	270.61545210312215
918	1918	2918	-1	29.198669513979798
919	1919	2919	-1	271.3865077967792
920	1920	2920	-1	29.889547594197108
921	1921	2921	-1	270.55627596569934
922	1922	2922	-1	88.73476000316022
923	1923	2923	-1	810.6282769019853
924	1924	2924	-1	89.99499632199337
925	1925	2925	-1	8.523911448537055
926	1926	2926	-1	9.799187518268933
927	1927	2927	-1	89.33924553971225
928	1928	2928	-1	31.453972343062436
929	1929	2929	-1	30.018159007732837
930	1930	2930	-1	89.88844279810432
931	1931	2931	-1	91.50243273249542
932	1932	2932	-1	30.517677130494057
933	1933	2933	-1	809.7818210529829
934	1934	2934	-1	2431.8615033734654
935	1935	2935	-1	90.69087551715107
936	1936	2936	-1	269.32680644614663
937	1937	2937	-1	270.15792545280163
938	1938	2938	-1	90.61563521562984
939	1939	2939	-1	268.6489410678598
940	1940	2940	-1	31.95754943642446
941	1941	2941	-1	810.456759482227
942	1942	2942	-1	271.59154742142107
943	1943	2943	-1	90.65515923901752
944	1944	2944	-1	90.2785737793664
945	1945	2945	-1	269.64477887856197
946	1946	2946	-1	88.12599617122565
947	1947	2947	-1	270.51291391170537
948	1948	2948	-1	811.5633387849357
949	1949	2949	-1	29.522248656111646
950	1950	2950	-1	28.651732815730625
951	1951	2951	-1	31.768659619846474
952	1952	2952	-1	90.46626258903629
953	1953	2953	-1	270.2958328517248
954	1954	2954	-1	29.802258769235902
955	1955	2955	-1	29.993526383628655
956	1956	2956	-1	2429.9880365790536
957	1957	2957	-1	810.8568735818598
958	1958	2958	-1	269.4729479965868
959	1959	2959	-1	269.4515835401341
960	1960	2960	-1	2429.544997702401
961	1961	2961	-1	31.502151911389877
962	1962	2962	-1	270.58800599083787
963	1963	2963	-1	271.03602895764834
964	1964	2964	-1	91.53586709674308
965	1965	2965	-1	28.721033605308286
966	1966	2966	-1	269.64843278410825
967	1967	2967	-1	271.3930669958479
968	1968	2968	-1	9.291905575086998
969	1969	2969	-1	91.88770577471917
970	1970	2970	-1	90.50530729654908
971	1971	2971	-1	9.61614261674091
972	1972	2972	-1	30.0122264288112
973	1973	2973	-1	810.8692607701664
974	1974	2974	-1	271.6325827123973
975	1975	2975	-1	89.63260882431148
976	1976	2976	-1	29.104881621828728
977	1977	2977	-1	87.96581116470846
978	1978	2978	-1	89.52450847323392
979	1979	2979	-1	88.03042514903366
980	1980	2980	-1	29.597216890988253
981	1981	2981	-1	269.0787235084545
982	1982	2982	-1	90.33058130664436
983	1983	2983	-1	2429.180618496523
984	1984	2984	-1	88.60099570196749
985	1985	2985	-1	808.2377943701757
986	1986	2986	-1	29.749736445277062
987	1987	2987	-1	28.770996446772557
988	1988	2988	-1	89.54695915632591
989	1989	2989	-1	269.9461294231412
990	1990	2990	-1	29.007587646144632
991	1991	2991	-1	9.490699868625248
992	1992	2992	-1	30.915794755463462
993	1993	2993	-1	87.31319332498876
994	1994	2994	-1	30.793190085742303
995	1995	2995	-1	8.619282408040219
996	1996	2996	-1	30.830447100794657
997	1997	2997	-1	90.17452521715187
998	1998	2998	-1	268.3515114225905
999	1999	2999	-1	270.8792419761288
