ind_ID	father_ID	mother_ID	Sex	Phenotype
0	1000	2000	-1	11.415598081258157
1	1001	2001	-1	8.325057192899395
2	1002	2002	-1	10.359806396080394
3	1003	2003	-1	20.52073770002517
4	1004	2004	-1	11.02427065621198
5	1005	2005	-1	8.906790735402783
6	1006	2006	-1	10.407701625415065
7	1007	2007	-1	10.709653213493677
8	1008	2008	-1	19.73224721127497
9	1009	2009	-1	20.6630411859104
10	1010	2010	-1	8.986322247979986
11	1011	2011	-1	10.702213809929258
12	1012	2012	-1	10.055593600649257
13	1013	2013	-1	9.401240104820891
14	1014	2014	-1	8.417159160819901
15	1015	2015	-1	10.504677949799975
16	1016	2016	-1	8.167705432617959
17	1017	2017	-1	9.554659795286849
18	1018	2018	-1	9.682296466765917
19	1019	2019	-1	11.21909265429412
20	1020	2020	-1	11.325767992630794
21	1021	2021	-1	9.234587306382826
22	1022	2022	-1	9.595034957527286
23	1023	2023	-1	20.008385278804937
24	1024	2024	-1	10.677275002056524
25	1025	2025	-1	10.287950469893929
26	1026	2026	-1	8.578966432190501
27	1027	2027	-1	10.07937973405084
28	1028	2028	-1	8.751058219059109
29	1029	2029	-1	12.665956565138524
30	1030	2030	-1	10.078288330410222
31	1031	2031	-1	8.501661342290529
32	1032	2032	-1	18.498864228396947
33	1033	2033	-1	19.186114973769197
34	1034	2034	-1	10.323960924161751
35	1035	2035	-1	9.813625920714527
36	1036	2036	-1	10.300213018314876
37	1037	2037	-1	10.692263932209324
38	1038	2038	-1	9.691937448866065
39	1039	2039	-1	20.38269664643057
40	1040	2040	-1	9.892590922581883
41	1041	2041	-1	11.014363606278266
42	1042	2042	-1	10.011439518403286
43	1043	2043	-1	9.580047682019895
44	1044	2044	-1	10.70993802896724
45	1045	2045	-1	9.221079968825705
46	1046	2046	-1	9.826279695809932
47	1047	2047	-1	9.080845794119424
48	1048	2048	-1	11.805284569497829
49	1049	2049	-1	39.89377797418204
50	1050	2050	-1	8.749676605811596
51	1051	2051	-1	9.134325199340292
52	1052	2052	-1	9.819046751158263
53	1053	2053	-1	10.5565935032725
54	1054	2054	-1	19.850163399557136
55	1055	2055	-1	10.489328624453714
56	1056	2056	-1	10.013396280892819
57	1057	2057	-1	8.559621886665608
58	1058	2058	-1	11.069320129299488
59	1059	2059	-1	19.328009917851514
60	1060	2060	-1	7.171314260573441
61	1061	2061	-1	8.91307606261876
62	1062	2062	-1	12.675927843108772
63	1063	2063	-1	7.713292369467615
64	1064	2064	-1	9.400900354777695
65	1065	2065	-1	9.580179972868079
66	1066	2066	-1	19.38783999513664
67	1067	2067	-1	9.77217393752676
68	1068	2068	-1	19.85170968966587
69	1069	2069	-1	8.255668507159918
70	1070	2070	-1	10.408456574231769
71	1071	2071	-1	11.530154014999635
72	1072	2072	-1	8.491402234035371
73	1073	2073	-1	10.299690349857677
74	1074	2074	-1	10.29926069756232
75	1075	2075	-1	9.61895588749879
76	1076	2076	-1	10.048149681790331
77	1077	2077	-1	9.662956235312382
78	1078	2078	-1	10.20216364922179
79	1079	2079	-1	9.904638961721803
80	1080	2080	-1	10.154164397356654
81	1081	2081	-1	20.834734194542605
82	1082	2082	-1	18.974109474437974
83	1083	2083	-1	10.000241506787852
84	1084	2084	-1	8.406078426349055
85	1085	2085	-1	10.7773222163079
86	1086	2086	-1	10.66897546631314
87	1087	2087	-1	9.575193307851128
88	1088	2088	-1	8.676482244554245
89	1089	2089	-1	18.057037442438766
90	1090	2090	-1	10.046560186429442
91	1091	2091	-1	10.491426569989745
92	1092	2092	-1	8.467689188498563
93	1093	2093	-1	8.561031915561388
94	1094	2094	-1	10.977259226607302
95	1095	2095	-1	9.853065235826522
96	1096	2096	-1	11.09437535055113
97	1097	2097	-1	9.129932905348047
98	1098	2098	-1	8.667276041256528
99	1099	2099	-1	10.293220000693825
100	1100	2100	-1	9.380928778294697
101	1101	2101	-1	10.352397393516396
102	1102	2102	-1	11.49823983446486
103	1103	2103	-1	11.493262405234962
104	1104	2104	-1	20.26312720164732
105	1105	2105	-1	10.509260851163559
106	1106	2106	-1	10.786801987673318
107	1107	2107	-1	9.459826352506091
108	1108	2108	-1	19.099042155901117
109	1109	2109	-1	11.04149030541194
110	1110	2110	-1	9.580960925013606
111	1111	2111	-1	9.989458972834393
112	1112	2112	-1	10.56436812364122
113	1113	2113	-1	18.300787414726855
114	1114	2114	-1	11.107988166750348
115	1115	2115	-1	9.366687627079974
116	1116	2116	-1	10.381578821779884
117	1117	2117	-1	10.53522309423654
118	1118	2118	-1	10.786380649264595
119	1119	2119	-1	9.432252533621021
120	1120	2120	-1	10.768570173429193
121	1121	2121	-1	8.853867643883419
122	1122	2122	-1	10.336056248764331
123	1123	2123	-1	9.204742431535122
124	1124	2124	-1	12.249466883828907
125	1125	2125	-1	10.604918446034537
126	1126	2126	-1	10.067406616549883
127	1127	2127	-1	19.830205942093542
128	1128	2128	-1	39.616654588299696
129	1129	2129	-1	10.740464470625833
130	1130	2130	-1	10.324587835700786
131	1131	2131	-1	9.780812746951547
132	1132	2132	-1	9.935492051956182
133	1133	2133	-1	10.783825086643532
134	1134	2134	-1	7.732411021591439
135	1135	2135	-1	9.378876185377782
136	1136	2136	-1	8.21596142635544
137	1137	2137	-1	19.39131417263952
138	1138	2138	-1	9.519771632695665
139	1139	2139	-1	10.012023161446644
140	1140	2140	-1	8.152459987305173
141	1141	2141	-1	9.625324571089012
142	1142	2142	-1	8.934804226803434
143	1143	2143	-1	9.425906416070168
144	1144	2144	-1	9.469057409039813
145	1145	2145	-1	9.106239650919923
146	1146	2146	-1	10.037108393400569
147	1147	2147	-1	8.128602215863195
148	1148	2148	-1	9.468652866241333
149	1149	2149	-1	11.696207751080546
150	1150	2150	-1	11.09031788220418
151	1151	2151	-1	10.780484992472463
152	1152	2152	-1	10.980514062929716
153	1153	2153	-1	8.299695773203725
154	1154	2154	-1	21.280537289411157
155	1155	2155	-1	19.203455405776207
156	1156	2156	-1	10.648643713179466
157	1157	2157	-1	12.02886059127654
158	1158	2158	-1	9.239916677788429
159	1159	2159	-1	9.668802117639911
160	1160	2160	-1	9.149444894421121
161	1161	2161	-1	10.369830351807309
162	1162	2162	-1	10.338348859664933
163	1163	2163	-1	20.314263063531108
164	1164	2164	-1	11.833480316932317
165	1165	2165	-1	10.437643847273769
166	1166	2166	-1	9.545469746692547
167	1167	2167	-1	18.928199140936414
168	1168	2168	-1	10.291672865306692
169	1169	2169	-1	9.426297269677598
170	1170	2170	-1	11.495410635822635
171	1171	2171	-1	11.609310187288058
172	1172	2172	-1	10.022938003720114
173	1173	2173	-1	11.283957217355802
174	1174	2174	-1	9.80389662432511
175	1175	2175	-1	10.070171510001007
176	1176	2176	-1	9.838565290644372
177	1177	2177	-1	10.362252210506831
178	1178	2178	-1	9.575444059619025
179	1179	2179	-1	10.204275455376903
180	1180	2180	-1	10.7557086556609
181	1181	2181	-1	11.314869747062394
182	1182	2182	-1	9.469088386324259
183	1183	2183	-1	10.140894048282185
184	1184	2184	-1	9.824686320118047
185	1185	2185	-1	9.511133295166326
186	1186	2186	-1	19.714117182603555
187	1187	2187	-1	9.707354928720468
188	1188	2188	-1	9.669696550308718
189	1189	2189	-1	9.277877038141998
190	1190	2190	-1	11.515889832562571
191	1191	2191	-1	9.53893032746754
192	1192	2192	-1	8.308800305122888
193	1193	2193	-1	12.150490240655358
194	1194	2194	-1	9.447406047605964
195	1195	2195	-1	9.257901105122711
196	1196	2196	-1	9.00266397187424
197	1197	2197	-1	10.871810078507822
198	1198	2198	-1	10.47296192091464
199	1199	2199	-1	10.388891926242996
200	1200	2200	-1	10.627329480136318
201	1201	2201	-1	8.553600887304627
202	1202	2202	-1	11.023874931167917
203	1203	2203	-1	10.529209053133133
204	1204	2204	-1	10.086948682606208
205	1205	2205	-1	10.819552495195337
206	1206	2206	-1	21.057777630187594
207	1207	2207	-1	10.947157290864045
208	1208	2208	-1	9.316410403208078
209	1209	2209	-1	8.143766561310986
210	1210	2210	-1	8.287795273573858
211	1211	2211	-1	8.581423692957744
212	1212	2212	-1	10.767668833046518
213	1213	2213	-1	11.605912284741068
214	1214	2214	-1	9.41585998650561
215	1215	2215	-1	9.083418617467338
216	1216	2216	-1	8.714434333548704
217	1217	2217	-1	9.172988491821773
218	1218	2218	-1	9.590775320311993
219	1219	2219	-1	8.765805855186713
220	1220	2220	-1	10.445321918326753
221	1221	2221	-1	10.161587584201001
222	1222	2222	-1	11.28025691190523
223	1223	2223	-1	11.552930912766953
224	1224	2224	-1	11.728574266609813
225	1225	2225	-1	10.48599250675508
226	1226	2226	-1	10.965290289362981
227	1227	2227	-1	9.219254103818907
228	1228	2228	-1	7.9020051817520764
229	1229	2229	-1	10.69979904183805
230	1230	2230	-1	9.695849303230606
231	1231	2231	-1	8.541183065842866
232	1232	2232	-1	19.056676452378838
233	1233	2233	-1	11.031909052879342
234	1234	2234	-1	10.685270136216436
235	1235	2235	-1	8.484563613290199
236	1236	2236	-1	11.068182546146566
237	1237	2237	-1	11.522006272866815
238	1238	2238	-1	10.84763859421725
239	1239	2239	-1	10.05669877876417
240	1240	2240	-1	9.478713484508644
241	1241	2241	-1	10.363928840902034
242	1242	2242	-1	10.70230370700747
243	1243	2243	-1	11.996421484639702
244	1244	2244	-1	10.710642881636005
245	1245	2245	-1	10.713095833724532
246	1246	2246	-1	10.101824244447618
247	1247	2247	-1	10.175546690224145
248	1248	2248	-1	10.374210056774414
249	1249	2249	-1	9.23030930937697
250	1250	2250	-1	20.647326665398623
251	1251	2251	-1	9.520594833950705
252	1252	2252	-1	8.828441626204508
253	1253	2253	-1	9.451425950386001
254	1254	2254	-1	9.269695188000428
255	1255	2255	-1	9.996552806910472
256	1256	2256	-1	10.00611171327717
257	1257	2257	-1	10.405276598131453
258	1258	2258	-1	9.819676108546345
259	1259	2259	-1	10.489089502442802
260	1260	2260	-1	9.947995998525316
261	1261	2261	-1	11.058274581682614
262	1262	2262	-1	11.449963872158225
263	1263	2263	-1	40.35815043508635
264	1264	2264	-1	10.360823647703896
265	1265	2265	-1	9.534110472748294
266	1266	2266	-1	8.823854150973732
267	1267	2267	-1	10.04583583498413
268	1268	2268	-1	10.163254114334602
269	1269	2269	-1	10.304600705468399
270	1270	2270	-1	10.466319557068188
271	1271	2271	-1	20.458430888679928
272	1272	2272	-1	9.24640323286026
273	1273	2273	-1	10.898381193876022
274	1274	2274	-1	11.957478964744547
275	1275	2275	-1	9.511604165539094
276	1276	2276	-1	19.58422079617845
277	1277	2277	-1	10.36427913274085
278	1278	2278	-1	9.601390748036701
279	1279	2279	-1	9.320020501630735
280	1280	2280	-1	10.283575520734889
281	1281	2281	-1	11.713678092471755
282	1282	2282	-1	11.230089814822286
283	1283	2283	-1	8.801547669025407
284	1284	2284	-1	9.956320951843441
285	1285	2285	-1	10.170522809610897
286	1286	2286	-1	7.815216382381799
287	1287	2287	-1	10.28312574078343
288	1288	2288	-1	10.753610900212545
289	1289	2289	-1	20.58802091255272
290	1290	2290	-1	9.611220071967649
291	1291	2291	-1	9.037255430366276
292	1292	2292	-1	10.355952350702154
293	1293	2293	-1	10.94156889120128
294	1294	2294	-1	11.622965064764667
295	1295	2295	-1	11.23579161115126
296	1296	2296	-1	10.690787639987025
297	1297	2297	-1	21.257633056692427
298	1298	2298	-1	7.9947035873579875
299	1299	2299	-1	8.898411118088411
300	1300	2300	-1	20.720540804129822
301	1301	2301	-1	11.123207262755368
302	1302	2302	-1	10.083522021170031
303	1303	2303	-1	10.003717951867024
304	1304	2304	-1	9.4734604781604
305	1305	2305	-1	10.952987332724684
306	1306	2306	-1	8.17616848988523
307	1307	2307	-1	10.405361231816114
308	1308	2308	-1	10.203321508668582
309	1309	2309	-1	10.724087522945124
310	1310	2310	-1	11.21829157347997
311	1311	2311	-1	9.469964656923137
312	1312	2312	-1	11.635485744349307
313	1313	2313	-1	11.21475034874365
314	1314	2314	-1	11.261172774755178
315	1315	2315	-1	10.768141568295011
316	1316	2316	-1	9.509723317987046
317	1317	2317	-1	10.51340592347607
318	1318	2318	-1	9.49271601829404
319	1319	2319	-1	9.428033296179738
320	1320	2320	-1	10.441471108511287
321	1321	2321	-1	10.448090567686524
322	1322	2322	-1	8.373593636345216
323	1323	2323	-1	8.750156714497134
324	1324	2324	-1	21.176690148168237
325	1325	2325	-1	10.112546465705762
326	1326	2326	-1	10.851179885768559
327	1327	2327	-1	10.949081416042267
328	1328	2328	-1	9.050148009356326
329	1329	2329	-1	10.590410862770486
330	1330	2330	-1	11.375691279606768
331	1331	2331	-1	9.63222758836295
332	1332	2332	-1	8.681444294975591
333	1333	2333	-1	9.45646973128935
334	1334	2334	-1	9.723292205817408
335	1335	2335	-1	9.196045310102024
336	1336	2336	-1	10.166192052249782
337	1337	2337	-1	11.565261082083962
338	1338	2338	-1	10.59699428758364
339	1339	2339	-1	18.68906387519552
340	1340	2340	-1	12.186959297821645
341	1341	2341	-1	8.059288066811753
342	1342	2342	-1	10.782011441386958
343	1343	2343	-1	11.496338270210556
344	1344	2344	-1	8.885726904607273
345	1345	2345	-1	10.379597413669266
346	1346	2346	-1	9.472488882228228
347	1347	2347	-1	11.644493599398295
348	1348	2348	-1	10.884864192937044
349	1349	2349	-1	9.756161622499164
350	1350	2350	-1	11.00817278344741
351	1351	2351	-1	11.633421356357752
352	1352	2352	-1	40.00588211755272
353	1353	2353	-1	11.188212568470778
354	1354	2354	-1	9.523971767126564
355	1355	2355	-1	19.72250964057703
356	1356	2356	-1	11.251021071903901
357	1357	2357	-1	10.731050919644504
358	1358	2358	-1	10.453751394603962
359	1359	2359	-1	12.430891402272982
360	1360	2360	-1	9.59988113022974
361	1361	2361	-1	8.883894769016115
362	1362	2362	-1	10.040587300490827
363	1363	2363	-1	10.16452603417391
364	1364	2364	-1	11.1759422131549
365	1365	2365	-1	10.337912224132928
366	1366	2366	-1	10.378670094913893
367	1367	2367	-1	8.107761549430855
368	1368	2368	-1	7.792490566285382
369	1369	2369	-1	10.205520452627356
370	1370	2370	-1	10.44462115830893
371	1371	2371	-1	10.112246129728861
372	1372	2372	-1	11.208851840843549
373	1373	2373	-1	10.924030115939173
374	1374	2374	-1	8.225297018404966
375	1375	2375	-1	8.937457718015201
376	1376	2376	-1	20.274382152016752
377	1377	2377	-1	10.319405246276268
378	1378	2378	-1	11.839342898148654
379	1379	2379	-1	9.805090331724285
380	1380	2380	-1	10.544268599690529
381	1381	2381	-1	9.845049914044973
382	1382	2382	-1	9.232218535115924
383	1383	2383	-1	10.298938079501461
384	1384	2384	-1	9.93978944783762
385	1385	2385	-1	8.488509318899595
386	1386	2386	-1	10.194083371669631
387	1387	2387	-1	9.261297825653354
388	1388	2388	-1	10.074924781112884
389	1389	2389	-1	9.592438529569666
390	1390	2390	-1	10.026615886101236
391	1391	2391	-1	8.295060329952067
392	1392	2392	-1	9.419528892768357
393	1393	2393	-1	9.591812297108586
394	1394	2394	-1	9.007451931404438
395	1395	2395	-1	8.822482819319255
396	1396	2396	-1	10.035535333679187
397	1397	2397	-1	10.24206481003174
398	1398	2398	-1	10.2329323977301
399	1399	2399	-1	11.078604529633257
400	1400	2400	-1	10.341971134770663
401	1401	2401	-1	11.195120584089173
402	1402	2402	-1	10.44661427599062
403	1403	2403	-1	8.844729200527354
404	1404	2404	-1	18.673717855060676
405	1405	2405	-1	19.83280048003721
406	1406	2406	-1	9.44093986140778
407	1407	2407	-1	9.835367996280903
408	1408	2408	-1	9.54141220100994
409	1409	2409	-1	10.879860173461113
410	1410	2410	-1	9.286048233334217
411	1411	2411	-1	7.928330866237837
412	1412	2412	-1	9.581874211457768
413	1413	2413	-1	9.100468456905553
414	1414	2414	-1	9.33070681744267
415	1415	2415	-1	9.145527858913834
416	1416	2416	-1	21.871369882671253
417	1417	2417	-1	11.665964650628647
418	1418	2418	-1	9.40034694639161
419	1419	2419	-1	10.349395321135837
420	1420	2420	-1	7.903914966072109
421	1421	2421	-1	9.82145419223477
422	1422	2422	-1	8.383468663776325
423	1423	2423	-1	10.183399478181983
424	1424	2424	-1	9.87677838210541
425	1425	2425	-1	8.983908445630824
426	1426	2426	-1	10.273963132394677
427	1427	2427	-1	19.901443289404906
428	1428	2428	-1	11.324176780819785
429	1429	2429	-1	10.186320796248005
430	1430	2430	-1	11.060430134137597
431	1431	2431	-1	9.352058199716199
432	1432	2432	-1	10.223862700940021
433	1433	2433	-1	8.327109565420345
434	1434	2434	-1	8.615120924494288
435	1435	2435	-1	10.669740606076237
436	1436	2436	-1	20.484416434795122
437	1437	2437	-1	9.163355247814158
438	1438	2438	-1	9.584897827464514
439	1439	2439	-1	9.49612879336973
440	1440	2440	-1	9.485845669638172
441	1441	2441	-1	10.35989408127867
442	1442	2442	-1	9.546262818094009
443	1443	2443	-1	10.852305095211277
444	1444	2444	-1	10.343873724711598
445	1445	2445	-1	20.149224347431275
446	1446	2446	-1	21.08503761353666
447	1447	2447	-1	10.46088095105285
448	1448	2448	-1	9.656515690479633
449	1449	2449	-1	10.238381600653463
450	1450	2450	-1	7.9862864363215555
451	1451	2451	-1	10.711584930861836
452	1452	2452	-1	8.70776303159692
453	1453	2453	-1	11.234032049966284
454	1454	2454	-1	10.040800062690582
455	1455	2455	-1	9.256374069228269
456	1456	2456	-1	9.557676015059878
457	1457	2457	-1	10.586243177975717
458	1458	2458	-1	10.718615170396246
459	1459	2459	-1	19.75685797807378
460	1460	2460	-1	10.88389855211713
461	1461	2461	-1	9.960625071824373
462	1462	2462	-1	10.852823594218496
463	1463	2463	-1	9.780709138825724
464	1464	2464	-1	11.931243408744745
465	1465	2465	-1	9.670883542754783
466	1466	2466	-1	10.386402615347968
467	1467	2467	-1	38.91500333996308
468	1468	2468	-1	9.573435493735113
469	1469	2469	-1	8.307695542254727
470	1470	2470	-1	8.423112693248454
471	1471	2471	-1	8.802394738278137
472	1472	2472	-1	9.415942357242313
473	1473	2473	-1	18.907583539595034
474	1474	2474	-1	10.222973995007116
475	1475	2475	-1	8.582287222786405
476	1476	2476	-1	8.443619065194968
477	1477	2477	-1	8.197091231336163
478	1478	2478	-1	11.020609036320002
479	1479	2479	-1	9.066773718507207
480	1480	2480	-1	21.883802779916245
481	1481	2481	-1	21.03888867218434
482	1482	2482	-1	9.72915076846082
483	1483	2483	-1	8.338632237059965
484	1484	2484	-1	10.709384095116981
485	1485	2485	-1	9.289177279802308
486	1486	2486	-1	8.547778014579825
487	1487	2487	-1	11.418762063263776
488	1488	2488	-1	9.644276592934675
489	1489	2489	-1	13.787005668555842
490	1490	2490	-1	11.77694206578834
491	1491	2491	-1	10.248869834121153
492	1492	2492	-1	10.757723909532043
493	1493	2493	-1	10.269116668801846
494	1494	2494	-1	10.03255725628869
495	1495	2495	-1	20.4511394987228
496	1496	2496	-1	10.086166385845594
497	1497	2497	-1	10.064813006871791
498	1498	2498	-1	10.05747501486731
499	1499	2499	-1	9.945094701966207
500	1500	2500	-1	10.37218669216083
501	1501	2501	-1	10.310292517652991
502	1502	2502	-1	9.013344981973773
503	1503	2503	-1	9.526729196537252
504	1504	2504	-1	8.216418790631854
505	1505	2505	-1	10.85570924124785
506	1506	2506	-1	8.955962972297714
507	1507	2507	-1	21.22232289314522
508	1508	2508	-1	8.668619769289105
509	1509	2509	-1	8.873613319607637
510	1510	2510	-1	9.665605486500779
511	1511	2511	-1	10.69368127566536
512	1512	2512	-1	8.4296110555249
513	1513	2513	-1	12.082292969720836
514	1514	2514	-1	10.392939231048787
515	1515	2515	-1	9.264271168582429
516	1516	2516	-1	10.060297294963133
517	1517	2517	-1	10.80241362982437
518	1518	2518	-1	9.857463318529886
519	1519	2519	-1	20.43194628613178
520	1520	2520	-1	9.962939593142268
521	1521	2521	-1	10.184474996113417
522	1522	2522	-1	9.225125064872676
523	1523	2523	-1	9.874128866477024
524	1524	2524	-1	9.223793782158234
525	1525	2525	-1	9.521239916406204
526	1526	2526	-1	9.618419438080156
527	1527	2527	-1	11.916278474401622
528	1528	2528	-1	9.796406603861676
529	1529	2529	-1	7.963632157540795
530	1530	2530	-1	8.991213069937963
531	1531	2531	-1	10.499436281665306
532	1532	2532	-1	10.864792443401758
533	1533	2533	-1	17.085944161832483
534	1534	2534	-1	9.021740552358311
535	1535	2535	-1	9.266638437837203
536	1536	2536	-1	9.641291146841922
537	1537	2537	-1	9.722759504018656
538	1538	2538	-1	10.507430912309887
539	1539	2539	-1	9.889290174554315
540	1540	2540	-1	10.385942290735509
541	1541	2541	-1	11.887277186085402
542	1542	2542	-1	8.8371342783238
543	1543	2543	-1	11.781186378833945
544	1544	2544	-1	10.47569456509454
545	1545	2545	-1	9.732650267791248
546	1546	2546	-1	8.849065995190179
547	1547	2547	-1	10.657793513965071
548	1548	2548	-1	8.756887463370102
549	1549	2549	-1	39.92275580916054
550	1550	2550	-1	9.574807569212487
551	1551	2551	-1	9.894869649641443
552	1552	2552	-1	19.188902095359104
553	1553	2553	-1	10.0546152686546
554	1554	2554	-1	9.346426940468419
555	1555	2555	-1	20.92680189084366
556	1556	2556	-1	10.081528814361292
557	1557	2557	-1	9.763312793727131
558	1558	2558	-1	11.36660095739974
559	1559	2559	-1	18.64236110210837
560	1560	2560	-1	10.172403964438484
561	1561	2561	-1	11.843586000213767
562	1562	2562	-1	8.212133208977729
563	1563	2563	-1	9.824087228252292
564	1564	2564	-1	11.92668651713601
565	1565	2565	-1	10.088326008002708
566	1566	2566	-1	9.824746961834881
567	1567	2567	-1	9.140374924623872
568	1568	2568	-1	9.52090431011739
569	1569	2569	-1	10.710561162022353
570	1570	2570	-1	9.738302921346198
571	1571	2571	-1	9.062275952763944
572	1572	2572	-1	9.82202829059923
573	1573	2573	-1	8.61351206200816
574	1574	2574	-1	9.906250532453045
575	1575	2575	-1	10.034684306487298
576	1576	2576	-1	21.953383017520704
577	1577	2577	-1	10.338115580734476
578	1578	2578	-1	20.114259291124025
579	1579	2579	-1	21.418268432833546
580	1580	2580	-1	9.837408009028632
581	1581	2581	-1	10.890041944575179
582	1582	2582	-1	20.609113823039642
583	1583	2583	-1	9.259593101795696
584	1584	2584	-1	9.523998889397737
585	1585	2585	-1	9.984614744598456
586	1586	2586	-1	10.429789950450928
587	1587	2587	-1	11.787670692121312
588	1588	2588	-1	9.092382546316712
589	1589	2589	-1	10.410994728661121
590	1590	2590	-1	10.368642050625922
591	1591	2591	-1	8.942503419352215
592	1592	2592	-1	12.006708555699863
593	1593	2593	-1	9.964336940778864
594	1594	2594	-1	8.768458140046897
595	1595	2595	-1	20.271306626836882
596	1596	2596	-1	9.549174121127535
597	1597	2597	-1	18.537585306658432
598	1598	2598	-1	9.398238208975954
599	1599	2599	-1	10.077980278429017
600	1600	2600	-1	39.39689928617628
601	1601	2601	-1	10.702174873737027
602	1602	2602	-1	10.495698072280888
603	1603	2603	-1	11.201674855813005
604	1604	2604	-1	10.902733187249595
605	1605	2605	-1	8.212510534160455
606	1606	2606	-1	8.195296001325037
607	1607	2607	-1	8.181337575014275
608	1608	2608	-1	11.175639329985293
609	1609	2609	-1	9.5858911374823
610	1610	2610	-1	10.698795430983132
611	1611	2611	-1	9.756929621130192
612	1612	2612	-1	10.009763527204885
613	1613	2613	-1	18.86638311871318
614	1614	2614	-1	9.613009904577101
615	1615	2615	-1	8.722285976228994
616	1616	2616	-1	10.166796479807008
617	1617	2617	-1	8.75494463398648
618	1618	2618	-1	9.787252057071541
619	1619	2619	-1	10.05588816809458
620	1620	2620	-1	11.275393247684221
621	1621	2621	-1	10.878494294060927
622	1622	2622	-1	20.83260083002634
623	1623	2623	-1	8.728241775987357
624	1624	2624	-1	8.255178711497225
625	1625	2625	-1	19.242421423251617
626	1626	2626	-1	20.195880872882217
627	1627	2627	-1	11.291672349082523
628	1628	2628	-1	9.21889563578612
629	1629	2629	-1	9.707280695712333
630	1630	2630	-1	12.112506315437038
631	1631	2631	-1	10.783407399956468
632	1632	2632	-1	10.47069662228932
633	1633	2633	-1	10.128004905349394
634	1634	2634	-1	11.584346682315212
635	1635	2635	-1	10.508160910372878
636	1636	2636	-1	9.346545135383925
637	1637	2637	-1	11.682193412297694
638	1638	2638	-1	10.474718526118725
639	1639	2639	-1	10.462692827158758
640	1640	2640	-1	10.750565548876462
641	1641	2641	-1	9.787134144119575
642	1642	2642	-1	9.2457997616491
643	1643	2643	-1	19.51910320279942
644	1644	2644	-1	20.354585322093527
645	1645	2645	-1	10.07652288644988
646	1646	2646	-1	10.110321165840022
647	1647	2647	-1	9.985120941470985
648	1648	2648	-1	10.47395987371529
649	1649	2649	-1	40.21893037326945
650	1650	2650	-1	10.539233344196782
651	1651	2651	-1	8.632984736588899
652	1652	2652	-1	9.058656261040824
653	1653	2653	-1	9.175979527872883
654	1654	2654	-1	10.252649951303141
655	1655	2655	-1	8.992611851826068
656	1656	2656	-1	20.16142677726825
657	1657	2657	-1	9.674091289888123
658	1658	2658	-1	8.15562851721741
659	1659	2659	-1	8.739458296176846
660	1660	2660	-1	9.065691047750708
661	1661	2661	-1	10.863103313477989
662	1662	2662	-1	9.121431682112773
663	1663	2663	-1	11.856074053302281
664	1664	2664	-1	10.868864815413826
665	1665	2665	-1	10.745317552419676
666	1666	2666	-1	10.470537845068943
667	1667	2667	-1	8.822929800239846
668	1668	2668	-1	9.602653041285928
669	1669	2669	-1	8.746450853223127
670	1670	2670	-1	9.784720368514336
671	1671	2671	-1	10.1880563706904
672	1672	2672	-1	10.23234882103757
673	1673	2673	-1	10.690889972578937
674	1674	2674	-1	10.752960168777559
675	1675	2675	-1	8.952798600863954
676	1676	2676	-1	11.760753734834433
677	1677	2677	-1	10.296928362665676
678	1678	2678	-1	9.233008041582542
679	1679	2679	-1	10.175771111213157
680	1680	2680	-1	9.888290228500594
681	1681	2681	-1	10.714600337809692
682	1682	2682	-1	10.192063748986737
683	1683	2683	-1	9.94553530815558
684	1684	2684	-1	10.676772527916595
685	1685	2685	-1	10.427078016522579
686	1686	2686	-1	10.570110252941692
687	1687	2687	-1	11.160072605656705
688	1688	2688	-1	11.052612802156823
689	1689	2689	-1	10.738106089028715
690	1690	2690	-1	9.215872917383882
691	1691	2691	-1	11.728287335929446
692	1692	2692	-1	7.975176927291198
693	1693	2693	-1	8.282662665829909
694	1694	2694	-1	10.972947928885741
695	1695	2695	-1	8.236025277989096
696	1696	2696	-1	10.173579386006153
697	1697	2697	-1	9.628683172913432
698	1698	2698	-1	9.894110437135422
699	1699	2699	-1	7.422314990184715
700	1700	2700	-1	8.311694937816107
701	1701	2701	-1	19.426400574163356
702	1702	2702	-1	10.77482680507871
703	1703	2703	-1	10.905503113268402
704	1704	2704	-1	21.021530222570206
705	1705	2705	-1	11.243002615227024
706	1706	2706	-1	10.525991046350223
707	1707	2707	-1	10.493027688219486
708	1708	2708	-1	9.353017947124039
709	1709	2709	-1	10.575154399326806
710	1710	2710	-1	9.74977698865862
711	1711	2711	-1	10.050924427679265
712	1712	2712	-1	18.68350776569575
713	1713	2713	-1	9.244969428185456
714	1714	2714	-1	7.620895547640368
715	1715	2715	-1	10.024118255992986
716	1716	2716	-1	20.572890918813492
717	1717	2717	-1	9.374801362154905
718	1718	2718	-1	11.34757371365285
719	1719	2719	-1	8.54467188124153
720	1720	2720	-1	11.1020891886613
721	1721	2721	-1	8.548117249641221
722	1722	2722	-1	8.975242599184615
723	1723	2723	-1	9.617349819855166
724	1724	2724	-1	20.93396633142004
725	1725	2725	-1	19.88924124392695
726	1726	2726	-1	11.606915591841627
727	1727	2727	-1	20.354795179183025
728	1728	2728	-1	10.260147973022217
729	1729	2729	-1	9.65638183316123
730	1730	2730	-1	7.914627846338016
731	1731	2731	-1	10.19098526401066
732	1732	2732	-1	10.653826373337122
733	1733	2733	-1	10.575938458586862
734	1734	2734	-1	19.04699170395031
735	1735	2735	-1	9.286450020717291
736	1736	2736	-1	9.328713500135196
737	1737	2737	-1	10.07201433759798
738	1738	2738	-1	9.182170209323688
739	1739	2739	-1	19.891353926224955
740	1740	2740	-1	8.802963733175792
741	1741	2741	-1	9.663460351269652
742	1742	2742	-1	10.160290015541616
743	1743	2743	-1	8.428931427629726
744	1744	2744	-1	22.581623045115776
745	1745	2745	-1	9.26025572094413
746	1746	2746	-1	19.449233172692274
747	1747	2747	-1	17.726649324366328
748	1748	2748	-1	9.570540196451477
749	1749	2749	-1	19.49426459494703
750	1750	2750	-1	8.789886131821383
751	1751	2751	-1	10.998852669435868
752	1752	2752	-1	20.196393232168177
753	1753	2753	-1	10.160913044078509
754	1754	2754	-1	8.939703219633431
755	1755	2755	-1	21.902771586129067
756	1756	2756	-1	11.007289215986859
757	1757	2757	-1	8.17824255122134
758	1758	2758	-1	20.450552403554713
759	1759	2759	-1	19.386071762972286
760	1760	2760	-1	10.13638487046625
761	1761	2761	-1	20.541007084891874
762	1762	2762	-1	9.139576266715965
763	1763	2763	-1	9.818405438223614
764	1764	2764	-1	9.96177114754019
765	1765	2765	-1	9.725243231656986
766	1766	2766	-1	9.121243362265966
767	1767	2767	-1	9.936785877665121
768	1768	2768	-1	11.263456846510223
769	1769	2769	-1	10.544489557645125
770	1770	2770	-1	10.436860688777367
771	1771	2771	-1	9.563224958504435
772	1772	2772	-1	10.016729237831179
773	1773	2773	-1	9.954314808767307
774	1774	2774	-1	8.54294573623066
775	1775	2775	-1	9.901173671927554
776	1776	2776	-1	10.354382289317805
777	1777	2777	-1	10.222403267831755
778	1778	2778	-1	10.882754376908965
779	1779	2779	-1	9.05174819985744
780	1780	2780	-1	8.029867222035765
781	1781	2781	-1	10.117413681761917
782	1782	2782	-1	19.730920257306042
783	1783	2783	-1	10.580545246273399
784	1784	2784	-1	10.779460063978123
785	1785	2785	-1	9.553526202826616
786	1786	2786	-1	19.9752973170059
787	1787	2787	-1	10.287622262704843
788	1788	2788	-1	9.913455394782842
789	1789	2789	-1	9.043834116415983
790	1790	2790	-1	9.239476362677811
791	1791	2791	-1	7.758935022254346
792	1792	2792	-1	8.776272429171362
793	1793	2793	-1	11.286119110790812
794	1794	2794	-1	10.738887807595315
795	1795	2795	-1	7.9360158877513935
796	1796	2796	-1	19.93812354630619
797	1797	2797	-1	8.79623112100027
798	1798	2798	-1	10.921159892412978
799	1799	2799	-1	8.566746480502724
800	1800	2800	-1	20.362766871108562
801	1801	2801	-1	18.203588670555717
802	1802	2802	-1	10.809157925981392
803	1803	2803	-1	11.09379248089538
804	1804	2804	-1	9.84265928045763
805	1805	2805	-1	39.82577068649852
806	1806	2806	-1	40.86240460319568
807	1807	2807	-1	8.860086058777071
808	1808	2808	-1	8.913862359442174
809	1809	2809	-1	9.77760315995322
810	1810	2810	-1	9.566367843322936
811	1811	2811	-1	10.680956490284702
812	1812	2812	-1	17.54780521964017
813	1813	2813	-1	7.780871739487598
814	1814	2814	-1	9.119910661363937
815	1815	2815	-1	10.03357927192109
816	1816	2816	-1	11.528571806620715
817	1817	2817	-1	8.379634484981336
818	1818	2818	-1	10.441499931153485
819	1819	2819	-1	22.135786194767867
820	1820	2820	-1	11.364127056007792
821	1821	2821	-1	10.849193731797142
822	1822	2822	-1	11.04058734625482
823	1823	2823	-1	8.974182194410778
824	1824	2824	-1	9.679543474746517
825	1825	2825	-1	10.632908352058152
826	1826	2826	-1	10.584518009774456
827	1827	2827	-1	10.795095080733198
828	1828	2828	-1	18.691642405999918
829	1829	2829	-1	10.459875832045936
830	1830	2830	-1	10.637501997926568
831	1831	2831	-1	8.696560824094327
832	1832	2832	-1	9.548083749161405
833	1833	2833	-1	8.437253040420005
834	1834	2834	-1	9.948715938433647
835	1835	2835	-1	10.788121381181016
836	1836	2836	-1	9.149540485405756
837	1837	2837	-1	10.074045624401721
838	1838	2838	-1	10.789039065779804
839	1839	2839	-1	7.149784966291736
840	1840	2840	-1	9.733793321947081
841	1841	2841	-1	10.848862223955651
842	1842	2842	-1	9.35488980912259
843	1843	2843	-1	10.369061204172251
844	1844	2844	-1	10.891776604456595
845	1845	2845	-1	10.875747235564072
846	1846	2846	-1	9.834769323858255
847	1847	2847	-1	10.928838192007884
848	1848	2848	-1	8.90754093214062
849	1849	2849	-1	7.891003766951881
850	1850	2850	-1	10.510901282145056
851	1851	2851	-1	9.6543432084287
852	1852	2852	-1	10.431654352275638
853	1853	2853	-1	10.446023175156187
854	1854	2854	-1	10.629869809860786
855	1855	2855	-1	10.435016246184619
856	1856	2856	-1	8.104338473801375
857	1857	2857	-1	10.796920549893212
858	1858	2858	-1	21.29078709666749
859	1859	2859	-1	10.080278654632854
860	1860	2860	-1	10.32160688873143
861	1861	2861	-1	9.883640801188854
862	1862	2862	-1	10.626810036332447
863	1863	2863	-1	10.095179912038468
864	1864	2864	-1	12.46699448650536
865	1865	2865	-1	18.821542300223495
866	1866	2866	-1	8.3000320750119
867	1867	2867	-1	10.096572623826589
868	1868	2868	-1	10.315276959620954
869	1869	2869	-1	9.33842855979256
870	1870	2870	-1	9.644116699024295
871	1871	2871	-1	10.522207305347195
872	1872	2872	-1	11.192723969652052
873	1873	2873	-1	19.180041404573124
874	1874	2874	-1	8.998808673306153
875	1875	2875	-1	8.044478408405853
876	1876	2876	-1	10.768466815475533
877	1877	2877	-1	10.877658211845736
878	1878	2878	-1	9.901830776842337
879	1879	2879	-1	9.863168384126977
880	1880	2880	-1	11.90469253887318
881	1881	2881	-1	9.303898888654327
882	1882	2882	-1	10.813332760404782
883	1883	2883	-1	19.823623113422325
884	1884	2884	-1	10.190866263256686
885	1885	2885	-1	11.1122404915066
886	1886	2886	-1	20.432816702764242
887	1887	2887	-1	7.929407378146864
888	1888	2888	-1	19.059504673247734
889	1889	2889	-1	10.687656389722765
890	1890	2890	-1	20.15849126498516
891	1891	2891	-1	10.7771257358113
892	1892	2892	-1	9.200057154213377
893	1893	2893	-1	10.09397071752107
894	1894	2894	-1	18.999302914069506
895	1895	2895	-1	10.065099658267886
896	1896	2896	-1	10.681268603829057
897	1897	2897	-1	19.834426969751153
898	1898	2898	-1	20.348744319234363
899	1899	2899	-1	10.345586804877467
900	1900	2900	-1	11.034548204754495
901	1901	2901	-1	9.982110602760741
902	1902	2902	-1	10.396607851471504
903	1903	2903	-1	12.228181835965515
904	1904	2904	-1	19.67693481634325
905	1905	2905	-1	11.928912658180698
906	1906	2906	-1	22.17002848566887
907	1907	2907	-1	11.14234209826435
908	1908	2908	-1	19.6994108770153
909	1909	2909	-1	10.10329778837181
910	1910	2910	-1	11.45967599176744
911	1911	2911	-1	8.827955681964607
912	1912	2912	-1	8.369602761419477
913	1913	2913	-1	8.73987102315625
914	1914	2914	-1	8.928811654210248
915	1915	2915	-1	10.97467466099762
916	1916	2916	-1	9.797122719627556
917	1917	2917	-1	9.155514766108352
918	1918	2918	-1	11.10469833613664
919	1919	2919	-1	7.052711717295938
920	1920	2920	-1	8.3188016083526
921	1921	2921	-1	10.175880382047668
922	1922	2922	-1	11.441655776908979
923	1923	2923	-1	10.754114321056585
924	1924	2924	-1	9.107363315241818
925	1925	2925	-1	9.066072600135884
926	1926	2926	-1	9.579176110042598
927	1927	2927	-1	8.86343062619412
928	1928	2928	-1	12.546405853268933
929	1929	2929	-1	10.218035331685588
930	1930	2930	-1	10.161997702603259
931	1931	2931	-1	9.481575185266395
932	1932	2932	-1	10.6202476169516
933	1933	2933	-1	11.04931916270838
934	1934	2934	-1	9.209784984994114
935	1935	2935	-1	11.569267111523377
936	1936	2936	-1	9.879152674221011
937	1937	2937	-1	20.551871525237228
938	1938	2938	-1	10.013165516120923
939	1939	2939	-1	9.234155651907892
940	1940	2940	-1	8.801391784467572
941	1941	2941	-1	9.634895182274374
942	1942	2942	-1	10.642291141708593
943	1943	2943	-1	9.297185665706055
944	1944	2944	-1	9.111829067017156
945	1945	2945	-1	9.726518387315464
946	1946	2946	-1	10.827752035968873
947	1947	2947	-1	9.948439425664075
948	1948	2948	-1	9.061191805338213
949	1949	2949	-1	9.94715707247871
950	1950	2950	-1	10.343583652303417
951	1951	2951	-1	19.77664378999246
952	1952	2952	-1	21.333385133373092
953	1953	2953	-1	10.524966060888444
954	1954	2954	-1	10.582235328301643
955	1955	2955	-1	10.48267162412476
956	1956	2956	-1	9.519309885762286
957	1957	2957	-1	10.022536946080672
958	1958	2958	-1	10.23064453926117
959	1959	2959	-1	9.183952804438762
960	1960	2960	-1	9.859536430516783
961	1961	2961	-1	11.313996323322215
962	1962	2962	-1	11.449612171136415
963	1963	2963	-1	9.920079271112556
964	1964	2964	-1	10.36229675465556
965	1965	2965	-1	10.515004359336746
966	1966	2966	-1	10.317994236598112
967	1967	2967	-1	10.990706506124049
968	1968	2968	-1	9.944740944090896
969	1969	2969	-1	9.277804532713205
970	1970	2970	-1	9.300152949402124
971	1971	2971	-1	9.869343603717981
972	1972	2972	-1	10.457455488527247
973	1973	2973	-1	10.089759872879059
974	1974	2974	-1	11.474696000487965
975	1975	2975	-1	12.130854619378002
976	1976	2976	-1	10.645336262242736
977	1977	2977	-1	10.802374247862819
978	1978	2978	-1	11.256042197583698
979	1979	2979	-1	9.77106077088409
980	1980	2980	-1	9.44813651399016
981	1981	2981	-1	9.467571581162044
982	1982	2982	-1	20.519810691623718
983	1983	2983	-1	11.28213992679908
984	1984	2984	-1	10.13907913787335
985	1985	2985	-1	8.880571597240975
986	1986	2986	-1	9.064744167804264
987	1987	2987	-1	11.392559369883537
988	1988	2988	-1	10.85860947490428
989	1989	2989	-1	9.407080126075826
990	1990	2990	-1	10.57039890623086
991	1991	2991	-1	11.291724894222606
992	1992	2992	-1	9.673472473166802
993	1993	2993	-1	9.604452304635023
994	1994	2994	-1	19.900307320614168
995	1995	2995	-1	11.468753584835653
996	1996	2996	-1	8.414273542903285
997	1997	2997	-1	11.612616103060551
998	1998	2998	-1	11.216520693345922
999	1999	2999	-1	9.567249797012817
