ind_ID	father_ID	mother_ID	Sex	Phenotype
1	1001	2001	9	10.97958340057075
2	1002	2002	9	10.225933991641687
3	1003	2003	9	10.660049448573012
4	1004	2004	9	9.616299141462457
5	1005	2005	9	9.418400798901539
6	1006	2006	9	8.583743548187698
7	1007	2007	9	9.745686507045074
8	1008	2008	9	11.112223589638623
9	1009	2009	9	11.295284427007875
10	1010	2010	9	10.429236348769651
11	1011	2011	9	10.870567338973
12	1012	2012	9	9.782385704376518
13	1013	2013	9	9.862985980954651
14	1014	2014	9	8.200161719484125
15	1015	2015	9	9.948284670905988
16	1016	2016	9	9.980214980251885
17	1017	2017	9	8.948053284731714
18	1018	2018	9	9.442777472617804
19	1019	2019	9	9.790081409260164
20	1020	2020	9	8.423266922157975
21	1021	2021	9	9.845229339788078
22	1022	2022	9	9.057874982131139
23	1023	2023	9	10.480125596246125
24	1024	2024	9	10.966951800579622
25	1025	2025	9	9.175078989951722
26	1026	2026	9	10.446058230506344
27	1027	2027	9	10.668708277626504
28	1028	2028	9	10.294351009381721
29	1029	2029	9	12.712136943166545
30	1030	2030	9	9.836471656108008
31	1031	2031	9	10.260265183743332
32	1032	2032	9	11.477571706154484
33	1033	2033	9	9.522059930739763
34	1034	2034	9	10.64926079811862
35	1035	2035	9	10.142645456766754
36	1036	2036	9	9.751830083551646
37	1037	2037	9	10.100350628693244
38	1038	2038	9	9.08730310758221
39	1039	2039	9	9.987134721712462
40	1040	2040	9	7.2101063249969535
41	1041	2041	9	8.017429072386854
42	1042	2042	9	10.329179743122094
43	1043	2043	9	10.374186282469584
44	1044	2044	9	11.277960745370804
45	1045	2045	9	10.17746980026104
46	1046	2046	9	9.791562424877608
47	1047	2047	9	8.758839057128608
48	1048	2048	9	10.057565688805672
49	1049	2049	9	10.735007325244833
50	1050	2050	9	10.655406726677748
51	1051	2051	9	12.889043343841072
52	1052	2052	9	9.490790505668276
53	1053	2053	9	9.719611130743933
54	1054	2054	9	9.759484700274692
55	1055	2055	9	8.659828634391818
56	1056	2056	9	8.615258094616213
57	1057	2057	9	9.836735161358526
58	1058	2058	9	7.48788414146559
59	1059	2059	9	11.234605745371953
60	1060	2060	9	8.110510679210678
61	1061	2061	9	9.414898973952962
62	1062	2062	9	10.136170257438156
63	1063	2063	9	10.868758123782502
64	1064	2064	9	9.364423681657659
65	1065	2065	9	10.775298216348926
66	1066	2066	9	9.616237565821184
67	1067	2067	9	9.548758631439151
68	1068	2068	9	8.771684221924387
69	1069	2069	9	9.014029639571685
70	1070	2070	9	10.881356064686333
71	1071	2071	9	8.874495865802139
72	1072	2072	9	10.834275808889139
73	1073	2073	9	9.025362369962167
74	1074	2074	9	10.653152159001841
75	1075	2075	9	10.092734458248756
76	1076	2076	9	11.748559423757811
77	1077	2077	9	9.156202108176972
78	1078	2078	9	11.933505450313314
79	1079	2079	9	11.07429712379412
80	1080	2080	9	11.422426944734223
81	1081	2081	9	8.447125968893358
82	1082	2082	9	10.520156487590487
83	1083	2083	9	9.305991721108771
84	1084	2084	9	9.492035108741943
85	1085	2085	9	9.952848502517774
86	1086	2086	9	10.829177378053966
87	1087	2087	9	10.199837929415903
88	1088	2088	9	9.966391818501995
89	1089	2089	9	8.799961450832875
90	1090	2090	9	9.665290411847641
91	1091	2091	9	13.547413228433891
92	1092	2092	9	9.657979747755837
93	1093	2093	9	8.594056219473577
94	1094	2094	9	11.193382906397886
95	1095	2095	9	9.369346377889089
96	1096	2096	9	10.168701142651695
97	1097	2097	9	8.815039491221937
98	1098	2098	9	9.142454059805978
99	1099	2099	9	11.416889447660376
100	1100	2100	9	9.520353837772548
101	1101	2101	9	8.792828485878037
102	1102	2102	9	9.7729344802458
103	1103	2103	9	10.710356959174705
104	1104	2104	9	8.912234952493554
105	1105	2105	9	9.399453448799695
106	1106	2106	9	8.347198748053794
107	1107	2107	9	11.380936146042082
108	1108	2108	9	9.893396438807239
109	1109	2109	9	9.182060220262441
110	1110	2110	9	9.250959976958308
111	1111	2111	9	11.054700182314042
112	1112	2112	9	11.842485730017266
113	1113	2113	9	11.573365121531399
114	1114	2114	9	8.726974089774433
115	1115	2115	9	10.943756309755054
116	1116	2116	9	11.532048570315284
117	1117	2117	9	10.738873880493566
118	1118	2118	9	9.729843844396276
119	1119	2119	9	9.887227857994308
120	1120	2120	9	9.149655717139465
121	1121	2121	9	10.621608059082181
122	1122	2122	9	10.541811959140688
123	1123	2123	9	7.704245441342324
124	1124	2124	9	9.668968921306028
125	1125	2125	9	8.668715818261754
126	1126	2126	9	10.99396667565097
127	1127	2127	9	10.690751786786072
128	1128	2128	9	8.000963592607551
129	1129	2129	9	9.772453878354668
130	1130	2130	9	9.781695127153323
131	1131	2131	9	10.05690717097051
132	1132	2132	9	10.017797452652575
133	1133	2133	9	11.096341538465222
134	1134	2134	9	11.470581955223029
135	1135	2135	9	9.75415079008721
136	1136	2136	9	8.852604601982783
137	1137	2137	9	8.282817558484796
138	1138	2138	9	11.065822679612141
139	1139	2139	9	9.854964901225907
140	1140	2140	9	9.188519769363321
141	1141	2141	9	9.667729105199847
142	1142	2142	9	11.104675712834318
143	1143	2143	9	11.31981734822052
144	1144	2144	9	10.700986401024
145	1145	2145	9	8.726933834048285
146	1146	2146	9	8.96800277569438
147	1147	2147	9	9.34561405534774
148	1148	2148	9	8.832081272219959
149	1149	2149	9	9.221014552325414
150	1150	2150	9	11.529164380241815
151	1151	2151	9	11.57741360224389
152	1152	2152	9	8.494697215159713
153	1153	2153	9	9.525739341186275
154	1154	2154	9	10.258854852193922
155	1155	2155	9	9.407550452788772
156	1156	2156	9	8.728245942456565
157	1157	2157	9	9.899142029318856
158	1158	2158	9	10.352402370738087
159	1159	2159	9	9.095649944469077
160	1160	2160	9	9.66042759554032
161	1161	2161	9	10.440152255635494
162	1162	2162	9	9.02508713103318
163	1163	2163	9	9.728213948739901
164	1164	2164	9	11.907256863043834
165	1165	2165	9	9.140460778789532
166	1166	2166	9	9.576546345114036
167	1167	2167	9	8.578872164998714
168	1168	2168	9	10.121208444485237
169	1169	2169	9	9.115162704303826
170	1170	2170	9	9.942084182519867
171	1171	2171	9	9.003163392730638
172	1172	2172	9	11.047361779522744
173	1173	2173	9	10.885228925254616
174	1174	2174	9	9.985276960096495
175	1175	2175	9	10.490043431226544
176	1176	2176	9	10.27476022586349
177	1177	2177	9	8.6869256624201
178	1178	2178	9	10.146111223534275
179	1179	2179	9	8.424104761018171
180	1180	2180	9	11.561971852528588
181	1181	2181	9	10.00173822188292
182	1182	2182	9	8.643822063883501
183	1183	2183	9	10.2857570819431
184	1184	2184	9	10.667401592331204
185	1185	2185	9	11.673945236278092
186	1186	2186	9	10.933639114469216
187	1187	2187	9	10.552707800459672
188	1188	2188	9	8.846720148754985
189	1189	2189	9	9.807683288964096
190	1190	2190	9	9.674869025350944
191	1191	2191	9	10.14491770836914
192	1192	2192	9	9.659191865501345
193	1193	2193	9	10.143517129246908
194	1194	2194	9	9.97090142493033
195	1195	2195	9	7.9610697087068445
196	1196	2196	9	11.248253679014532
197	1197	2197	9	9.761078698966232
198	1198	2198	9	9.798439123354486
199	1199	2199	9	11.14665321288204
200	1200	2200	9	9.890564639717672
201	1201	2201	9	10.19405268303747
202	1202	2202	9	10.84230016518573
203	1203	2203	9	10.355532772814222
204	1204	2204	9	9.389251585131424
205	1205	2205	9	9.460726384709432
206	1206	2206	9	8.162450012714727
207	1207	2207	9	10.494937262766841
208	1208	2208	9	9.42197516285066
209	1209	2209	9	11.104961249720604
210	1210	2210	9	9.587350797860607
211	1211	2211	9	10.69856627608737
212	1212	2212	9	10.512357913919296
213	1213	2213	9	9.471136007670308
214	1214	2214	9	8.09812322611237
215	1215	2215	9	11.907835827855964
216	1216	2216	9	8.385766621053397
217	1217	2217	9	10.595566747442545
218	1218	2218	9	10.245214967858814
219	1219	2219	9	10.865679247241316
220	1220	2220	9	9.4108492696921
221	1221	2221	9	9.244369670631707
222	1222	2222	9	9.797678448525183
223	1223	2223	9	9.12602101854727
224	1224	2224	9	8.36302759325426
225	1225	2225	9	12.687243301289202
226	1226	2226	9	9.893537554577303
227	1227	2227	9	9.343518602482078
228	1228	2228	9	10.736840102282581
229	1229	2229	9	10.375516464180276
230	1230	2230	9	9.935170374209486
231	1231	2231	9	9.971296953886329
232	1232	2232	9	8.632151988897746
233	1233	2233	9	11.230823362878045
234	1234	2234	9	8.02435730519872
235	1235	2235	9	9.724862725997566
236	1236	2236	9	10.61832272452936
237	1237	2237	9	10.222582424213732
238	1238	2238	9	10.938540848520356
239	1239	2239	9	9.756327470308232
240	1240	2240	9	11.243041906672023
241	1241	2241	9	8.676761267754484
242	1242	2242	9	10.611700691080198
243	1243	2243	9	11.258560302252107
244	1244	2244	9	10.44180924874653
245	1245	2245	9	10.667648926716614
246	1246	2246	9	8.48613256244061
247	1247	2247	9	9.693960097422439
248	1248	2248	9	7.859313114265325
249	1249	2249	9	7.885958253794593
250	1250	2250	9	9.98719288775679
251	1251	2251	9	8.532690882853261
252	1252	2252	9	10.55501798308326
253	1253	2253	9	9.105480427320801
254	1254	2254	9	12.194061023404904
255	1255	2255	9	8.887948781479237
256	1256	2256	9	9.286796435631857
257	1257	2257	9	8.749537073006884
258	1258	2258	9	10.3769945545994
259	1259	2259	9	9.666400899262635
260	1260	2260	9	11.261775389544031
261	1261	2261	9	10.08647047488921
262	1262	2262	9	9.18876898998304
263	1263	2263	9	9.772290403606235
264	1264	2264	9	10.187533402095902
265	1265	2265	9	9.78400201400602
266	1266	2266	9	10.050451657658403
267	1267	2267	9	10.549267241787723
268	1268	2268	9	9.081953908443317
269	1269	2269	9	8.644763927576872
270	1270	2270	9	9.175436831111059
271	1271	2271	9	8.957070754599648
272	1272	2272	9	9.907698205991272
273	1273	2273	9	8.503296766968461
274	1274	2274	9	9.066123007623462
275	1275	2275	9	9.88764179789493
276	1276	2276	9	9.54198612350396
277	1277	2277	9	9.616374464035168
278	1278	2278	9	11.105695998219975
279	1279	2279	9	11.947224693910957
280	1280	2280	9	9.638610322980481
281	1281	2281	9	8.740409006279226
282	1282	2282	9	10.2261717001707
283	1283	2283	9	11.277228980998693
284	1284	2284	9	10.925937463815806
285	1285	2285	9	11.100715245328674
286	1286	2286	9	8.885754933740207
287	1287	2287	9	10.068785691455133
288	1288	2288	9	10.653065647257465
289	1289	2289	9	9.476051983224975
290	1290	2290	9	12.306801021288058
291	1291	2291	9	9.660675626505402
292	1292	2292	9	9.361076230561078
293	1293	2293	9	9.79199789135858
294	1294	2294	9	12.108599852551595
295	1295	2295	9	8.685168940882388
296	1296	2296	9	9.98945175693302
297	1297	2297	9	9.137173692116239
298	1298	2298	9	12.180318323732747
299	1299	2299	9	9.846997740526106
300	1300	2300	9	10.290802009543768
301	1301	2301	9	9.438972747402635
302	1302	2302	9	9.813249039351177
303	1303	2303	9	10.317399534480861
304	1304	2304	9	10.011534859900818
305	1305	2305	9	8.501113014929444
306	1306	2306	9	10.82041385313862
307	1307	2307	9	8.774372182462969
308	1308	2308	9	9.79366203637914
309	1309	2309	9	9.940938813575366
310	1310	2310	9	9.511732324326994
311	1311	2311	9	9.93565367538752
312	1312	2312	9	9.033215621279158
313	1313	2313	9	11.806083158609733
314	1314	2314	9	11.744091795960294
315	1315	2315	9	12.200630159025952
316	1316	2316	9	9.148698224605447
317	1317	2317	9	8.970747425242104
318	1318	2318	9	10.211378639648148
319	1319	2319	9	8.221316107470155
320	1320	2320	9	8.87676923414345
321	1321	2321	9	9.423433573751097
322	1322	2322	9	9.64357342821732
323	1323	2323	9	7.755438768180447
324	1324	2324	9	10.065055330827688
325	1325	2325	9	9.545045112761414
326	1326	2326	9	8.774551925741694
327	1327	2327	9	10.593155442009959
328	1328	2328	9	8.941675748230725
329	1329	2329	9	9.184988444085578
330	1330	2330	9	8.565571824342719
331	1331	2331	9	11.575950561186554
332	1332	2332	9	9.691308122045148
333	1333	2333	9	9.446864310686049
334	1334	2334	9	8.384112625590188
335	1335	2335	9	11.11651736863314
336	1336	2336	9	10.30241154636088
337	1337	2337	9	9.540312469179897
338	1338	2338	9	9.613914549225905
339	1339	2339	9	11.654154423005274
340	1340	2340	9	11.721500589118236
341	1341	2341	9	10.589297619152283
342	1342	2342	9	9.62062140697304
343	1343	2343	9	10.118608413103923
344	1344	2344	9	11.2071556121418
345	1345	2345	9	9.240135833994477
346	1346	2346	9	11.318758876920004
347	1347	2347	9	9.702140302568436
348	1348	2348	9	8.729891257241059
349	1349	2349	9	8.117355656837665
350	1350	2350	9	10.32864693569982
351	1351	2351	9	10.568316832969547
352	1352	2352	9	10.983544565333887
353	1353	2353	9	9.93497024518821
354	1354	2354	9	9.245763753598538
355	1355	2355	9	10.538725838181684
356	1356	2356	9	10.324797019024201
357	1357	2357	9	8.641191352457263
358	1358	2358	9	10.505378429352298
359	1359	2359	9	9.645889484275264
360	1360	2360	9	10.25901651678652
361	1361	2361	9	10.363709923455504
362	1362	2362	9	8.078666062668898
363	1363	2363	9	10.58922420308436
364	1364	2364	9	9.586715151511376
365	1365	2365	9	10.890098299082055
366	1366	2366	9	11.63633810769418
367	1367	2367	9	10.571843515971144
368	1368	2368	9	10.494241916646683
369	1369	2369	9	10.250015868376991
370	1370	2370	9	10.954177821020652
371	1371	2371	9	11.60497725094964
372	1372	2372	9	11.05282687734106
373	1373	2373	9	11.191542558260675
374	1374	2374	9	7.802878991713479
375	1375	2375	9	9.192045691962745
376	1376	2376	9	9.430211576512496
377	1377	2377	9	9.878058094772786
378	1378	2378	9	11.748743373136804
379	1379	2379	9	10.016848082716923
380	1380	2380	9	10.656683197407174
381	1381	2381	9	9.818548777484391
382	1382	2382	9	10.126062870528134
383	1383	2383	9	13.039473760932939
384	1384	2384	9	10.741630182879046
385	1385	2385	9	10.781917950467207
386	1386	2386	9	10.679533006127135
387	1387	2387	9	11.232520510681573
388	1388	2388	9	9.578959338766207
389	1389	2389	9	8.256761502822044
390	1390	2390	9	8.802506365257969
391	1391	2391	9	10.045338222607684
392	1392	2392	9	9.325883204822427
393	1393	2393	9	11.191376117483971
394	1394	2394	9	11.735279168487665
395	1395	2395	9	10.284967339198971
396	1396	2396	9	8.425404169405894
397	1397	2397	9	10.547870537394022
398	1398	2398	9	11.010885388511603
399	1399	2399	9	9.803562600394976
400	1400	2400	9	9.442190563269532
401	1401	2401	9	9.249581890415461
402	1402	2402	9	8.864679654992843
403	1403	2403	9	10.91923379792921
404	1404	2404	9	8.241692318576183
405	1405	2405	9	9.461929095071936
406	1406	2406	9	8.17972876762603
407	1407	2407	9	12.386303444236725
408	1408	2408	9	9.101211967538864
409	1409	2409	9	11.955073433642342
410	1410	2410	9	10.591151131563791
411	1411	2411	9	9.193334874127036
412	1412	2412	9	10.471478485422175
413	1413	2413	9	10.823711086890842
414	1414	2414	9	9.451107769096936
415	1415	2415	9	10.64543342202532
416	1416	2416	9	9.764216095883432
417	1417	2417	9	9.364841974616757
418	1418	2418	9	9.631414608379176
419	1419	2419	9	7.977185969807128
420	1420	2420	9	9.530689455202195
421	1421	2421	9	11.358228348508549
422	1422	2422	9	9.281912543091153
423	1423	2423	9	9.595846801124894
424	1424	2424	9	11.114706360417086
425	1425	2425	9	9.864236350661129
426	1426	2426	9	10.181110864385651
427	1427	2427	9	9.510431908154315
428	1428	2428	9	9.943455497257386
429	1429	2429	9	10.285269360511945
430	1430	2430	9	10.256414001903252
431	1431	2431	9	8.06385348584594
432	1432	2432	9	7.965681601549694
433	1433	2433	9	10.695421972819698
434	1434	2434	9	9.403281772777696
435	1435	2435	9	10.093716998759245
436	1436	2436	9	10.745503304739234
437	1437	2437	9	9.7526715153242
438	1438	2438	9	10.710013144780573
439	1439	2439	9	8.934160784515267
440	1440	2440	9	10.805532832126405
441	1441	2441	9	10.819339364313468
442	1442	2442	9	10.662976255161247
443	1443	2443	9	9.524882099838623
444	1444	2444	9	10.088122304590655
445	1445	2445	9	10.371999919188333
446	1446	2446	9	8.819065598803984
447	1447	2447	9	9.744255594653591
448	1448	2448	9	9.300768535840394
449	1449	2449	9	8.551392218769827
450	1450	2450	9	10.680936402756053
451	1451	2451	9	10.394488859238088
452	1452	2452	9	10.44325695647569
453	1453	2453	9	9.906608283127586
454	1454	2454	9	9.662005014375293
455	1455	2455	9	11.502393743651924
456	1456	2456	9	9.128228868864078
457	1457	2457	9	10.559721750686986
458	1458	2458	9	9.825734013307066
459	1459	2459	9	9.929673153463083
460	1460	2460	9	9.392773746578657
461	1461	2461	9	8.000823636199364
462	1462	2462	9	9.394508000689633
463	1463	2463	9	10.110350988000892
464	1464	2464	9	10.308916881197993
465	1465	2465	9	9.73881756553513
466	1466	2466	9	9.766165952170372
467	1467	2467	9	11.32122827999117
468	1468	2468	9	10.896335114117399
469	1469	2469	9	9.48038366555214
470	1470	2470	9	9.584494998602057
471	1471	2471	9	10.179139067657513
472	1472	2472	9	10.192440039256706
473	1473	2473	9	10.598330573298275
474	1474	2474	9	8.545378458298176
475	1475	2475	9	11.516063454822394
476	1476	2476	9	10.84245548334706
477	1477	2477	9	9.136531154191182
478	1478	2478	9	9.7026406691819
479	1479	2479	9	10.085186837838206
480	1480	2480	9	10.75586813158545
481	1481	2481	9	8.80896327012715
482	1482	2482	9	10.397800077867672
483	1483	2483	9	9.581139478902953
484	1484	2484	9	10.648568010722695
485	1485	2485	9	9.269486476822065
486	1486	2486	9	9.487331779677051
487	1487	2487	9	10.394712383955902
488	1488	2488	9	8.493306348754379
489	1489	2489	9	10.799003432192372
490	1490	2490	9	9.851395034222374
491	1491	2491	9	9.326097989320914
492	1492	2492	9	9.160871668944717
493	1493	2493	9	10.96419855081969
494	1494	2494	9	8.185137102375602
495	1495	2495	9	10.106783599786604
496	1496	2496	9	10.762130781228294
497	1497	2497	9	10.514655881551162
498	1498	2498	9	8.902621768477955
499	1499	2499	9	10.239968936593895
500	1500	2500	9	9.849524229732818
501	1501	2501	9	9.768240761711864
502	1502	2502	9	10.858486916018368
503	1503	2503	9	10.947024810073007
504	1504	2504	9	10.224265907179658
505	1505	2505	9	11.358822048918476
506	1506	2506	9	9.100362745946377
507	1507	2507	9	9.82524123194613
508	1508	2508	9	10.891434000459078
509	1509	2509	9	9.358566570284417
510	1510	2510	9	8.066828999264459
511	1511	2511	9	10.644822316702735
512	1512	2512	9	10.995763692535618
513	1513	2513	9	9.941681390214978
514	1514	2514	9	9.966383833784988
515	1515	2515	9	10.016664326199136
516	1516	2516	9	10.395554256972877
517	1517	2517	9	10.983626026409679
518	1518	2518	9	8.610946132740715
519	1519	2519	9	9.443146818227412
520	1520	2520	9	10.38084956359789
521	1521	2521	9	9.864485158596969
522	1522	2522	9	10.040216730386122
523	1523	2523	9	11.999242214979466
524	1524	2524	9	9.262507048731472
525	1525	2525	9	10.315000255822111
526	1526	2526	9	9.8079954093755
527	1527	2527	9	7.964183466970614
528	1528	2528	9	11.212443063667296
529	1529	2529	9	11.120520714072
530	1530	2530	9	9.475876329660156
531	1531	2531	9	10.01791965944588
532	1532	2532	9	10.245337964660516
533	1533	2533	9	10.37748304314711
534	1534	2534	9	11.266337036115457
535	1535	2535	9	9.988591182705472
536	1536	2536	9	8.516643458695281
537	1537	2537	9	11.44944168892139
538	1538	2538	9	9.126160506110308
539	1539	2539	9	10.737667564423509
540	1540	2540	9	10.340264460681652
541	1541	2541	9	10.059873889120178
542	1542	2542	9	9.843158417265105
543	1543	2543	9	11.763523106107357
544	1544	2544	9	11.486931737696912
545	1545	2545	9	9.241166919142751
546	1546	2546	9	10.976880752055585
547	1547	2547	9	10.580118068038686
548	1548	2548	9	8.921493857511617
549	1549	2549	9	8.742799743582264
550	1550	2550	9	8.86625632872856
551	1551	2551	9	10.127029152311103
552	1552	2552	9	9.51914288686241
553	1553	2553	9	8.210714855250831
554	1554	2554	9	10.340523112253404
555	1555	2555	9	11.393464675602084
556	1556	2556	9	11.501480670680527
557	1557	2557	9	10.339197656744116
558	1558	2558	9	11.208471265603531
559	1559	2559	9	11.775986934508785
560	1560	2560	9	10.821513304421726
561	1561	2561	9	7.4308315364703645
562	1562	2562	9	10.451326814590582
563	1563	2563	9	11.353807158659274
564	1564	2564	9	9.901222690478322
565	1565	2565	9	9.385080936419165
566	1566	2566	9	10.4872975678156
567	1567	2567	9	11.972899086312491
568	1568	2568	9	9.689355664847907
569	1569	2569	9	11.973375115491857
570	1570	2570	9	10.642294769081035
571	1571	2571	9	8.894449700985287
572	1572	2572	9	11.03656855584367
573	1573	2573	9	8.473039861330301
574	1574	2574	9	10.631709607819435
575	1575	2575	9	10.788001411519613
576	1576	2576	9	10.224317927550624
577	1577	2577	9	7.853057759194508
578	1578	2578	9	8.09363554321411
579	1579	2579	9	11.453321601005786
580	1580	2580	9	10.604199596713057
581	1581	2581	9	11.368858224516458
582	1582	2582	9	9.522528819445858
583	1583	2583	9	10.33632153278782
584	1584	2584	9	9.036690438917823
585	1585	2585	9	9.409330257472872
586	1586	2586	9	10.000718038060977
587	1587	2587	9	9.581659766233232
588	1588	2588	9	10.588907653972383
589	1589	2589	9	78.81637211331658
590	1590	2590	9	9.371039543484114
591	1591	2591	9	10.292938593626854
592	1592	2592	9	9.918928137700375
593	1593	2593	9	9.262889019352626
594	1594	2594	9	10.366081687240062
595	1595	2595	9	8.48631389284373
596	1596	2596	9	9.937763800673858
597	1597	2597	9	9.85028539003011
598	1598	2598	9	8.675002701587385
599	1599	2599	9	7.907122962812988
600	1600	2600	9	10.672949033581913
601	1601	2601	9	11.334379713221466
602	1602	2602	9	11.286586080689505
603	1603	2603	9	9.816241444189329
604	1604	2604	9	10.171563032930258
605	1605	2605	9	9.536737536952213
606	1606	2606	9	10.170069681071714
607	1607	2607	9	10.916045619637174
608	1608	2608	9	9.809684319385024
609	1609	2609	9	8.748168583143691
610	1610	2610	9	9.910571217697568
611	1611	2611	9	9.668511652944794
612	1612	2612	9	11.697352781841934
613	1613	2613	9	8.803774625232752
614	1614	2614	9	10.721499034280884
615	1615	2615	9	10.793526950660699
616	1616	2616	9	8.582254382092211
617	1617	2617	9	8.915203997181619
618	1618	2618	9	10.230859958747645
619	1619	2619	9	9.615246000855276
620	1620	2620	9	10.769141069006626
621	1621	2621	9	10.539188847155746
622	1622	2622	9	11.307525276750631
623	1623	2623	9	11.343377531762041
624	1624	2624	9	10.07853314220065
625	1625	2625	9	11.605373246260914
626	1626	2626	9	9.317762231093091
627	1627	2627	9	8.57169482143172
628	1628	2628	9	8.651751302888698
629	1629	2629	9	10.067607803575642
630	1630	2630	9	11.159201001705203
631	1631	2631	9	7.0218334918947285
632	1632	2632	9	11.84911716721306
633	1633	2633	9	8.980539570391725
634	1634	2634	9	10.231548561624681
635	1635	2635	9	11.641623271252627
636	1636	2636	9	9.55727359228132
637	1637	2637	9	8.244573003572762
638	1638	2638	9	10.332454023141944
639	1639	2639	9	10.475228101291037
640	1640	2640	9	8.666516223368763
641	1641	2641	9	8.58474316379721
642	1642	2642	9	10.997884884143971
643	1643	2643	9	8.721638613441923
644	1644	2644	9	9.234739138218654
645	1645	2645	9	10.482710341837112
646	1646	2646	9	9.932251643127719
647	1647	2647	9	10.457532944272518
648	1648	2648	9	10.290403536711889
649	1649	2649	9	9.977906373752182
650	1650	2650	9	11.263938893729948
651	1651	2651	9	10.315167170825887
652	1652	2652	9	11.237629369994353
653	1653	2653	9	11.518192571394941
654	1654	2654	9	8.249474568875305
655	1655	2655	9	9.866720674776083
656	1656	2656	9	9.783180371904063
657	1657	2657	9	10.23250677276171
658	1658	2658	9	11.1608950004625
659	1659	2659	9	10.317428400051908
660	1660	2660	9	9.975107643007977
661	1661	2661	9	10.718849373264689
662	1662	2662	9	10.182844205305472
663	1663	2663	9	8.422559699185975
664	1664	2664	9	9.244466421542999
665	1665	2665	9	9.667027563596404
666	1666	2666	9	12.733772098298003
667	1667	2667	9	10.595938600458277
668	1668	2668	9	8.29864303828265
669	1669	2669	9	8.943335500930177
670	1670	2670	9	11.15914877193603
671	1671	2671	9	11.238941898970575
672	1672	2672	9	10.06727810542033
673	1673	2673	9	7.83924207801689
674	1674	2674	9	10.274291751859002
675	1675	2675	9	10.489621833003149
676	1676	2676	9	10.874748665928532
677	1677	2677	9	9.901507988149458
678	1678	2678	9	10.480714044091247
679	1679	2679	9	10.286925175925864
680	1680	2680	9	10.66881056225272
681	1681	2681	9	9.786137078984249
682	1682	2682	9	11.282553271149453
683	1683	2683	9	9.05462892307619
684	1684	2684	9	8.046026152871763
685	1685	2685	9	8.343881481429122
686	1686	2686	9	10.201369722388682
687	1687	2687	9	10.244129617904482
688	1688	2688	9	10.534666070463961
689	1689	2689	9	12.075506735736711
690	1690	2690	9	10.425122785648771
691	1691	2691	9	9.493254678324364
692	1692	2692	9	11.112044786077647
693	1693	2693	9	10.04503238047127
694	1694	2694	9	10.19077278250467
695	1695	2695	9	10.585829617033031
696	1696	2696	9	9.686424891057365
697	1697	2697	9	8.26188770245569
698	1698	2698	9	8.988638651765667
699	1699	2699	9	7.668677313556046
700	1700	2700	9	11.649845926208439
701	1701	2701	9	9.945332896552275
702	1702	2702	9	11.044169709200732
703	1703	2703	9	9.390974956764929
704	1704	2704	9	11.818477329292643
705	1705	2705	9	9.32756796866228
706	1706	2706	9	10.449445180415815
707	1707	2707	9	8.780118731434552
708	1708	2708	9	9.889928106500752
709	1709	2709	9	8.194573350717667
710	1710	2710	9	11.226835048856607
711	1711	2711	9	10.173322223133242
712	1712	2712	9	11.356087256110852
713	1713	2713	9	10.022421034639654
714	1714	2714	9	9.173006222903389
715	1715	2715	9	9.819455321838221
716	1716	2716	9	10.862472697819305
717	1717	2717	9	12.050428367150355
718	1718	2718	9	11.121114492657862
719	1719	2719	9	11.517057296748465
720	1720	2720	9	10.940348473737632
721	1721	2721	9	11.268792584624817
722	1722	2722	9	11.542595369405312
723	1723	2723	9	8.862840714852123
724	1724	2724	9	10.726829984615799
725	1725	2725	9	12.583662612903254
726	1726	2726	9	8.485236630320333
727	1727	2727	9	10.59813623336842
728	1728	2728	9	10.48693895005003
729	1729	2729	9	11.858295497294574
730	1730	2730	9	10.283323965870242
731	1731	2731	9	10.534742334650925
732	1732	2732	9	9.935416655434356
733	1733	2733	9	10.408560342791132
734	1734	2734	9	10.307162870487778
735	1735	2735	9	9.17446711584643
736	1736	2736	9	9.804316172318691
737	1737	2737	9	9.51414470737539
738	1738	2738	9	10.73694429888301
739	1739	2739	9	10.681657398934062
740	1740	2740	9	9.148187526970668
741	1741	2741	9	11.182834139353428
742	1742	2742	9	9.027818704205869
743	1743	2743	9	8.933732552645159
744	1744	2744	9	10.195889133543695
745	1745	2745	9	10.587123758715425
746	1746	2746	9	11.241728877504926
747	1747	2747	9	9.040925672768426
748	1748	2748	9	11.768034870309194
749	1749	2749	9	7.957646528037495
750	1750	2750	9	10.247738762172421
751	1751	2751	9	10.477881567452567
752	1752	2752	9	10.18945368151996
753	1753	2753	9	11.117991776187663
754	1754	2754	9	10.275432951698148
755	1755	2755	9	8.36693684369527
756	1756	2756	9	11.40085961718788
757	1757	2757	9	9.783034501195273
758	1758	2758	9	10.665537568781179
759	1759	2759	9	10.04668570514938
760	1760	2760	9	9.037285857176027
761	1761	2761	9	10.757371184001624
762	1762	2762	9	10.153415136215122
763	1763	2763	9	8.465407967780436
764	1764	2764	9	8.963112604600571
765	1765	2765	9	10.359660887625157
766	1766	2766	9	9.951539530002146
767	1767	2767	9	10.143552712784444
768	1768	2768	9	9.807511233694724
769	1769	2769	9	9.127582022079698
770	1770	2770	9	10.668531621877309
771	1771	2771	9	10.071187196928665
772	1772	2772	9	11.522987299688854
773	1773	2773	9	9.632126583028985
774	1774	2774	9	10.664595652105024
775	1775	2775	9	10.150547182566005
776	1776	2776	9	7.308512192774362
777	1777	2777	9	10.612987778792075
778	1778	2778	9	6.510997143314539
779	1779	2779	9	11.701382680019194
780	1780	2780	9	10.67665268605718
781	1781	2781	9	10.165287374665827
782	1782	2782	9	9.500466353894142
783	1783	2783	9	9.333520289142134
784	1784	2784	9	10.392330937136524
785	1785	2785	9	10.659152952658653
786	1786	2786	9	11.13349693528138
787	1787	2787	9	10.039467795413449
788	1788	2788	9	8.9479460973973
789	1789	2789	9	9.122655738772279
790	1790	2790	9	8.426258456207135
791	1791	2791	9	9.066441893167774
792	1792	2792	9	10.876836317847047
793	1793	2793	9	8.401478995692994
794	1794	2794	9	8.79943148883535
795	1795	2795	9	10.047145233915916
796	1796	2796	9	9.622041780337522
797	1797	2797	9	9.598222182921173
798	1798	2798	9	10.339993028818864
799	1799	2799	9	10.948843959220758
800	1800	2800	9	10.323902197219859
801	1801	2801	9	9.404883752472147
802	1802	2802	9	9.907145714574236
803	1803	2803	9	8.297088397589384
804	1804	2804	9	9.324237150003075
805	1805	2805	9	10.682264475426763
806	1806	2806	9	9.652762770943609
807	1807	2807	9	10.330420729811438
808	1808	2808	9	9.346654055231701
809	1809	2809	9	9.673603096096109
810	1810	2810	9	9.676601307050746
811	1811	2811	9	9.614174033526316
812	1812	2812	9	9.513674484822678
813	1813	2813	9	11.101025462010407
814	1814	2814	9	11.091541064329768
815	1815	2815	9	8.7995605876315
816	1816	2816	9	10.832425078399309
817	1817	2817	9	9.431832250760715
818	1818	2818	9	9.381802961065459
819	1819	2819	9	9.272568337136542
820	1820	2820	9	9.76015578253662
821	1821	2821	9	10.323203969756987
822	1822	2822	9	10.802611434565632
823	1823	2823	9	10.07647976625664
824	1824	2824	9	9.303525225372205
825	1825	2825	9	10.543794054769105
826	1826	2826	9	10.887709209243397
827	1827	2827	9	9.045666506583999
828	1828	2828	9	9.930445513363518
829	1829	2829	9	9.023127720426153
830	1830	2830	9	10.386677416725675
831	1831	2831	9	9.458410975937461
832	1832	2832	9	10.70572362393352
833	1833	2833	9	9.540383837422006
834	1834	2834	9	10.197675271172479
835	1835	2835	9	9.976172122690615
836	1836	2836	9	9.639819131767702
837	1837	2837	9	9.747159416947397
838	1838	2838	9	11.601707991642481
839	1839	2839	9	9.766017537554355
840	1840	2840	9	11.165397300433126
841	1841	2841	9	8.284598418054605
842	1842	2842	9	9.831106607425193
843	1843	2843	9	10.897934760930887
844	1844	2844	9	9.728279785343688
845	1845	2845	9	10.491016734811314
846	1846	2846	9	9.067625985549302
847	1847	2847	9	9.512971428613193
848	1848	2848	9	9.134962681704987
849	1849	2849	9	10.591629982762287
850	1850	2850	9	10.064007831672603
851	1851	2851	9	10.447643398220956
852	1852	2852	9	9.379664061029883
853	1853	2853	9	9.83256945518159
854	1854	2854	9	8.684455488106153
855	1855	2855	9	10.335426370594
856	1856	2856	9	11.92830904364406
857	1857	2857	9	9.803099285199869
858	1858	2858	9	9.982495303980985
859	1859	2859	9	9.499615756560816
860	1860	2860	9	9.450307788324826
861	1861	2861	9	9.858138156292872
862	1862	2862	9	10.963666401799381
863	1863	2863	9	11.053678344099218
864	1864	2864	9	10.243455553800652
865	1865	2865	9	8.877679756493201
866	1866	2866	9	8.315176319744465
867	1867	2867	9	7.992689033929583
868	1868	2868	9	9.207293737755107
869	1869	2869	9	9.055077620120201
870	1870	2870	9	9.41263496132399
871	1871	2871	9	10.46336006674553
872	1872	2872	9	11.289495011983995
873	1873	2873	9	10.06968912461359
874	1874	2874	9	10.454692378112746
875	1875	2875	9	9.422789914385248
876	1876	2876	9	11.396430061256458
877	1877	2877	9	9.839977370671814
878	1878	2878	9	10.179210952319629
879	1879	2879	9	9.432617438688549
880	1880	2880	9	10.070640280801317
881	1881	2881	9	7.394259980704511
882	1882	2882	9	10.367165860951175
883	1883	2883	9	8.289856885099338
884	1884	2884	9	8.668663801671972
885	1885	2885	9	9.023619662406638
886	1886	2886	9	9.308700810499616
887	1887	2887	9	10.404015773012985
888	1888	2888	9	10.340320232361227
889	1889	2889	9	9.722482927420582
890	1890	2890	9	9.925768158616313
891	1891	2891	9	10.12616089032252
892	1892	2892	9	11.140263750434993
893	1893	2893	9	9.0399677068153
894	1894	2894	9	9.982493827273853
895	1895	2895	9	9.648266086969194
896	1896	2896	9	7.881351062035996
897	1897	2897	9	11.2637733776822
898	1898	2898	9	8.982707741869797
899	1899	2899	9	8.439181847981988
900	1900	2900	9	12.658935270267444
901	1901	2901	9	10.89256632826571
902	1902	2902	9	11.060913795122284
903	1903	2903	9	8.79613182428973
904	1904	2904	9	9.936780232978233
905	1905	2905	9	9.069589749774494
906	1906	2906	9	7.330754277557848
907	1907	2907	9	11.254797686707446
908	1908	2908	9	9.641551766739951
909	1909	2909	9	11.236125928965105
910	1910	2910	9	9.9947014811362
911	1911	2911	9	9.707364792015186
912	1912	2912	9	10.689240235288406
913	1913	2913	9	10.581857078210412
914	1914	2914	9	10.438286204703711
915	1915	2915	9	10.049914150783584
916	1916	2916	9	10.852882065669869
917	1917	2917	9	12.944768815600986
918	1918	2918	9	10.094884504479456
919	1919	2919	9	7.122120115552017
920	1920	2920	9	10.329418593359197
921	1921	2921	9	8.096349189229928
922	1922	2922	9	10.109040673660905
923	1923	2923	9	11.158698364033356
924	1924	2924	9	11.230383861263627
925	1925	2925	9	10.71610438662257
926	1926	2926	9	10.262354507890866
927	1927	2927	9	10.798262425620024
928	1928	2928	9	8.977979696328553
929	1929	2929	9	9.515376325582057
930	1930	2930	9	10.107071410179493
931	1931	2931	9	11.143563390706428
932	1932	2932	9	10.5922092239236
933	1933	2933	9	9.881042171234055
934	1934	2934	9	9.759971206201712
935	1935	2935	9	11.467688786833875
936	1936	2936	9	10.20358159384745
937	1937	2937	9	11.261563810494406
938	1938	2938	9	8.853824179093483
939	1939	2939	9	8.175664942273945
940	1940	2940	9	11.051258663427118
941	1941	2941	9	9.1145323663452
942	1942	2942	9	11.023900661448428
943	1943	2943	9	10.367747578576097
944	1944	2944	9	9.315588526696239
945	1945	2945	9	9.786795781635016
946	1946	2946	9	10.534137742330994
947	1947	2947	9	11.162366560956283
948	1948	2948	9	8.66593405842611
949	1949	2949	9	12.268649168422957
950	1950	2950	9	9.98297762888585
951	1951	2951	9	8.770776465055894
952	1952	2952	9	9.067373695340105
953	1953	2953	9	10.764276922690103
954	1954	2954	9	9.04018403441912
955	1955	2955	9	10.58668522690364
956	1956	2956	9	10.804291546013413
957	1957	2957	9	11.874830604886743
958	1958	2958	9	9.656050330425012
959	1959	2959	9	12.486478101419925
960	1960	2960	9	9.844069036256993
961	1961	2961	9	8.862238695268424
962	1962	2962	9	10.395584961862276
963	1963	2963	9	12.771099036510604
964	1964	2964	9	10.07983720458542
965	1965	2965	9	10.729553418829266
966	1966	2966	9	9.569348955216785
967	1967	2967	9	11.309983846698461
968	1968	2968	9	11.134609181375204
969	1969	2969	9	12.110684974083487
970	1970	2970	9	10.48976075477862
971	1971	2971	9	9.26792782923423
972	1972	2972	9	10.590386307336422
973	1973	2973	9	12.223986742810506
974	1974	2974	9	9.650288680210576
975	1975	2975	9	10.88171167296866
976	1976	2976	9	11.586694918393924
977	1977	2977	9	10.475157872288097
978	1978	2978	9	11.652844056628089
979	1979	2979	9	9.135192223046225
980	1980	2980	9	11.77679150184803
981	1981	2981	9	10.042818970577358
982	1982	2982	9	10.986254622554886
983	1983	2983	9	10.686510171033268
984	1984	2984	9	9.968053604280724
985	1985	2985	9	11.577057503493247
986	1986	2986	9	9.787351083218084
987	1987	2987	9	8.307383710012175
988	1988	2988	9	8.472778342082885
989	1989	2989	9	10.601026299050169
990	1990	2990	9	11.480451047429
991	1991	2991	9	12.78165651347385
992	1992	2992	9	9.221557818554656
993	1993	2993	9	9.704477068579319
994	1994	2994	9	9.684064318790593
995	1995	2995	9	9.536351501715481
996	1996	2996	9	10.540563171959151
997	1997	2997	9	9.549464848121012
998	1998	2998	9	10.170325281050452
999	1999	2999	9	9.159899438909287
1000	2000	3000	9	11.132351421327812
