ind_ID	father_ID	mother_ID	Sex	Phenotype
0	1000	2000	-1	10.451416358381362
1	1001	2001	-1	9.6044328237033
2	1002	2002	-1	9.99673185108955
3	1003	2003	-1	11.091569514547059
4	1004	2004	-1	9.522786624554042
5	1005	2005	-1	9.300955323464372
6	1006	2006	-1	10.949711286993928
7	1007	2007	-1	11.11924043097951
8	1008	2008	-1	9.803411509299494
9	1009	2009	-1	9.697509093818026
10	1010	2010	-1	8.271966698843103
11	1011	2011	-1	10.177439983527844
12	1012	2012	-1	9.7056485271856
13	1013	2013	-1	8.500555253270845
14	1014	2014	-1	8.94675810336065
15	1015	2015	-1	9.370838711139463
16	1016	2016	-1	8.415658053640023
17	1017	2017	-1	10.76773647909933
18	1018	2018	-1	9.502760902974707
19	1019	2019	-1	10.341587968691039
20	1020	2020	-1	9.96660040293724
21	1021	2021	-1	9.755611032479173
22	1022	2022	-1	9.430779724381285
23	1023	2023	-1	11.262531685907215
24	1024	2024	-1	11.517906980279427
25	1025	2025	-1	10.356129533610453
26	1026	2026	-1	10.263659521664739
27	1027	2027	-1	8.620491292910014
28	1028	2028	-1	11.42375265319252
29	1029	2029	-1	10.232791091879772
30	1030	2030	-1	8.197275640336475
31	1031	2031	-1	9.413467319468857
32	1032	2032	-1	11.308396171494758
33	1033	2033	-1	11.2789637132086
34	1034	2034	-1	9.351478856582768
35	1035	2035	-1	9.621223263177237
36	1036	2036	-1	10.260445488613733
37	1037	2037	-1	10.553333699854706
38	1038	2038	-1	9.850312764091624
39	1039	2039	-1	10.33124106895516
40	1040	2040	-1	10.050150024382972
41	1041	2041	-1	10.139194778542576
42	1042	2042	-1	9.801779745795013
43	1043	2043	-1	11.253729629438043
44	1044	2044	-1	10.04831361673327
45	1045	2045	-1	11.14486760696337
46	1046	2046	-1	10.993024619421233
47	1047	2047	-1	10.64820903157726
48	1048	2048	-1	9.86024492217328
49	1049	2049	-1	9.76248328949467
50	1050	2050	-1	10.65421762281913
51	1051	2051	-1	10.706256791049586
52	1052	2052	-1	9.4592794276894
53	1053	2053	-1	9.550694504924422
54	1054	2054	-1	10.954110045787779
55	1055	2055	-1	10.875658162656102
56	1056	2056	-1	11.183453058353223
57	1057	2057	-1	11.204804265034173
58	1058	2058	-1	10.716262378021643
59	1059	2059	-1	12.408898891515538
60	1060	2060	-1	8.959666237723171
61	1061	2061	-1	9.501414755059631
62	1062	2062	-1	8.92032659520914
63	1063	2063	-1	9.572781032832967
64	1064	2064	-1	10.635585797413306
65	1065	2065	-1	10.313917740697534
66	1066	2066	-1	10.68359843572586
67	1067	2067	-1	10.606998096625174
68	1068	2068	-1	9.023088899312189
69	1069	2069	-1	9.196546779587328
70	1070	2070	-1	11.879819575224808
71	1071	2071	-1	12.52052604269877
72	1072	2072	-1	9.226378873130411
73	1073	2073	-1	11.418223889572849
74	1074	2074	-1	10.732748923535999
75	1075	2075	-1	8.831235811407954
76	1076	2076	-1	9.566429068040284
77	1077	2077	-1	10.156448424473808
78	1078	2078	-1	9.495270801859707
79	1079	2079	-1	10.058296939993872
80	1080	2080	-1	7.426843434841113
81	1081	2081	-1	10.989935700920768
82	1082	2082	-1	9.486799536066112
83	1083	2083	-1	9.906733692468178
84	1084	2084	-1	8.069911764327882
85	1085	2085	-1	10.71263573059799
86	1086	2086	-1	8.777223324445657
87	1087	2087	-1	9.81451241977373
88	1088	2088	-1	9.657927552527664
89	1089	2089	-1	9.235771315183424
90	1090	2090	-1	8.340200330880037
91	1091	2091	-1	7.716783115523647
92	1092	2092	-1	9.51589695710662
93	1093	2093	-1	9.573165533852237
94	1094	2094	-1	11.270964408687407
95	1095	2095	-1	7.759974824413574
96	1096	2096	-1	10.256161282785863
97	1097	2097	-1	7.901784549738165
98	1098	2098	-1	10.297344945207136
99	1099	2099	-1	11.450601762702087
100	1100	2100	-1	9.23925494737962
101	1101	2101	-1	9.141722880812265
102	1102	2102	-1	12.149180722543719
103	1103	2103	-1	9.211015412371866
104	1104	2104	-1	9.465927887399268
105	1105	2105	-1	7.943896680879165
106	1106	2106	-1	10.828473984418736
107	1107	2107	-1	9.33642712505764
108	1108	2108	-1	9.211763460929715
109	1109	2109	-1	8.797170767526008
110	1110	2110	-1	10.048672688683313
111	1111	2111	-1	9.216359232988205
112	1112	2112	-1	9.189719585182438
113	1113	2113	-1	11.92591419550752
114	1114	2114	-1	10.073599973839771
115	1115	2115	-1	10.223402060354502
116	1116	2116	-1	8.538338769929354
117	1117	2117	-1	10.569390340102952
118	1118	2118	-1	11.125308255487472
119	1119	2119	-1	9.416985629944117
120	1120	2120	-1	10.298581936343535
121	1121	2121	-1	11.208618488224841
122	1122	2122	-1	8.072795717449804
123	1123	2123	-1	8.522783511732014
124	1124	2124	-1	9.714016581766199
125	1125	2125	-1	10.098167108301277
126	1126	2126	-1	9.298358965832815
127	1127	2127	-1	9.191308492583767
128	1128	2128	-1	8.394931606473659
129	1129	2129	-1	10.738001402760396
130	1130	2130	-1	10.312757130456536
131	1131	2131	-1	12.017553725981562
132	1132	2132	-1	8.547190891221883
133	1133	2133	-1	9.378687676636254
134	1134	2134	-1	8.987420740456596
135	1135	2135	-1	9.020986300278269
136	1136	2136	-1	10.581012612059984
137	1137	2137	-1	9.954178031917309
138	1138	2138	-1	8.93008031518609
139	1139	2139	-1	6.933180000735071
140	1140	2140	-1	8.702903938798887
141	1141	2141	-1	9.914858969044822
142	1142	2142	-1	10.470160334396562
143	1143	2143	-1	11.854255578563631
144	1144	2144	-1	10.280988314462258
145	1145	2145	-1	8.779837578061356
146	1146	2146	-1	8.544052509947582
147	1147	2147	-1	10.411036690207778
148	1148	2148	-1	9.943072190005275
149	1149	2149	-1	11.360410368723453
150	1150	2150	-1	12.203548581369759
151	1151	2151	-1	158.73245825082006
152	1152	2152	-1	10.380745664844515
153	1153	2153	-1	12.342491064523289
154	1154	2154	-1	10.220830929911044
155	1155	2155	-1	11.028486983723477
156	1156	2156	-1	10.567451421901223
157	1157	2157	-1	11.663730913861926
158	1158	2158	-1	9.006359499834257
159	1159	2159	-1	14.180419093180998
160	1160	2160	-1	8.249973006569029
161	1161	2161	-1	10.365513035283008
162	1162	2162	-1	10.210499536668683
163	1163	2163	-1	11.170041977254398
164	1164	2164	-1	9.70709903477811
165	1165	2165	-1	11.216609975562335
166	1166	2166	-1	9.327405876813083
167	1167	2167	-1	9.122423159315352
168	1168	2168	-1	10.265589963014042
169	1169	2169	-1	160.7780143366283
170	1170	2170	-1	9.56915857266747
171	1171	2171	-1	11.213869297967573
172	1172	2172	-1	9.471118459563236
173	1173	2173	-1	10.518598021074308
174	1174	2174	-1	9.86679180823744
175	1175	2175	-1	10.128530411232228
176	1176	2176	-1	10.72378321965311
177	1177	2177	-1	10.44983386897843
178	1178	2178	-1	8.024027203120424
179	1179	2179	-1	10.792474435946168
180	1180	2180	-1	10.40412026207847
181	1181	2181	-1	10.32929385993721
182	1182	2182	-1	10.789783942451074
183	1183	2183	-1	9.31765051737631
184	1184	2184	-1	10.654580441756789
185	1185	2185	-1	10.971917350128313
186	1186	2186	-1	8.89159965039948
187	1187	2187	-1	9.974033398978762
188	1188	2188	-1	12.053447534147868
189	1189	2189	-1	10.246204125963391
190	1190	2190	-1	10.605604590875584
191	1191	2191	-1	9.335251538616943
192	1192	2192	-1	9.784874649213762
193	1193	2193	-1	8.934517218061384
194	1194	2194	-1	9.641600153271794
195	1195	2195	-1	9.74156910625397
196	1196	2196	-1	11.956440279872227
197	1197	2197	-1	9.669643685000056
198	1198	2198	-1	11.148831506102564
199	1199	2199	-1	9.606818781659753
200	1200	2200	-1	10.269421147794072
201	1201	2201	-1	9.190185566216481
202	1202	2202	-1	10.536803327947586
203	1203	2203	-1	8.65083108374666
204	1204	2204	-1	9.84841016019141
205	1205	2205	-1	8.460282301093448
206	1206	2206	-1	10.590492436619508
207	1207	2207	-1	8.84224689869382
208	1208	2208	-1	9.117676331301086
209	1209	2209	-1	10.470948734073808
210	1210	2210	-1	10.481838562964374
211	1211	2211	-1	9.466168968049299
212	1212	2212	-1	10.454321896975186
213	1213	2213	-1	9.453741911215992
214	1214	2214	-1	8.180491888865243
215	1215	2215	-1	11.738944922903089
216	1216	2216	-1	10.86117747870076
217	1217	2217	-1	9.89746757712975
218	1218	2218	-1	9.256462169078922
219	1219	2219	-1	10.138982836802134
220	1220	2220	-1	9.521025626915264
221	1221	2221	-1	9.922451359277963
222	1222	2222	-1	9.329368088823514
223	1223	2223	-1	9.057774348859718
224	1224	2224	-1	9.171262178869712
225	1225	2225	-1	10.867874181777987
226	1226	2226	-1	11.597621636528032
227	1227	2227	-1	10.056338495135165
228	1228	2228	-1	9.154895284346884
229	1229	2229	-1	9.580047747520505
230	1230	2230	-1	10.592871363616709
231	1231	2231	-1	10.744435140531023
232	1232	2232	-1	8.733961689312201
233	1233	2233	-1	9.268408688727952
234	1234	2234	-1	9.624140124456877
235	1235	2235	-1	10.753657725750925
236	1236	2236	-1	10.832140721505443
237	1237	2237	-1	8.432582596810079
238	1238	2238	-1	9.870728426233267
239	1239	2239	-1	9.153514946994441
240	1240	2240	-1	10.664492116799021
241	1241	2241	-1	10.652086128263024
242	1242	2242	-1	10.553473215973272
243	1243	2243	-1	10.375884273571534
244	1244	2244	-1	10.18966349358828
245	1245	2245	-1	12.637713822609399
246	1246	2246	-1	8.415305168700344
247	1247	2247	-1	9.727052108118794
248	1248	2248	-1	10.08258287204745
249	1249	2249	-1	9.321269978631875
250	1250	2250	-1	9.636701063172865
251	1251	2251	-1	10.169129039133407
252	1252	2252	-1	7.462732086353753
253	1253	2253	-1	8.822560086183861
254	1254	2254	-1	8.219760437266618
255	1255	2255	-1	8.03708749054718
256	1256	2256	-1	8.673005990107917
257	1257	2257	-1	12.0447149663796
258	1258	2258	-1	11.199693760744879
259	1259	2259	-1	8.896275477387618
260	1260	2260	-1	10.900381860501765
261	1261	2261	-1	9.858024780740678
262	1262	2262	-1	7.516407727263161
263	1263	2263	-1	10.471427644217941
264	1264	2264	-1	12.080167670498446
265	1265	2265	-1	10.29950240502577
266	1266	2266	-1	11.827329739988745
267	1267	2267	-1	11.194031046820234
268	1268	2268	-1	8.880384222709946
269	1269	2269	-1	9.126967024496643
270	1270	2270	-1	10.433044207967509
271	1271	2271	-1	9.594595038793669
272	1272	2272	-1	10.50678936446818
273	1273	2273	-1	8.447538245319123
274	1274	2274	-1	12.442478691019247
275	1275	2275	-1	10.078333382250259
276	1276	2276	-1	10.779133135626829
277	1277	2277	-1	10.015035382943227
278	1278	2278	-1	9.663433462243528
279	1279	2279	-1	8.999296626845112
280	1280	2280	-1	7.421342020586517
281	1281	2281	-1	9.882212575322134
282	1282	2282	-1	11.332177101715258
283	1283	2283	-1	10.21464812611675
284	1284	2284	-1	10.230219089069164
285	1285	2285	-1	9.13652958346054
286	1286	2286	-1	9.84771169106246
287	1287	2287	-1	10.684815249046848
288	1288	2288	-1	10.176950818401876
289	1289	2289	-1	10.100769318780271
290	1290	2290	-1	10.44417628588253
291	1291	2291	-1	10.033427156168564
292	1292	2292	-1	10.687438955612787
293	1293	2293	-1	11.143071444612785
294	1294	2294	-1	8.466238753173732
295	1295	2295	-1	8.08810041590035
296	1296	2296	-1	11.034940835011454
297	1297	2297	-1	11.229347464738169
298	1298	2298	-1	11.721983206277516
299	1299	2299	-1	159.3590427622627
300	1300	2300	-1	10.093831100463815
301	1301	2301	-1	8.738371696526736
302	1302	2302	-1	8.44240854764423
303	1303	2303	-1	7.522282067551732
304	1304	2304	-1	8.875919369169258
305	1305	2305	-1	7.528740642397955
306	1306	2306	-1	9.443028157193647
307	1307	2307	-1	9.729599455320864
308	1308	2308	-1	10.582906485609978
309	1309	2309	-1	8.089923167915506
310	1310	2310	-1	11.13984885852381
311	1311	2311	-1	9.396902799316228
312	1312	2312	-1	9.295771929244003
313	1313	2313	-1	10.107184100527274
314	1314	2314	-1	12.356692947865398
315	1315	2315	-1	10.051355077388887
316	1316	2316	-1	9.38371448089266
317	1317	2317	-1	9.124554143722614
318	1318	2318	-1	10.517691530791314
319	1319	2319	-1	11.519994485833552
320	1320	2320	-1	10.064193519038545
321	1321	2321	-1	11.426088957608888
322	1322	2322	-1	10.680926271702432
323	1323	2323	-1	9.32309152224901
324	1324	2324	-1	8.457881037584203
325	1325	2325	-1	10.97057143942924
326	1326	2326	-1	10.572721587550626
327	1327	2327	-1	11.510889368657468
328	1328	2328	-1	9.393051764240786
329	1329	2329	-1	10.424689417060206
330	1330	2330	-1	10.99601521058037
331	1331	2331	-1	8.842569306861296
332	1332	2332	-1	10.027347252202928
333	1333	2333	-1	10.303907505006913
334	1334	2334	-1	9.382759118285271
335	1335	2335	-1	9.759985352261667
336	1336	2336	-1	12.171694123902185
337	1337	2337	-1	8.430934829033474
338	1338	2338	-1	10.743623970762362
339	1339	2339	-1	10.891008859364579
340	1340	2340	-1	9.977190632025279
341	1341	2341	-1	7.608906957355904
342	1342	2342	-1	9.597305920295407
343	1343	2343	-1	10.994774930845754
344	1344	2344	-1	11.129731390139458
345	1345	2345	-1	9.420130011121222
346	1346	2346	-1	11.194106031766555
347	1347	2347	-1	11.732959667494054
348	1348	2348	-1	9.294168866556298
349	1349	2349	-1	11.189986491616947
350	1350	2350	-1	10.580846930312656
351	1351	2351	-1	9.300669022606005
352	1352	2352	-1	10.03266458754523
353	1353	2353	-1	10.52178200579827
354	1354	2354	-1	10.565199385646613
355	1355	2355	-1	9.363508944858415
356	1356	2356	-1	10.194829619944072
357	1357	2357	-1	8.710860027247964
358	1358	2358	-1	9.781003224594317
359	1359	2359	-1	9.8430894736207
360	1360	2360	-1	10.259525764700191
361	1361	2361	-1	8.66602358491142
362	1362	2362	-1	10.697646029964783
363	1363	2363	-1	159.06658211579796
364	1364	2364	-1	9.866781293248717
365	1365	2365	-1	10.577080368381967
366	1366	2366	-1	10.071339872513423
367	1367	2367	-1	10.231858105815293
368	1368	2368	-1	10.407392142706447
369	1369	2369	-1	10.302069733434001
370	1370	2370	-1	9.302950364572963
371	1371	2371	-1	10.112676507638515
372	1372	2372	-1	9.25318811192607
373	1373	2373	-1	7.511494361889619
374	1374	2374	-1	9.703576019591766
375	1375	2375	-1	9.89539120254349
376	1376	2376	-1	9.187485947741568
377	1377	2377	-1	10.212083648723443
378	1378	2378	-1	9.8992202889785
379	1379	2379	-1	11.122474719319346
380	1380	2380	-1	10.234525104710283
381	1381	2381	-1	10.197175406552407
382	1382	2382	-1	11.362504861477978
383	1383	2383	-1	10.755586458419828
384	1384	2384	-1	9.46465321137074
385	1385	2385	-1	8.367297025155082
386	1386	2386	-1	10.497478241409313
387	1387	2387	-1	9.141608934490204
388	1388	2388	-1	10.077217562128759
389	1389	2389	-1	9.594192282438058
390	1390	2390	-1	8.101838809536828
391	1391	2391	-1	7.801259668162748
392	1392	2392	-1	10.421554270842895
393	1393	2393	-1	8.214048170164922
394	1394	2394	-1	11.097674828306669
395	1395	2395	-1	11.929256772290405
396	1396	2396	-1	10.072185766919862
397	1397	2397	-1	11.296638613328044
398	1398	2398	-1	11.33139679258547
399	1399	2399	-1	10.094708465090175
400	1400	2400	-1	9.41625843596707
401	1401	2401	-1	11.02599286105958
402	1402	2402	-1	10.287835210068058
403	1403	2403	-1	11.277081523383579
404	1404	2404	-1	10.142140436050576
405	1405	2405	-1	10.09495129781737
406	1406	2406	-1	10.567429200666854
407	1407	2407	-1	12.514367357495477
408	1408	2408	-1	10.521505846360578
409	1409	2409	-1	10.598702499713506
410	1410	2410	-1	8.272567624984534
411	1411	2411	-1	11.101547696048359
412	1412	2412	-1	9.236377889619552
413	1413	2413	-1	9.730330220497212
414	1414	2414	-1	11.443740814933934
415	1415	2415	-1	10.25406729774195
416	1416	2416	-1	10.017721959625238
417	1417	2417	-1	10.04471949467441
418	1418	2418	-1	8.507635831043837
419	1419	2419	-1	9.502107332257204
420	1420	2420	-1	8.309206196231784
421	1421	2421	-1	11.32052532304331
422	1422	2422	-1	10.600252990006371
423	1423	2423	-1	11.136992880448403
424	1424	2424	-1	9.399917095581735
425	1425	2425	-1	9.779323892943072
426	1426	2426	-1	10.604611968159066
427	1427	2427	-1	10.385106793580121
428	1428	2428	-1	9.675102640318418
429	1429	2429	-1	10.265860158464736
430	1430	2430	-1	10.92663641911707
431	1431	2431	-1	11.206908350973881
432	1432	2432	-1	8.512196490212764
433	1433	2433	-1	8.459771255567318
434	1434	2434	-1	9.320185437326572
435	1435	2435	-1	9.951102813605704
436	1436	2436	-1	10.599801069629686
437	1437	2437	-1	9.949739846156216
438	1438	2438	-1	8.801501354138193
439	1439	2439	-1	10.759240554606567
440	1440	2440	-1	10.632384425243904
441	1441	2441	-1	10.81655526753995
442	1442	2442	-1	9.921005692536319
443	1443	2443	-1	11.009244406631915
444	1444	2444	-1	10.880434984914103
445	1445	2445	-1	9.667827347454178
446	1446	2446	-1	9.622545428981809
447	1447	2447	-1	10.310077705004153
448	1448	2448	-1	11.880252393032482
449	1449	2449	-1	9.422160510532265
450	1450	2450	-1	9.353095544190477
451	1451	2451	-1	8.933024255359097
452	1452	2452	-1	11.098206012342214
453	1453	2453	-1	10.360462951794295
454	1454	2454	-1	9.430853349835989
455	1455	2455	-1	10.616070487633111
456	1456	2456	-1	12.599598982127079
457	1457	2457	-1	9.47197518849244
458	1458	2458	-1	8.565724810824515
459	1459	2459	-1	10.518962128656435
460	1460	2460	-1	11.654554773852144
461	1461	2461	-1	9.719359941223
462	1462	2462	-1	9.007044161359419
463	1463	2463	-1	9.538481556517524
464	1464	2464	-1	9.90949391679687
465	1465	2465	-1	10.525594202720914
466	1466	2466	-1	11.878994948512313
467	1467	2467	-1	11.708433395153003
468	1468	2468	-1	10.010526756515132
469	1469	2469	-1	11.115792821461019
470	1470	2470	-1	9.647063267839354
471	1471	2471	-1	10.109317178537367
472	1472	2472	-1	10.542044881328746
473	1473	2473	-1	9.59826024598941
474	1474	2474	-1	9.31396745024586
475	1475	2475	-1	11.172431396143784
476	1476	2476	-1	11.977630781220295
477	1477	2477	-1	11.184121824158368
478	1478	2478	-1	9.971946436688768
479	1479	2479	-1	9.999665964882011
480	1480	2480	-1	8.535701666025838
481	1481	2481	-1	9.994240648389018
482	1482	2482	-1	9.833190375822548
483	1483	2483	-1	10.252662052044524
484	1484	2484	-1	9.512498642325868
485	1485	2485	-1	11.268551562149632
486	1486	2486	-1	10.537072206588027
487	1487	2487	-1	9.941336774559845
488	1488	2488	-1	9.157050582345798
489	1489	2489	-1	10.157078769591834
490	1490	2490	-1	11.252373411591726
491	1491	2491	-1	8.903758208433624
492	1492	2492	-1	7.9844987493824675
493	1493	2493	-1	11.993316360559085
494	1494	2494	-1	8.948194334922057
495	1495	2495	-1	11.175221978537797
496	1496	2496	-1	10.498202241717575
497	1497	2497	-1	10.041018380056746
498	1498	2498	-1	9.44812490020462
499	1499	2499	-1	10.87447953100356
500	1500	2500	-1	9.527454527523446
501	1501	2501	-1	11.1798596441169
502	1502	2502	-1	9.2671377087095
503	1503	2503	-1	10.845587822341093
504	1504	2504	-1	10.175885748352062
505	1505	2505	-1	10.074737132604254
506	1506	2506	-1	11.073234786346998
507	1507	2507	-1	8.921019167533553
508	1508	2508	-1	10.85592930736659
509	1509	2509	-1	10.039130465889357
510	1510	2510	-1	9.173644987885456
511	1511	2511	-1	10.748524440030035
512	1512	2512	-1	10.39135483515789
513	1513	2513	-1	9.652986510247324
514	1514	2514	-1	10.751162322904726
515	1515	2515	-1	8.89726208125113
516	1516	2516	-1	9.115519994105032
517	1517	2517	-1	8.791440070860384
518	1518	2518	-1	10.63302147500145
519	1519	2519	-1	7.191151855584646
520	1520	2520	-1	8.739593221193077
521	1521	2521	-1	11.8882468620912
522	1522	2522	-1	10.371065739530213
523	1523	2523	-1	10.848683144285554
524	1524	2524	-1	9.167315201639406
525	1525	2525	-1	10.350869796922096
526	1526	2526	-1	10.876867114316807
527	1527	2527	-1	11.381671932256637
528	1528	2528	-1	9.357692697611771
529	1529	2529	-1	9.254144480977946
530	1530	2530	-1	11.380826117576115
531	1531	2531	-1	11.039086107786712
532	1532	2532	-1	10.616423663853306
533	1533	2533	-1	9.231336386776965
534	1534	2534	-1	11.258718564250435
535	1535	2535	-1	9.467120421833055
536	1536	2536	-1	10.902558520912514
537	1537	2537	-1	12.544522799358978
538	1538	2538	-1	9.299129038959311
539	1539	2539	-1	6.904449288996625
540	1540	2540	-1	10.454694340265638
541	1541	2541	-1	9.77136053654711
542	1542	2542	-1	8.922767013520424
543	1543	2543	-1	9.836935010512443
544	1544	2544	-1	10.312573620578213
545	1545	2545	-1	11.509376982791036
546	1546	2546	-1	9.303724136575864
547	1547	2547	-1	8.127584840118093
548	1548	2548	-1	9.017831245090838
549	1549	2549	-1	10.265287593001657
550	1550	2550	-1	8.918663318778519
551	1551	2551	-1	10.894012509560586
552	1552	2552	-1	11.745026859751317
553	1553	2553	-1	9.5409651248579
554	1554	2554	-1	10.264426235161956
555	1555	2555	-1	9.816958772640497
556	1556	2556	-1	8.611455235497711
557	1557	2557	-1	10.450510997307694
558	1558	2558	-1	10.921948090599003
559	1559	2559	-1	9.565205324017995
560	1560	2560	-1	8.631576218961985
561	1561	2561	-1	10.64920841989699
562	1562	2562	-1	9.627106530404772
563	1563	2563	-1	12.287758065825727
564	1564	2564	-1	9.89629094241892
565	1565	2565	-1	10.85853142455278
566	1566	2566	-1	10.300510155696632
567	1567	2567	-1	11.61657107394429
568	1568	2568	-1	10.642729809665552
569	1569	2569	-1	10.260452804651555
570	1570	2570	-1	9.615253929197674
571	1571	2571	-1	12.051137860254707
572	1572	2572	-1	7.866394545606599
573	1573	2573	-1	12.248960848608274
574	1574	2574	-1	9.560149094700236
575	1575	2575	-1	11.158384858441343
576	1576	2576	-1	10.334566449112014
577	1577	2577	-1	11.359318476649383
578	1578	2578	-1	11.468439859344159
579	1579	2579	-1	10.297355699569293
580	1580	2580	-1	8.906871270817422
581	1581	2581	-1	9.53438901237138
582	1582	2582	-1	9.40800567508364
583	1583	2583	-1	9.58126750767296
584	1584	2584	-1	9.249353887640767
585	1585	2585	-1	8.258487104036982
586	1586	2586	-1	10.800047981476826
587	1587	2587	-1	9.916514032515341
588	1588	2588	-1	9.54258062544717
589	1589	2589	-1	9.033702490691903
590	1590	2590	-1	9.506131003351442
591	1591	2591	-1	9.391057941623952
592	1592	2592	-1	11.331637585947737
593	1593	2593	-1	9.529536503119699
594	1594	2594	-1	9.955984474876141
595	1595	2595	-1	8.492601742493713
596	1596	2596	-1	10.349935612633388
597	1597	2597	-1	8.399621226922674
598	1598	2598	-1	9.238153172648126
599	1599	2599	-1	9.696045567769769
600	1600	2600	-1	10.435304176592664
601	1601	2601	-1	9.327056680350362
602	1602	2602	-1	9.643761346129693
603	1603	2603	-1	9.14030429546891
604	1604	2604	-1	9.958824269551274
605	1605	2605	-1	8.995025986636316
606	1606	2606	-1	8.224912956147868
607	1607	2607	-1	9.84939773633162
608	1608	2608	-1	10.296039395144984
609	1609	2609	-1	9.60176389365769
610	1610	2610	-1	11.802997151597536
611	1611	2611	-1	10.02158468306425
612	1612	2612	-1	10.619046948362854
613	1613	2613	-1	8.68390771397855
614	1614	2614	-1	11.202995200077913
615	1615	2615	-1	9.465183515669452
616	1616	2616	-1	11.324398962122592
617	1617	2617	-1	10.077469810462405
618	1618	2618	-1	10.433270548684389
619	1619	2619	-1	9.150808509648298
620	1620	2620	-1	10.67362740356152
621	1621	2621	-1	8.038041994221764
622	1622	2622	-1	10.261576038693125
623	1623	2623	-1	11.147355612269147
624	1624	2624	-1	9.131310539201094
625	1625	2625	-1	10.218947783671926
626	1626	2626	-1	10.705955999410225
627	1627	2627	-1	10.208723569679941
628	1628	2628	-1	9.647733317610003
629	1629	2629	-1	9.96424386835522
630	1630	2630	-1	9.871511205774812
631	1631	2631	-1	9.560501817761109
632	1632	2632	-1	8.823300680893148
633	1633	2633	-1	12.324312215693578
634	1634	2634	-1	9.53805650759487
635	1635	2635	-1	9.576987975359064
636	1636	2636	-1	10.110040393844605
637	1637	2637	-1	9.848761326830498
638	1638	2638	-1	7.467551567098328
639	1639	2639	-1	9.598878270502466
640	1640	2640	-1	9.624006492744295
641	1641	2641	-1	9.365791598394365
642	1642	2642	-1	9.334236128694112
643	1643	2643	-1	11.284467025010338
644	1644	2644	-1	8.922416998001031
645	1645	2645	-1	10.075122892991763
646	1646	2646	-1	9.870767537645708
647	1647	2647	-1	9.503682816287316
648	1648	2648	-1	12.016728073760278
649	1649	2649	-1	10.113321216400433
650	1650	2650	-1	9.67520786196708
651	1651	2651	-1	10.003751057420127
652	1652	2652	-1	11.305550886206982
653	1653	2653	-1	8.787641687136432
654	1654	2654	-1	10.371078396329345
655	1655	2655	-1	9.238174853514087
656	1656	2656	-1	9.31283919369893
657	1657	2657	-1	10.776136526982592
658	1658	2658	-1	9.207015467153214
659	1659	2659	-1	9.804850241686957
660	1660	2660	-1	10.774483781086541
661	1661	2661	-1	10.482512058650531
662	1662	2662	-1	8.397667965530237
663	1663	2663	-1	9.606611134462426
664	1664	2664	-1	10.031347156838903
665	1665	2665	-1	8.68316295557843
666	1666	2666	-1	9.38933873283857
667	1667	2667	-1	8.076312104044337
668	1668	2668	-1	11.20013468506934
669	1669	2669	-1	9.414572555295242
670	1670	2670	-1	10.02458185205125
671	1671	2671	-1	9.750743401435889
672	1672	2672	-1	11.3754515055618
673	1673	2673	-1	8.743252750296595
674	1674	2674	-1	11.665686581102225
675	1675	2675	-1	8.76007594187448
676	1676	2676	-1	10.20049933620762
677	1677	2677	-1	12.886694964697622
678	1678	2678	-1	10.838626802817085
679	1679	2679	-1	8.925040779022588
680	1680	2680	-1	9.18567687368228
681	1681	2681	-1	8.864054841457605
682	1682	2682	-1	10.695215907214653
683	1683	2683	-1	9.15658174545604
684	1684	2684	-1	8.257101449576417
685	1685	2685	-1	9.738712306326784
686	1686	2686	-1	9.408079283736857
687	1687	2687	-1	9.608827027263825
688	1688	2688	-1	9.722208391380551
689	1689	2689	-1	10.813022342981277
690	1690	2690	-1	10.76618936685326
691	1691	2691	-1	10.738581039229619
692	1692	2692	-1	11.654782909855431
693	1693	2693	-1	9.331194764778587
694	1694	2694	-1	8.87455102879939
695	1695	2695	-1	9.765433041409912
696	1696	2696	-1	11.34444382872456
697	1697	2697	-1	10.738421327870592
698	1698	2698	-1	6.9549234086481215
699	1699	2699	-1	9.345518107026516
700	1700	2700	-1	11.107238470174039
701	1701	2701	-1	10.053328905999793
702	1702	2702	-1	10.528994812397304
703	1703	2703	-1	9.56428110698297
704	1704	2704	-1	8.556293081418307
705	1705	2705	-1	10.324759668277252
706	1706	2706	-1	8.674339443203708
707	1707	2707	-1	9.362024335145286
708	1708	2708	-1	8.545920008841003
709	1709	2709	-1	9.719946699072109
710	1710	2710	-1	11.318383437232082
711	1711	2711	-1	9.729708124470983
712	1712	2712	-1	10.614772401270995
713	1713	2713	-1	9.594663884973459
714	1714	2714	-1	9.721068276682084
715	1715	2715	-1	10.252918083949039
716	1716	2716	-1	10.439841178468955
717	1717	2717	-1	9.681893337282993
718	1718	2718	-1	10.255496906872743
719	1719	2719	-1	7.000672030972167
720	1720	2720	-1	10.157487188963644
721	1721	2721	-1	9.434886341512764
722	1722	2722	-1	10.249800492910351
723	1723	2723	-1	9.546183144592023
724	1724	2724	-1	11.294099619320635
725	1725	2725	-1	7.889927248793784
726	1726	2726	-1	10.801358148208976
727	1727	2727	-1	10.174580389580095
728	1728	2728	-1	9.68505354505731
729	1729	2729	-1	10.229889642001792
730	1730	2730	-1	8.16832870086135
731	1731	2731	-1	9.599221618687235
732	1732	2732	-1	9.242362949199526
733	1733	2733	-1	9.774381780166392
734	1734	2734	-1	10.074115409611226
735	1735	2735	-1	9.836329531947777
736	1736	2736	-1	10.081692257543917
737	1737	2737	-1	8.509628304998895
738	1738	2738	-1	9.315840050649822
739	1739	2739	-1	9.390255870781383
740	1740	2740	-1	9.903929838537081
741	1741	2741	-1	9.681586949521032
742	1742	2742	-1	9.904195728882025
743	1743	2743	-1	9.962182612430535
744	1744	2744	-1	10.197606898482007
745	1745	2745	-1	8.653693584323317
746	1746	2746	-1	8.908419550467665
747	1747	2747	-1	10.074654187733195
748	1748	2748	-1	9.770352496963094
749	1749	2749	-1	8.949183742375352
750	1750	2750	-1	9.699701261410704
751	1751	2751	-1	9.738210549155308
752	1752	2752	-1	11.304541306889327
753	1753	2753	-1	9.889152150893096
754	1754	2754	-1	10.875845762081795
755	1755	2755	-1	11.01995109081285
756	1756	2756	-1	8.143769423167068
757	1757	2757	-1	10.61126359438406
758	1758	2758	-1	8.140013177174989
759	1759	2759	-1	10.709030578674646
760	1760	2760	-1	10.845619630059485
761	1761	2761	-1	9.46076174095838
762	1762	2762	-1	9.581885902641112
763	1763	2763	-1	10.32354734623978
764	1764	2764	-1	9.638084161653703
765	1765	2765	-1	10.158679137497005
766	1766	2766	-1	10.602832870439789
767	1767	2767	-1	10.702904854672942
768	1768	2768	-1	9.181492650164381
769	1769	2769	-1	11.10502034220533
770	1770	2770	-1	12.1271673249002
771	1771	2771	-1	10.369936425477649
772	1772	2772	-1	10.74480999506173
773	1773	2773	-1	9.640573579264265
774	1774	2774	-1	9.363076084560703
775	1775	2775	-1	9.726679487191278
776	1776	2776	-1	9.893028825980151
777	1777	2777	-1	9.973579907727451
778	1778	2778	-1	9.477732327613253
779	1779	2779	-1	9.550127877166847
780	1780	2780	-1	9.236023544893607
781	1781	2781	-1	9.68408145562236
782	1782	2782	-1	10.760992366692903
783	1783	2783	-1	8.717522316236947
784	1784	2784	-1	9.903890770119563
785	1785	2785	-1	9.531376561086981
786	1786	2786	-1	10.856504923751247
787	1787	2787	-1	9.987335234824247
788	1788	2788	-1	8.001009622144826
789	1789	2789	-1	8.912949811447685
790	1790	2790	-1	12.138127938908294
791	1791	2791	-1	10.30839748769847
792	1792	2792	-1	9.349147913969912
793	1793	2793	-1	11.525057029286987
794	1794	2794	-1	8.025164261198846
795	1795	2795	-1	8.877013720783925
796	1796	2796	-1	9.84977048764831
797	1797	2797	-1	11.534854156851168
798	1798	2798	-1	11.11505385010226
799	1799	2799	-1	10.91621694930291
800	1800	2800	-1	11.51822281798003
801	1801	2801	-1	11.015064308286448
802	1802	2802	-1	7.833612228048727
803	1803	2803	-1	8.838207528417037
804	1804	2804	-1	11.611043230411642
805	1805	2805	-1	10.317028633676232
806	1806	2806	-1	9.135060920808838
807	1807	2807	-1	10.190066805199406
808	1808	2808	-1	11.693170078631704
809	1809	2809	-1	11.52048154477284
810	1810	2810	-1	9.429819795499448
811	1811	2811	-1	11.957431002315943
812	1812	2812	-1	10.171571333869592
813	1813	2813	-1	13.188654462287122
814	1814	2814	-1	11.352540743230842
815	1815	2815	-1	10.068383309555601
816	1816	2816	-1	10.66800887707582
817	1817	2817	-1	10.279735569537603
818	1818	2818	-1	9.238069089956976
819	1819	2819	-1	8.44590245956281
820	1820	2820	-1	10.110144301622928
821	1821	2821	-1	9.10487136074044
822	1822	2822	-1	9.641120484182245
823	1823	2823	-1	10.005185327645187
824	1824	2824	-1	10.282170624987609
825	1825	2825	-1	9.95877002841279
826	1826	2826	-1	10.26329646958811
827	1827	2827	-1	10.35101276573169
828	1828	2828	-1	9.17794192225323
829	1829	2829	-1	10.67399364168526
830	1830	2830	-1	10.02845942771431
831	1831	2831	-1	9.092322870617494
832	1832	2832	-1	9.63194529023604
833	1833	2833	-1	13.226377088487522
834	1834	2834	-1	8.299549702962352
835	1835	2835	-1	8.431300522822124
836	1836	2836	-1	10.798132901137677
837	1837	2837	-1	11.323418335726696
838	1838	2838	-1	11.095945477932895
839	1839	2839	-1	9.790922894568219
840	1840	2840	-1	8.308604318827305
841	1841	2841	-1	11.151413076354281
842	1842	2842	-1	10.031830400933108
843	1843	2843	-1	7.725544305881407
844	1844	2844	-1	8.002253845202178
845	1845	2845	-1	9.75983395027735
846	1846	2846	-1	9.981498676145536
847	1847	2847	-1	7.963229421783485
848	1848	2848	-1	8.700392687464124
849	1849	2849	-1	9.393066564982854
850	1850	2850	-1	9.10251420117403
851	1851	2851	-1	9.898341533223348
852	1852	2852	-1	7.783450216990449
853	1853	2853	-1	9.4294151767637
854	1854	2854	-1	9.971814216346425
855	1855	2855	-1	9.084882652189961
856	1856	2856	-1	12.189582216109457
857	1857	2857	-1	12.36201680284021
858	1858	2858	-1	10.543499287191638
859	1859	2859	-1	11.464271471388395
860	1860	2860	-1	8.02710354594241
861	1861	2861	-1	11.113920901739423
862	1862	2862	-1	9.3530306798844
863	1863	2863	-1	12.259348891626676
864	1864	2864	-1	9.872731144864389
865	1865	2865	-1	8.59156109101621
866	1866	2866	-1	10.134158942230004
867	1867	2867	-1	9.14370967045125
868	1868	2868	-1	9.68404971200802
869	1869	2869	-1	10.506664657735003
870	1870	2870	-1	9.650005612677365
871	1871	2871	-1	10.580641344002972
872	1872	2872	-1	10.477962944625984
873	1873	2873	-1	10.519984648609162
874	1874	2874	-1	10.519356112258354
875	1875	2875	-1	10.512194780213646
876	1876	2876	-1	8.446281845716836
877	1877	2877	-1	8.46105680912292
878	1878	2878	-1	9.248021981972805
879	1879	2879	-1	10.729058160551208
880	1880	2880	-1	9.036495724979021
881	1881	2881	-1	9.184866522088905
882	1882	2882	-1	10.096426447762346
883	1883	2883	-1	10.5825880128034
884	1884	2884	-1	9.812120480036384
885	1885	2885	-1	9.054692620981857
886	1886	2886	-1	8.11439888960238
887	1887	2887	-1	10.682327081409625
888	1888	2888	-1	11.01172710991586
889	1889	2889	-1	8.71310188382465
890	1890	2890	-1	10.063062944348909
891	1891	2891	-1	10.944910112017485
892	1892	2892	-1	9.592452726256125
893	1893	2893	-1	10.018352390872701
894	1894	2894	-1	10.691163330833213
895	1895	2895	-1	8.82437525711373
896	1896	2896	-1	9.926575052635258
897	1897	2897	-1	10.70016080428917
898	1898	2898	-1	11.158773636482525
899	1899	2899	-1	10.330561906985524
900	1900	2900	-1	9.748923440377137
901	1901	2901	-1	10.27346094635185
902	1902	2902	-1	9.59529918966331
903	1903	2903	-1	10.289865434333512
904	1904	2904	-1	10.277924931181307
905	1905	2905	-1	9.796236472202638
906	1906	2906	-1	8.811692253332073
907	1907	2907	-1	11.755426663890463
908	1908	2908	-1	11.224073179846286
909	1909	2909	-1	10.424928569072549
910	1910	2910	-1	11.263414965511457
911	1911	2911	-1	9.45805306414256
912	1912	2912	-1	9.873560773422277
913	1913	2913	-1	9.963976210468298
914	1914	2914	-1	11.21282379273502
915	1915	2915	-1	9.442998696707235
916	1916	2916	-1	10.267385277667449
917	1917	2917	-1	10.290166447558178
918	1918	2918	-1	10.039040605678831
919	1919	2919	-1	8.484616335571912
920	1920	2920	-1	10.36532335930157
921	1921	2921	-1	9.907229678836648
922	1922	2922	-1	10.861739740520033
923	1923	2923	-1	10.318776928264922
924	1924	2924	-1	9.576363307060896
925	1925	2925	-1	9.35811308758934
926	1926	2926	-1	10.58515506211795
927	1927	2927	-1	9.969673682166759
928	1928	2928	-1	9.447048383168308
929	1929	2929	-1	11.3389177452952
930	1930	2930	-1	8.987236107254075
931	1931	2931	-1	11.662193005414508
932	1932	2932	-1	8.468268798669422
933	1933	2933	-1	9.587213951828232
934	1934	2934	-1	9.469557402279133
935	1935	2935	-1	11.520854023707885
936	1936	2936	-1	9.645522349968555
937	1937	2937	-1	10.6662159316069
938	1938	2938	-1	10.177075787569038
939	1939	2939	-1	8.953367463612201
940	1940	2940	-1	11.742926348629618
941	1941	2941	-1	9.78961184289674
942	1942	2942	-1	10.936961936882012
943	1943	2943	-1	10.560164612649471
944	1944	2944	-1	10.129747044657016
945	1945	2945	-1	8.013854973388952
946	1946	2946	-1	9.758844239755943
947	1947	2947	-1	9.362611017308518
948	1948	2948	-1	9.876363828584898
949	1949	2949	-1	8.455274126009181
950	1950	2950	-1	11.044280634556044
951	1951	2951	-1	10.684203658050258
952	1952	2952	-1	11.942825265588372
953	1953	2953	-1	10.282948242357925
954	1954	2954	-1	9.168854797465107
955	1955	2955	-1	9.91677611664191
956	1956	2956	-1	10.90038775913823
957	1957	2957	-1	10.967714032899517
958	1958	2958	-1	8.684768566326504
959	1959	2959	-1	9.499226470025697
960	1960	2960	-1	10.281244540297934
961	1961	2961	-1	10.568953989006458
962	1962	2962	-1	10.715309516068794
963	1963	2963	-1	9.397993232643097
964	1964	2964	-1	7.360311976627914
965	1965	2965	-1	11.109971557072171
966	1966	2966	-1	11.131029455672659
967	1967	2967	-1	10.302195797867613
968	1968	2968	-1	10.314991514777217
969	1969	2969	-1	10.77862371103275
970	1970	2970	-1	9.44581849446616
971	1971	2971	-1	10.223553137315156
972	1972	2972	-1	9.948834053274156
973	1973	2973	-1	9.645353776661716
974	1974	2974	-1	9.545875503874008
975	1975	2975	-1	10.739414137505806
976	1976	2976	-1	10.457645697280547
977	1977	2977	-1	9.564599529423962
978	1978	2978	-1	8.727307897876074
979	1979	2979	-1	10.733664612506391
980	1980	2980	-1	12.080154272723533
981	1981	2981	-1	10.436096865259817
982	1982	2982	-1	10.210202080724805
983	1983	2983	-1	8.717852174730107
984	1984	2984	-1	9.924335418389944
985	1985	2985	-1	8.836755094425893
986	1986	2986	-1	8.75790621777574
987	1987	2987	-1	9.079954293396156
988	1988	2988	-1	9.636136264820472
989	1989	2989	-1	11.213095179224627
990	1990	2990	-1	10.566963863736488
991	1991	2991	-1	11.203516043493025
992	1992	2992	-1	8.598135606202641
993	1993	2993	-1	10.479387639775265
994	1994	2994	-1	9.5332339299878
995	1995	2995	-1	8.855192694788228
996	1996	2996	-1	9.659461536751095
997	1997	2997	-1	11.397357364771048
998	1998	2998	-1	9.878822355257643
999	1999	2999	-1	11.759516923365265
