ind_ID	father_ID	mother_ID	Sex	Phenotype
0	1000	2000	-1	8.55840132537364
1	1001	2001	-1	9.974856295720084
2	1002	2002	-1	9.904826841421645
3	1003	2003	-1	11.380282907874571
4	1004	2004	-1	9.017912531442157
5	1005	2005	-1	10.586709553645477
6	1006	2006	-1	10.978131068953422
7	1007	2007	-1	9.960532925264618
8	1008	2008	-1	10.261994321001835
9	1009	2009	-1	10.521042445137537
10	1010	2010	-1	11.730514604125641
11	1011	2011	-1	10.394412885545472
12	1012	2012	-1	10.340030797660177
13	1013	2013	-1	9.922913481325809
14	1014	2014	-1	8.890853904626812
15	1015	2015	-1	9.216266741791559
16	1016	2016	-1	10.249933256452731
17	1017	2017	-1	9.815715648694358
18	1018	2018	-1	9.558315253252111
19	1019	2019	-1	12.799040935370034
20	1020	2020	-1	9.760632136960686
21	1021	2021	-1	10.36571311726908
22	1022	2022	-1	8.335285336919254
23	1023	2023	-1	10.646351336930262
24	1024	2024	-1	10.685985773268888
25	1025	2025	-1	9.222156987144105
26	1026	2026	-1	9.82164492235599
27	1027	2027	-1	11.708939646039743
28	1028	2028	-1	10.169145096651059
29	1029	2029	-1	10.927701163823299
30	1030	2030	-1	11.053014192951588
31	1031	2031	-1	11.57598085267493
32	1032	2032	-1	8.856618862419086
33	1033	2033	-1	10.065578223487659
34	1034	2034	-1	8.842981585667205
35	1035	2035	-1	9.238439128421225
36	1036	2036	-1	10.064962305506702
37	1037	2037	-1	9.38108098925847
38	1038	2038	-1	10.734269828158036
39	1039	2039	-1	9.904298886988272
40	1040	2040	-1	10.822011188538866
41	1041	2041	-1	10.115890912087075
42	1042	2042	-1	9.586703487142756
43	1043	2043	-1	9.146157767612724
44	1044	2044	-1	10.465144665966056
45	1045	2045	-1	10.103694682782235
46	1046	2046	-1	9.740376894876096
47	1047	2047	-1	9.967154799836115
48	1048	2048	-1	11.333363002015385
49	1049	2049	-1	10.578718670383912
50	1050	2050	-1	11.069759017219505
51	1051	2051	-1	10.498756383509365
52	1052	2052	-1	9.833182079925407
53	1053	2053	-1	11.188989528450227
54	1054	2054	-1	9.649480749078812
55	1055	2055	-1	9.73097103997153
56	1056	2056	-1	11.348724901853087
57	1057	2057	-1	11.833001567412026
58	1058	2058	-1	11.122536297848265
59	1059	2059	-1	11.835020395826742
60	1060	2060	-1	10.312542112065575
61	1061	2061	-1	9.840001218178172
62	1062	2062	-1	9.76530266423398
63	1063	2063	-1	9.063381446516313
64	1064	2064	-1	10.42235729868808
65	1065	2065	-1	10.328482649406483
66	1066	2066	-1	8.945579517048081
67	1067	2067	-1	8.73348535312564
68	1068	2068	-1	9.902546880403493
69	1069	2069	-1	10.08746450838116
70	1070	2070	-1	10.219857074898467
71	1071	2071	-1	11.418990422669989
72	1072	2072	-1	10.317482021102139
73	1073	2073	-1	9.844637003610996
74	1074	2074	-1	8.954419403425508
75	1075	2075	-1	9.540813133464447
76	1076	2076	-1	9.042571150898018
77	1077	2077	-1	10.835356553896354
78	1078	2078	-1	9.862460119207597
79	1079	2079	-1	11.013616180136873
80	1080	2080	-1	9.615163404938269
81	1081	2081	-1	8.280542955553916
82	1082	2082	-1	9.701460422294343
83	1083	2083	-1	9.618270964288568
84	1084	2084	-1	10.802829058463248
85	1085	2085	-1	9.015900112619548
86	1086	2086	-1	10.188572105194982
87	1087	2087	-1	11.672618998411139
88	1088	2088	-1	9.328497120008395
89	1089	2089	-1	9.56776259799004
90	1090	2090	-1	9.570210955075657
91	1091	2091	-1	10.691599290123932
92	1092	2092	-1	11.579966576566132
93	1093	2093	-1	9.596662195819844
94	1094	2094	-1	10.137946329339025
95	1095	2095	-1	11.58375490698934
96	1096	2096	-1	9.709536431096684
97	1097	2097	-1	8.633630141711944
98	1098	2098	-1	9.051143250377567
99	1099	2099	-1	9.461254578749777
100	1100	2100	-1	10.591384100711517
101	1101	2101	-1	10.809343704919074
102	1102	2102	-1	10.609230971781786
103	1103	2103	-1	7.065707048822097
104	1104	2104	-1	9.55718155146141
105	1105	2105	-1	9.405100343561253
106	1106	2106	-1	8.952084902094258
107	1107	2107	-1	10.083753371388019
108	1108	2108	-1	10.664673671442113
109	1109	2109	-1	11.01381706979931
110	1110	2110	-1	10.107341646956982
111	1111	2111	-1	11.002402444096358
112	1112	2112	-1	10.025712163452864
113	1113	2113	-1	11.251216090928402
114	1114	2114	-1	10.163614228287493
115	1115	2115	-1	8.111393792285131
116	1116	2116	-1	8.224262600338758
117	1117	2117	-1	9.748690290093347
118	1118	2118	-1	10.694432078238727
119	1119	2119	-1	9.372157287624075
120	1120	2120	-1	10.803216593849863
121	1121	2121	-1	9.515019337583169
122	1122	2122	-1	9.297008304441333
123	1123	2123	-1	12.21594462093242
124	1124	2124	-1	8.583277330382426
125	1125	2125	-1	10.013779621440213
126	1126	2126	-1	9.322998798288436
127	1127	2127	-1	8.688305263798384
128	1128	2128	-1	8.901364053235126
129	1129	2129	-1	9.443464808983828
130	1130	2130	-1	9.45178122633307
131	1131	2131	-1	8.471510140623804
132	1132	2132	-1	9.223179629995382
133	1133	2133	-1	9.77961872688948
134	1134	2134	-1	11.215804253289825
135	1135	2135	-1	8.975058984689994
136	1136	2136	-1	9.714148621279739
137	1137	2137	-1	11.942662933694992
138	1138	2138	-1	8.730355618859221
139	1139	2139	-1	9.75423215414296
140	1140	2140	-1	9.166900942890903
141	1141	2141	-1	11.385421918324955
142	1142	2142	-1	10.740266113592178
143	1143	2143	-1	9.602137524866645
144	1144	2144	-1	7.076039494355511
145	1145	2145	-1	8.799187897796598
146	1146	2146	-1	10.262068710280266
147	1147	2147	-1	11.579990875799606
148	1148	2148	-1	8.536423094458383
149	1149	2149	-1	7.66065971776991
150	1150	2150	-1	11.26209329195436
151	1151	2151	-1	10.356132134698106
152	1152	2152	-1	8.724218598350902
153	1153	2153	-1	8.34305057354725
154	1154	2154	-1	11.196586974805161
155	1155	2155	-1	9.612195851576804
156	1156	2156	-1	9.43323308622696
157	1157	2157	-1	9.599334644422205
158	1158	2158	-1	9.22620679205975
159	1159	2159	-1	9.719563685687655
160	1160	2160	-1	9.602185924048714
161	1161	2161	-1	11.499464840221254
162	1162	2162	-1	10.357321110815985
163	1163	2163	-1	9.948215670857984
164	1164	2164	-1	10.136405856764517
165	1165	2165	-1	9.598938889614795
166	1166	2166	-1	9.45735598405172
167	1167	2167	-1	10.229590709528082
168	1168	2168	-1	9.08384805318837
169	1169	2169	-1	10.852261012292855
170	1170	2170	-1	10.040876561703213
171	1171	2171	-1	10.821352124755887
172	1172	2172	-1	7.741037415763443
173	1173	2173	-1	9.82006019607971
174	1174	2174	-1	9.138037135416507
175	1175	2175	-1	11.5729159730508
176	1176	2176	-1	9.782655775361922
177	1177	2177	-1	11.00264548700058
178	1178	2178	-1	11.516553518311035
179	1179	2179	-1	9.135919680764474
180	1180	2180	-1	10.401834603201943
181	1181	2181	-1	13.00849173110992
182	1182	2182	-1	11.378003055177714
183	1183	2183	-1	9.378908312252959
184	1184	2184	-1	8.895957570238394
185	1185	2185	-1	9.338530746422991
186	1186	2186	-1	9.102626045474292
187	1187	2187	-1	11.238067022120418
188	1188	2188	-1	9.648229546517806
189	1189	2189	-1	8.965981868813664
190	1190	2190	-1	11.33752338044594
191	1191	2191	-1	10.213014010062079
192	1192	2192	-1	10.678084068054817
193	1193	2193	-1	9.834530693314049
194	1194	2194	-1	9.953226367938933
195	1195	2195	-1	10.032342446984869
196	1196	2196	-1	10.660109328602642
197	1197	2197	-1	9.243017900500007
198	1198	2198	-1	9.95565866111467
199	1199	2199	-1	9.826413165529383
200	1200	2200	-1	10.130400823004871
201	1201	2201	-1	9.986308056159757
202	1202	2202	-1	8.070386625315733
203	1203	2203	-1	10.680361973620972
204	1204	2204	-1	10.077957808326206
205	1205	2205	-1	9.527139343148866
206	1206	2206	-1	9.96707677607382
207	1207	2207	-1	11.435398947983332
208	1208	2208	-1	10.429426624049288
209	1209	2209	-1	8.72715498369444
210	1210	2210	-1	10.092479347383435
211	1211	2211	-1	11.782849888032995
212	1212	2212	-1	9.991643524535307
213	1213	2213	-1	8.57166067040262
214	1214	2214	-1	10.17820677730257
215	1215	2215	-1	8.669149159036545
216	1216	2216	-1	9.359020658924651
217	1217	2217	-1	10.16272838247823
218	1218	2218	-1	11.154243724688401
219	1219	2219	-1	9.210558525092521
220	1220	2220	-1	9.189548982207924
221	1221	2221	-1	8.842051058209485
222	1222	2222	-1	10.203042701232514
223	1223	2223	-1	10.14976743211597
224	1224	2224	-1	9.823504087536472
225	1225	2225	-1	10.832859122732248
226	1226	2226	-1	8.46144481181755
227	1227	2227	-1	10.824266143654244
228	1228	2228	-1	10.497593973429483
229	1229	2229	-1	11.033933955065349
230	1230	2230	-1	12.633195103407997
231	1231	2231	-1	9.68745033020928
232	1232	2232	-1	11.479676345130581
233	1233	2233	-1	9.593747254442208
234	1234	2234	-1	10.668547971774784
235	1235	2235	-1	10.953172465480156
236	1236	2236	-1	10.299973287684828
237	1237	2237	-1	9.231060954170168
238	1238	2238	-1	7.332609759654021
239	1239	2239	-1	10.870765876714453
240	1240	2240	-1	8.111053119913114
241	1241	2241	-1	10.203751893083666
242	1242	2242	-1	10.718652845620227
243	1243	2243	-1	9.262588754876782
244	1244	2244	-1	10.095846982108402
245	1245	2245	-1	11.299643743762068
246	1246	2246	-1	10.776319523065448
247	1247	2247	-1	9.738943626497495
248	1248	2248	-1	8.495000842795744
249	1249	2249	-1	10.972470708085226
250	1250	2250	-1	8.84651539513911
251	1251	2251	-1	10.433393241053267
252	1252	2252	-1	9.405586611276767
253	1253	2253	-1	10.940596948207714
254	1254	2254	-1	9.036047154014744
255	1255	2255	-1	10.344872550902965
256	1256	2256	-1	11.05853533220049
257	1257	2257	-1	11.433841187558674
258	1258	2258	-1	11.36055990671579
259	1259	2259	-1	10.503797055428365
260	1260	2260	-1	9.280579291840786
261	1261	2261	-1	8.96122921054962
262	1262	2262	-1	9.337607033157278
263	1263	2263	-1	10.971306922671001
264	1264	2264	-1	10.472724436594469
265	1265	2265	-1	8.983426104763033
266	1266	2266	-1	9.909015018841968
267	1267	2267	-1	9.847173369946095
268	1268	2268	-1	9.679534630937999
269	1269	2269	-1	10.35912960121047
270	1270	2270	-1	9.266120354328876
271	1271	2271	-1	9.594898660003862
272	1272	2272	-1	10.348525759526925
273	1273	2273	-1	9.756593724332099
274	1274	2274	-1	12.333304462873254
275	1275	2275	-1	8.958566223024413
276	1276	2276	-1	11.076987259022975
277	1277	2277	-1	9.92335302877307
278	1278	2278	-1	9.113129731686163
279	1279	2279	-1	11.49621075334252
280	1280	2280	-1	9.993286346255932
281	1281	2281	-1	11.075559689147706
282	1282	2282	-1	9.284677124276746
283	1283	2283	-1	8.643230611047361
284	1284	2284	-1	9.270091038221434
285	1285	2285	-1	9.612470336287577
286	1286	2286	-1	10.830033246434413
287	1287	2287	-1	8.963863349899967
288	1288	2288	-1	9.170180153038428
289	1289	2289	-1	10.46641938618459
290	1290	2290	-1	10.809463094897323
291	1291	2291	-1	9.041266282243566
292	1292	2292	-1	9.2844968458271
293	1293	2293	-1	9.685652458046317
294	1294	2294	-1	9.211375763703824
295	1295	2295	-1	8.469020310405192
296	1296	2296	-1	10.020183589847166
297	1297	2297	-1	11.18075222427469
298	1298	2298	-1	11.09542812105622
299	1299	2299	-1	9.95398642337083
300	1300	2300	-1	9.548935982902321
301	1301	2301	-1	8.922392504309883
302	1302	2302	-1	9.902059905790097
303	1303	2303	-1	10.111243787628943
304	1304	2304	-1	10.175659364704869
305	1305	2305	-1	10.581778765238864
306	1306	2306	-1	10.753760215440748
307	1307	2307	-1	9.478372090729845
308	1308	2308	-1	9.5586256888452
309	1309	2309	-1	8.634320327084684
310	1310	2310	-1	10.891860333182226
311	1311	2311	-1	12.433870538659418
312	1312	2312	-1	9.264244078274555
313	1313	2313	-1	10.126153594047766
314	1314	2314	-1	10.069685666367729
315	1315	2315	-1	10.717291371676922
316	1316	2316	-1	8.837530726693796
317	1317	2317	-1	11.42821854458746
318	1318	2318	-1	10.163301309215038
319	1319	2319	-1	9.311920955202933
320	1320	2320	-1	10.83866634815229
321	1321	2321	-1	10.33877896639947
322	1322	2322	-1	9.987970461686475
323	1323	2323	-1	11.543225461947792
324	1324	2324	-1	8.200558090329016
325	1325	2325	-1	10.03133547082928
326	1326	2326	-1	10.142339455774849
327	1327	2327	-1	10.774023086523597
328	1328	2328	-1	9.21180004437031
329	1329	2329	-1	9.659745804063844
330	1330	2330	-1	10.157816287390123
331	1331	2331	-1	10.174699190781332
332	1332	2332	-1	10.352588980688564
333	1333	2333	-1	10.020431428824326
334	1334	2334	-1	8.378453772161556
335	1335	2335	-1	9.617665401145779
336	1336	2336	-1	9.088656198485134
337	1337	2337	-1	9.87045217331781
338	1338	2338	-1	9.289898074620941
339	1339	2339	-1	9.160473745813414
340	1340	2340	-1	9.657227480311821
341	1341	2341	-1	9.12274633677589
342	1342	2342	-1	11.715989710623436
343	1343	2343	-1	11.605292370245438
344	1344	2344	-1	12.01353463194047
345	1345	2345	-1	9.659625886981521
346	1346	2346	-1	9.485092652775888
347	1347	2347	-1	8.703251764109622
348	1348	2348	-1	9.569592848976159
349	1349	2349	-1	8.599805987987075
350	1350	2350	-1	9.811045390832826
351	1351	2351	-1	11.356288804515655
352	1352	2352	-1	9.460474217617515
353	1353	2353	-1	9.611782548691306
354	1354	2354	-1	9.294268162709066
355	1355	2355	-1	10.42578893682402
356	1356	2356	-1	8.489286511855209
357	1357	2357	-1	10.54396667883983
358	1358	2358	-1	9.609318551957635
359	1359	2359	-1	10.361465920227891
360	1360	2360	-1	10.687268010504413
361	1361	2361	-1	9.723691642200068
362	1362	2362	-1	7.24410308934827
363	1363	2363	-1	9.937894254788615
364	1364	2364	-1	8.145956697179104
365	1365	2365	-1	9.61210386300567
366	1366	2366	-1	8.677713221754424
367	1367	2367	-1	8.468877006547059
368	1368	2368	-1	9.69521628726445
369	1369	2369	-1	9.477858118793806
370	1370	2370	-1	9.655768972347213
371	1371	2371	-1	9.70420587364561
372	1372	2372	-1	10.112365847074534
373	1373	2373	-1	9.702285908558233
374	1374	2374	-1	11.299937315267742
375	1375	2375	-1	8.547947842230217
376	1376	2376	-1	9.11771768754552
377	1377	2377	-1	11.255413105774027
378	1378	2378	-1	10.363810551540185
379	1379	2379	-1	9.91896299486614
380	1380	2380	-1	10.75413424452521
381	1381	2381	-1	9.417734326320574
382	1382	2382	-1	9.16256678071615
383	1383	2383	-1	9.408882740027925
384	1384	2384	-1	9.291765396019903
385	1385	2385	-1	10.504353243283948
386	1386	2386	-1	9.927242042375772
387	1387	2387	-1	9.557618090346576
388	1388	2388	-1	9.602620889209561
389	1389	2389	-1	10.956367057104758
390	1390	2390	-1	11.465699079777334
391	1391	2391	-1	9.106605494781851
392	1392	2392	-1	11.256175178677632
393	1393	2393	-1	9.520254732982336
394	1394	2394	-1	9.91657118930278
395	1395	2395	-1	11.47651684744173
396	1396	2396	-1	12.177687032608945
397	1397	2397	-1	11.230638100108617
398	1398	2398	-1	9.854561487121623
399	1399	2399	-1	9.001897142639159
400	1400	2400	-1	10.697941752200304
401	1401	2401	-1	9.893744833476719
402	1402	2402	-1	10.734462635738142
403	1403	2403	-1	10.10762366693442
404	1404	2404	-1	10.724186980346614
405	1405	2405	-1	9.7008716526338
406	1406	2406	-1	9.974838597247789
407	1407	2407	-1	9.385519092771268
408	1408	2408	-1	9.600961838732829
409	1409	2409	-1	8.863565374956497
410	1410	2410	-1	10.536332438316949
411	1411	2411	-1	10.306173700139627
412	1412	2412	-1	11.404771321498217
413	1413	2413	-1	8.992804868819983
414	1414	2414	-1	11.3915372726879
415	1415	2415	-1	9.133472257306774
416	1416	2416	-1	11.323163627105732
417	1417	2417	-1	9.501025107232383
418	1418	2418	-1	10.021926296430983
419	1419	2419	-1	9.931668926155035
420	1420	2420	-1	10.16993497121695
421	1421	2421	-1	9.41131902304436
422	1422	2422	-1	11.086103290828884
423	1423	2423	-1	10.80983920233993
424	1424	2424	-1	9.48159450284476
425	1425	2425	-1	8.980792831542116
426	1426	2426	-1	9.305088338392624
427	1427	2427	-1	7.344157542937221
428	1428	2428	-1	11.476375134173665
429	1429	2429	-1	11.327842807527997
430	1430	2430	-1	8.925886651858715
431	1431	2431	-1	9.540349864952587
432	1432	2432	-1	10.322461643585399
433	1433	2433	-1	9.98897723934154
434	1434	2434	-1	10.079866772726184
435	1435	2435	-1	10.726709204765227
436	1436	2436	-1	10.596199868839893
437	1437	2437	-1	10.784390856455827
438	1438	2438	-1	10.517563550935709
439	1439	2439	-1	10.8980326381299
440	1440	2440	-1	10.34718178146791
441	1441	2441	-1	8.700173544609513
442	1442	2442	-1	9.345245058171216
443	1443	2443	-1	10.391323591354737
444	1444	2444	-1	8.767140961253272
445	1445	2445	-1	9.611817778632156
446	1446	2446	-1	8.395421924330698
447	1447	2447	-1	9.709949256556428
448	1448	2448	-1	9.832047689501547
449	1449	2449	-1	9.722385957235254
450	1450	2450	-1	8.692440192432528
451	1451	2451	-1	9.793656856249946
452	1452	2452	-1	11.271978374203236
453	1453	2453	-1	10.059696508947512
454	1454	2454	-1	10.034429979714602
455	1455	2455	-1	10.743128559418098
456	1456	2456	-1	10.93371206705662
457	1457	2457	-1	10.843977638397645
458	1458	2458	-1	10.442019497789085
459	1459	2459	-1	10.361663650247191
460	1460	2460	-1	10.635206804129805
461	1461	2461	-1	12.040338693528435
462	1462	2462	-1	9.643196095851424
463	1463	2463	-1	9.676623977071165
464	1464	2464	-1	11.303292587264288
465	1465	2465	-1	8.457388793873783
466	1466	2466	-1	10.945793283563496
467	1467	2467	-1	10.325112121207464
468	1468	2468	-1	8.432021359457059
469	1469	2469	-1	9.633757065413073
470	1470	2470	-1	10.541814905427902
471	1471	2471	-1	10.016943601429587
472	1472	2472	-1	10.97530986841113
473	1473	2473	-1	11.62207223094439
474	1474	2474	-1	10.823084630169612
475	1475	2475	-1	10.472622763957737
476	1476	2476	-1	9.907363376221795
477	1477	2477	-1	11.571487351670545
478	1478	2478	-1	9.759037491112576
479	1479	2479	-1	10.70257891470964
480	1480	2480	-1	11.338915076196303
481	1481	2481	-1	9.720340694444165
482	1482	2482	-1	8.127359293106368
483	1483	2483	-1	10.448752442941293
484	1484	2484	-1	10.969004360175271
485	1485	2485	-1	11.699682797628384
486	1486	2486	-1	8.621915564237785
487	1487	2487	-1	9.40356567786389
488	1488	2488	-1	10.978832029624835
489	1489	2489	-1	9.405533012665822
490	1490	2490	-1	9.486194987255653
491	1491	2491	-1	12.501201130832005
492	1492	2492	-1	9.859938536024785
493	1493	2493	-1	10.625801605378088
494	1494	2494	-1	10.079737405187075
495	1495	2495	-1	9.936881099826394
496	1496	2496	-1	11.485006740191263
497	1497	2497	-1	11.095465374853452
498	1498	2498	-1	9.328398769428619
499	1499	2499	-1	10.117158194020963
500	1500	2500	-1	10.591167808357635
501	1501	2501	-1	9.406345441915546
502	1502	2502	-1	8.35229255989761
503	1503	2503	-1	7.680001239823671
504	1504	2504	-1	10.631315422923883
505	1505	2505	-1	9.149398332514531
506	1506	2506	-1	9.688528212077413
507	1507	2507	-1	9.987110466095018
508	1508	2508	-1	10.183581673092057
509	1509	2509	-1	8.763835615858111
510	1510	2510	-1	11.452996987453966
511	1511	2511	-1	9.659834916575045
512	1512	2512	-1	10.574974883626062
513	1513	2513	-1	10.606128633835622
514	1514	2514	-1	9.692044204224215
515	1515	2515	-1	11.152029424227287
516	1516	2516	-1	9.626532367878436
517	1517	2517	-1	10.430223426217404
518	1518	2518	-1	9.08735255053
519	1519	2519	-1	9.562120197008475
520	1520	2520	-1	10.457722736867504
521	1521	2521	-1	10.105200824223438
522	1522	2522	-1	9.32707599431286
523	1523	2523	-1	9.352866942506305
524	1524	2524	-1	10.030671892816727
525	1525	2525	-1	11.04440827962603
526	1526	2526	-1	10.576059137777289
527	1527	2527	-1	11.69050479814064
528	1528	2528	-1	9.48350887207021
529	1529	2529	-1	8.429914520737462
530	1530	2530	-1	9.323827840694992
531	1531	2531	-1	9.72094041605809
532	1532	2532	-1	11.572129656298383
533	1533	2533	-1	10.992783625731688
534	1534	2534	-1	9.661628212541563
535	1535	2535	-1	9.978707187438802
536	1536	2536	-1	10.117209779897575
537	1537	2537	-1	10.22382331403854
538	1538	2538	-1	8.218524762580337
539	1539	2539	-1	9.901778216179418
540	1540	2540	-1	11.64370915675245
541	1541	2541	-1	9.753576989002493
542	1542	2542	-1	10.81226650811692
543	1543	2543	-1	13.508496902353087
544	1544	2544	-1	11.053096112480615
545	1545	2545	-1	10.41042053003867
546	1546	2546	-1	9.901113843006344
547	1547	2547	-1	8.862787383857555
548	1548	2548	-1	11.074740342149154
549	1549	2549	-1	9.98692147883781
550	1550	2550	-1	9.925672134044508
551	1551	2551	-1	10.162125072506008
552	1552	2552	-1	10.009266442823147
553	1553	2553	-1	10.511379060693809
554	1554	2554	-1	7.663925054443448
555	1555	2555	-1	10.461069238186433
556	1556	2556	-1	8.70122171933968
557	1557	2557	-1	11.409223194480846
558	1558	2558	-1	9.458574988096167
559	1559	2559	-1	9.793623447746121
560	1560	2560	-1	10.073291813288595
561	1561	2561	-1	10.71891984311303
562	1562	2562	-1	11.400287970820626
563	1563	2563	-1	10.334651734028244
564	1564	2564	-1	8.709157363079655
565	1565	2565	-1	8.66674168416524
566	1566	2566	-1	9.649904791151966
567	1567	2567	-1	7.04561626350152
568	1568	2568	-1	9.744006105774119
569	1569	2569	-1	11.067421206100384
570	1570	2570	-1	10.675378648564722
571	1571	2571	-1	8.656457558211516
572	1572	2572	-1	10.16546042082204
573	1573	2573	-1	10.857564132547195
574	1574	2574	-1	11.1200696750708
575	1575	2575	-1	11.77672372664615
576	1576	2576	-1	9.18643662280904
577	1577	2577	-1	9.66170172292349
578	1578	2578	-1	10.950051609031085
579	1579	2579	-1	11.020249459855556
580	1580	2580	-1	11.170165995549972
581	1581	2581	-1	9.640776129503397
582	1582	2582	-1	12.002115496945427
583	1583	2583	-1	9.812334660677502
584	1584	2584	-1	9.639447609706453
585	1585	2585	-1	8.747499607770543
586	1586	2586	-1	11.447369041651733
587	1587	2587	-1	8.607778438724313
588	1588	2588	-1	11.151191049413079
589	1589	2589	-1	10.709655783556638
590	1590	2590	-1	10.513106639045823
591	1591	2591	-1	9.762959997170956
592	1592	2592	-1	8.740369241414234
593	1593	2593	-1	10.331206405197339
594	1594	2594	-1	9.47855844044846
595	1595	2595	-1	10.895807301004165
596	1596	2596	-1	9.966712501878456
597	1597	2597	-1	10.780244028542047
598	1598	2598	-1	10.27346262066261
599	1599	2599	-1	10.80722410489706
600	1600	2600	-1	10.23908914207512
601	1601	2601	-1	11.80408390812135
602	1602	2602	-1	11.268476904534548
603	1603	2603	-1	9.191876039482898
604	1604	2604	-1	11.731592916042876
605	1605	2605	-1	10.113913896791859
606	1606	2606	-1	8.27317945149395
607	1607	2607	-1	9.198399839197725
608	1608	2608	-1	9.954350596487197
609	1609	2609	-1	9.125023980541252
610	1610	2610	-1	9.692911963162668
611	1611	2611	-1	9.769206871684952
612	1612	2612	-1	9.730565134986833
613	1613	2613	-1	12.919010105300698
614	1614	2614	-1	11.365479519859099
615	1615	2615	-1	8.580312615512259
616	1616	2616	-1	11.517097908454478
617	1617	2617	-1	9.802102698558798
618	1618	2618	-1	10.223631078040308
619	1619	2619	-1	9.915474214783602
620	1620	2620	-1	9.688754799993639
621	1621	2621	-1	9.881936267820786
622	1622	2622	-1	11.753349168295905
623	1623	2623	-1	9.365489577380139
624	1624	2624	-1	10.41144929661384
625	1625	2625	-1	7.62593258707723
626	1626	2626	-1	9.15182245524753
627	1627	2627	-1	11.231695285881317
628	1628	2628	-1	9.295451041803886
629	1629	2629	-1	9.960011596282245
630	1630	2630	-1	9.347782766244794
631	1631	2631	-1	9.98639924368698
632	1632	2632	-1	11.263534076114523
633	1633	2633	-1	9.236283003841251
634	1634	2634	-1	10.901612243229703
635	1635	2635	-1	9.88953514938033
636	1636	2636	-1	10.131701806546204
637	1637	2637	-1	9.015578021200112
638	1638	2638	-1	10.051439030058194
639	1639	2639	-1	11.470256897762043
640	1640	2640	-1	10.394011842547373
641	1641	2641	-1	9.796804922537412
642	1642	2642	-1	9.037255441560509
643	1643	2643	-1	8.427306160518354
644	1644	2644	-1	10.55681919466394
645	1645	2645	-1	9.559224260795796
646	1646	2646	-1	11.983836382280433
647	1647	2647	-1	10.972352240189725
648	1648	2648	-1	10.546496114234282
649	1649	2649	-1	8.310954147444843
650	1650	2650	-1	11.42477361949268
651	1651	2651	-1	9.352334782163297
652	1652	2652	-1	9.973477072946912
653	1653	2653	-1	9.20785108529639
654	1654	2654	-1	10.647650326375311
655	1655	2655	-1	9.83784718023882
656	1656	2656	-1	10.443793826722693
657	1657	2657	-1	7.871851298662532
658	1658	2658	-1	9.288187365731954
659	1659	2659	-1	10.946103142421562
660	1660	2660	-1	10.277661988938883
661	1661	2661	-1	10.275022642739374
662	1662	2662	-1	10.65029498218358
663	1663	2663	-1	9.744445654242648
664	1664	2664	-1	9.585304234488714
665	1665	2665	-1	9.436366573965033
666	1666	2666	-1	11.290965201381603
667	1667	2667	-1	9.816731400983985
668	1668	2668	-1	10.086243993433087
669	1669	2669	-1	9.192474707044902
670	1670	2670	-1	11.195084874510128
671	1671	2671	-1	10.242613142435836
672	1672	2672	-1	9.631553578857838
673	1673	2673	-1	9.47497957102682
674	1674	2674	-1	9.726924124537716
675	1675	2675	-1	9.975973234442273
676	1676	2676	-1	10.126451350807601
677	1677	2677	-1	8.677486725433845
678	1678	2678	-1	7.50122951254561
679	1679	2679	-1	8.881358154945408
680	1680	2680	-1	9.641013330297216
681	1681	2681	-1	10.853709525204733
682	1682	2682	-1	10.98811357549155
683	1683	2683	-1	9.882960944334645
684	1684	2684	-1	10.975247317538384
685	1685	2685	-1	10.848017389370062
686	1686	2686	-1	11.014777439274305
687	1687	2687	-1	9.391788134096535
688	1688	2688	-1	10.464715813871871
689	1689	2689	-1	10.088208601380492
690	1690	2690	-1	10.456628873063654
691	1691	2691	-1	8.536968301082318
692	1692	2692	-1	10.152894359066881
693	1693	2693	-1	9.985822747802743
694	1694	2694	-1	11.217671088745233
695	1695	2695	-1	8.841629344204016
696	1696	2696	-1	11.645881171641879
697	1697	2697	-1	9.572911294479646
698	1698	2698	-1	10.127888024333455
699	1699	2699	-1	9.808781348203981
700	1700	2700	-1	9.581650109178911
701	1701	2701	-1	10.047572485125249
702	1702	2702	-1	9.007412489913422
703	1703	2703	-1	9.659549858477703
704	1704	2704	-1	9.677157410180262
705	1705	2705	-1	8.488338977642101
706	1706	2706	-1	10.201894330471267
707	1707	2707	-1	10.070335282358158
708	1708	2708	-1	8.893646637116726
709	1709	2709	-1	11.040918526665061
710	1710	2710	-1	8.79323105844862
711	1711	2711	-1	10.497067244627196
712	1712	2712	-1	9.353097717937352
713	1713	2713	-1	8.595159389724158
714	1714	2714	-1	9.232551760309883
715	1715	2715	-1	11.208608827313324
716	1716	2716	-1	9.895283128565108
717	1717	2717	-1	11.857257185033324
718	1718	2718	-1	10.264084092633382
719	1719	2719	-1	9.774836901937233
720	1720	2720	-1	9.689000738780027
721	1721	2721	-1	8.356596574296645
722	1722	2722	-1	9.80889340901548
723	1723	2723	-1	8.647159252460321
724	1724	2724	-1	8.30942402641489
725	1725	2725	-1	9.659518125425457
726	1726	2726	-1	11.047883239869114
727	1727	2727	-1	10.639515797287125
728	1728	2728	-1	10.42875623526251
729	1729	2729	-1	10.853691402729316
730	1730	2730	-1	9.818885459823285
731	1731	2731	-1	9.363050594285212
732	1732	2732	-1	10.942366734678052
733	1733	2733	-1	10.706906217411726
734	1734	2734	-1	9.302248399262044
735	1735	2735	-1	10.140209046972998
736	1736	2736	-1	8.676376385805668
737	1737	2737	-1	10.92153860275163
738	1738	2738	-1	10.350106314076191
739	1739	2739	-1	8.971245901172564
740	1740	2740	-1	6.9879667793778495
741	1741	2741	-1	10.86763921053447
742	1742	2742	-1	8.880170249698315
743	1743	2743	-1	9.677303922727374
744	1744	2744	-1	9.631040421919463
745	1745	2745	-1	10.024272375258203
746	1746	2746	-1	7.3689684351111016
747	1747	2747	-1	10.407706516473565
748	1748	2748	-1	12.323621548867202
749	1749	2749	-1	9.957208925415424
750	1750	2750	-1	11.28877030304244
751	1751	2751	-1	9.786099917531661
752	1752	2752	-1	11.563916755900678
753	1753	2753	-1	8.70438220614732
754	1754	2754	-1	10.180868380901222
755	1755	2755	-1	11.435587680261925
756	1756	2756	-1	8.72295696990483
757	1757	2757	-1	10.786293885780696
758	1758	2758	-1	8.889897451294154
759	1759	2759	-1	9.85993819107086
760	1760	2760	-1	10.487177819613564
761	1761	2761	-1	8.899507908415536
762	1762	2762	-1	7.325222470887211
763	1763	2763	-1	10.179863160639368
764	1764	2764	-1	8.90861825670074
765	1765	2765	-1	9.314279186436268
766	1766	2766	-1	8.8280692423433
767	1767	2767	-1	9.627003278817114
768	1768	2768	-1	9.52907741840714
769	1769	2769	-1	10.000879139500425
770	1770	2770	-1	12.886478964152229
771	1771	2771	-1	9.661989033441543
772	1772	2772	-1	11.705811465833822
773	1773	2773	-1	12.170581965742745
774	1774	2774	-1	10.416546285706323
775	1775	2775	-1	9.093683591385595
776	1776	2776	-1	9.904002760067218
777	1777	2777	-1	10.41102364404018
778	1778	2778	-1	9.369575721664429
779	1779	2779	-1	10.46554021728587
780	1780	2780	-1	10.007598949876233
781	1781	2781	-1	8.56995722236695
782	1782	2782	-1	10.07685560937393
783	1783	2783	-1	9.865539872855512
784	1784	2784	-1	11.586369683107696
785	1785	2785	-1	10.573426742831112
786	1786	2786	-1	10.32093812506791
787	1787	2787	-1	10.733404730656208
788	1788	2788	-1	11.748661581032637
789	1789	2789	-1	8.799820288291572
790	1790	2790	-1	11.34319173111269
791	1791	2791	-1	8.917994639519085
792	1792	2792	-1	9.42825685281133
793	1793	2793	-1	11.016504978860123
794	1794	2794	-1	8.578017502959893
795	1795	2795	-1	8.907754023331295
796	1796	2796	-1	11.15704638711551
797	1797	2797	-1	12.186644416590473
798	1798	2798	-1	9.96683211076635
799	1799	2799	-1	10.99514393919983
800	1800	2800	-1	11.006483588911205
801	1801	2801	-1	8.484507917149994
802	1802	2802	-1	9.43157116189267
803	1803	2803	-1	10.302363869155586
804	1804	2804	-1	10.566572619710515
805	1805	2805	-1	9.6822319121163
806	1806	2806	-1	11.54755516722082
807	1807	2807	-1	9.465588701697072
808	1808	2808	-1	10.696072894358757
809	1809	2809	-1	8.830553149085416
810	1810	2810	-1	10.79829914048273
811	1811	2811	-1	9.814142699994468
812	1812	2812	-1	11.585419777053978
813	1813	2813	-1	9.868620090574485
814	1814	2814	-1	8.029961335412203
815	1815	2815	-1	10.07281157404262
816	1816	2816	-1	9.179897263254698
817	1817	2817	-1	10.593367690965856
818	1818	2818	-1	9.938834238193522
819	1819	2819	-1	10.51603751732267
820	1820	2820	-1	8.858790281686655
821	1821	2821	-1	9.665000653691889
822	1822	2822	-1	9.607004595711622
823	1823	2823	-1	9.263695550637362
824	1824	2824	-1	9.95414669370078
825	1825	2825	-1	10.80711898302602
826	1826	2826	-1	9.420428539539676
827	1827	2827	-1	10.892015661526019
828	1828	2828	-1	10.50074761511994
829	1829	2829	-1	10.291530299190676
830	1830	2830	-1	9.131541713331274
831	1831	2831	-1	9.065425051517957
832	1832	2832	-1	11.01284452253956
833	1833	2833	-1	8.885233876939118
834	1834	2834	-1	8.812609642048454
835	1835	2835	-1	12.054944561576171
836	1836	2836	-1	10.827093064030668
837	1837	2837	-1	9.376122440101664
838	1838	2838	-1	9.433717340675535
839	1839	2839	-1	9.350031948415607
840	1840	2840	-1	10.928415960929046
841	1841	2841	-1	10.438110376830995
842	1842	2842	-1	8.651994408167997
843	1843	2843	-1	8.948453019493984
844	1844	2844	-1	11.623006606096428
845	1845	2845	-1	10.682949461183288
846	1846	2846	-1	11.922540665268258
847	1847	2847	-1	8.466097658861855
848	1848	2848	-1	10.035447515677243
849	1849	2849	-1	11.131696491127082
850	1850	2850	-1	9.443155596299723
851	1851	2851	-1	10.157996375715582
852	1852	2852	-1	10.157219701739479
853	1853	2853	-1	9.486202286170103
854	1854	2854	-1	10.911831232251476
855	1855	2855	-1	159.86058951837978
856	1856	2856	-1	9.00619063744106
857	1857	2857	-1	9.071815619017372
858	1858	2858	-1	10.829520757814057
859	1859	2859	-1	10.100808280821191
860	1860	2860	-1	9.697168004022332
861	1861	2861	-1	8.860504829850635
862	1862	2862	-1	7.8010633097579625
863	1863	2863	-1	11.136091251445801
864	1864	2864	-1	9.013664627501267
865	1865	2865	-1	9.376953632912402
866	1866	2866	-1	10.849221666369093
867	1867	2867	-1	10.042985820273818
868	1868	2868	-1	10.813640441337064
869	1869	2869	-1	10.236282265480233
870	1870	2870	-1	12.002333545742902
871	1871	2871	-1	11.329404457356379
872	1872	2872	-1	9.675597634028769
873	1873	2873	-1	10.488750628170397
874	1874	2874	-1	9.200723635190919
875	1875	2875	-1	9.539466621481317
876	1876	2876	-1	11.164664178687604
877	1877	2877	-1	11.696949745558193
878	1878	2878	-1	10.591281722837689
879	1879	2879	-1	8.730215085050224
880	1880	2880	-1	9.447571747304094
881	1881	2881	-1	10.25597603696746
882	1882	2882	-1	9.016538824852654
883	1883	2883	-1	9.33469518993126
884	1884	2884	-1	10.150837451266534
885	1885	2885	-1	10.495636493873782
886	1886	2886	-1	10.15557275839835
887	1887	2887	-1	9.312488109439354
888	1888	2888	-1	9.85792685785656
889	1889	2889	-1	9.078853443340995
890	1890	2890	-1	10.065000472713557
891	1891	2891	-1	9.548749212523596
892	1892	2892	-1	11.42346473866437
893	1893	2893	-1	11.123546243112331
894	1894	2894	-1	10.527371144248724
895	1895	2895	-1	9.950171048985206
896	1896	2896	-1	10.025769243047431
897	1897	2897	-1	9.850211642197552
898	1898	2898	-1	10.134806885793317
899	1899	2899	-1	9.933198684956867
900	1900	2900	-1	11.919785095614266
901	1901	2901	-1	10.65457674903117
902	1902	2902	-1	8.517091320571623
903	1903	2903	-1	10.96715653714515
904	1904	2904	-1	11.760856203858657
905	1905	2905	-1	9.221070331704198
906	1906	2906	-1	9.719667445816018
907	1907	2907	-1	9.803426747424695
908	1908	2908	-1	11.498179741142884
909	1909	2909	-1	9.134147337922055
910	1910	2910	-1	9.16695147539822
911	1911	2911	-1	9.267271319329343
912	1912	2912	-1	10.87369693555664
913	1913	2913	-1	10.414756735618624
914	1914	2914	-1	11.721759706213305
915	1915	2915	-1	11.535538125829463
916	1916	2916	-1	10.763908061106818
917	1917	2917	-1	9.688102401758368
918	1918	2918	-1	8.679531719066594
919	1919	2919	-1	12.862398843239982
920	1920	2920	-1	9.95253700764749
921	1921	2921	-1	10.330341437546773
922	1922	2922	-1	9.439676894738735
923	1923	2923	-1	9.301919742251247
924	1924	2924	-1	12.583043772339428
925	1925	2925	-1	8.298638010807496
926	1926	2926	-1	9.312407397413445
927	1927	2927	-1	10.02311755599989
928	1928	2928	-1	9.324901095365684
929	1929	2929	-1	10.951407153564377
930	1930	2930	-1	8.933792243478734
931	1931	2931	-1	12.690177632095159
932	1932	2932	-1	12.001752108594026
933	1933	2933	-1	9.791177792833523
934	1934	2934	-1	9.48952413784401
935	1935	2935	-1	10.983716957839885
936	1936	2936	-1	10.915961247265487
937	1937	2937	-1	9.928499227009299
938	1938	2938	-1	11.163662734536066
939	1939	2939	-1	9.497733919296316
940	1940	2940	-1	10.320914274420032
941	1941	2941	-1	10.620508265314962
942	1942	2942	-1	9.641358423289134
943	1943	2943	-1	9.566267622689777
944	1944	2944	-1	11.9974360796096
945	1945	2945	-1	8.81718345945552
946	1946	2946	-1	10.246479182228995
947	1947	2947	-1	9.940047590557494
948	1948	2948	-1	11.34183563048868
949	1949	2949	-1	11.090266892896466
950	1950	2950	-1	10.73941235314628
951	1951	2951	-1	9.24624271586822
952	1952	2952	-1	9.04885458487843
953	1953	2953	-1	10.57065363194131
954	1954	2954	-1	11.310985763194504
955	1955	2955	-1	10.492636525726923
956	1956	2956	-1	8.400748343327662
957	1957	2957	-1	10.814895155351063
958	1958	2958	-1	9.566920253465042
959	1959	2959	-1	10.764552487654933
960	1960	2960	-1	10.057418646495162
961	1961	2961	-1	9.706796348617221
962	1962	2962	-1	10.23644734241746
963	1963	2963	-1	10.380924026631705
964	1964	2964	-1	7.47186321669866
965	1965	2965	-1	9.807042675997057
966	1966	2966	-1	10.406957198212213
967	1967	2967	-1	10.09290449905523
968	1968	2968	-1	9.928907911742881
969	1969	2969	-1	8.387485895635201
970	1970	2970	-1	10.639804749299666
971	1971	2971	-1	9.749863143495759
972	1972	2972	-1	9.140404339904208
973	1973	2973	-1	11.306206478468873
974	1974	2974	-1	10.638128989402158
975	1975	2975	-1	9.715619173884717
976	1976	2976	-1	9.733541470385795
977	1977	2977	-1	10.604457900301997
978	1978	2978	-1	8.714785815796532
979	1979	2979	-1	11.82204071825722
980	1980	2980	-1	7.8689064528516495
981	1981	2981	-1	9.769462209338604
982	1982	2982	-1	9.620479602820225
983	1983	2983	-1	9.178618292714749
984	1984	2984	-1	9.044506827214452
985	1985	2985	-1	8.6000810255789
986	1986	2986	-1	11.177396846339203
987	1987	2987	-1	10.60656021876124
988	1988	2988	-1	9.84180542097635
989	1989	2989	-1	10.10611735284453
990	1990	2990	-1	11.334582816643064
991	1991	2991	-1	11.78483070105348
992	1992	2992	-1	8.319003360719947
993	1993	2993	-1	10.06346650140427
994	1994	2994	-1	11.26808695190375
995	1995	2995	-1	10.267434452490699
996	1996	2996	-1	10.817374711139996
997	1997	2997	-1	8.896507891568318
998	1998	2998	-1	10.803657759758174
999	1999	2999	-1	11.76317024777032
