ind_ID	father_ID	mother_ID	Sex	Phenotype
0	1000	2000	-1	2560.6656664680554
1	1001	2001	-1	2559.2546991688178
2	1002	2002	-1	10.799739929018413
3	1003	2003	-1	10.879618363847335
4	1004	2004	-1	2559.402654042726
5	1005	2005	-1	2559.1427077273424
6	1006	2006	-1	10.063038052319989
7	1007	2007	-1	159.66575857381454
8	1008	2008	-1	159.29924808072926
9	1009	2009	-1	40958.54307039671
10	1010	2010	-1	159.7416004738425
11	1011	2011	-1	2559.453978489957
12	1012	2012	-1	2563.746308969379
13	1013	2013	-1	2560.427436399986
14	1014	2014	-1	158.16101912851968
15	1015	2015	-1	163.25917826825864
16	1016	2016	-1	2558.597192379408
17	1017	2017	-1	159.5821929644139
18	1018	2018	-1	2560.853954444724
19	1019	2019	-1	160.79354068357208
20	1020	2020	-1	40960.040109235204
21	1021	2021	-1	40958.67626949727
22	1022	2022	-1	40962.53211538811
23	1023	2023	-1	40959.779910055775
24	1024	2024	-1	2559.0110067750097
25	1025	2025	-1	40959.476647430776
26	1026	2026	-1	158.38801116758364
27	1027	2027	-1	2559.9656822861252
28	1028	2028	-1	40958.51547581786
29	1029	2029	-1	2559.2136169809487
30	1030	2030	-1	40959.72656908143
31	1031	2031	-1	160.4915754019407
32	1032	2032	-1	2560.3381138892883
33	1033	2033	-1	161.08684453771656
34	1034	2034	-1	159.87229655314178
35	1035	2035	-1	158.57950132706694
36	1036	2036	-1	9.427503029808225
37	1037	2037	-1	40958.992589302594
38	1038	2038	-1	2560.2568525871343
39	1039	2039	-1	159.13383328811574
40	1040	2040	-1	2558.6178194319373
41	1041	2041	-1	160.56217879754604
42	1042	2042	-1	159.33097783611242
43	1043	2043	-1	158.54130376690333
44	1044	2044	-1	159.98213730777195
45	1045	2045	-1	2559.6361823797424
46	1046	2046	-1	2561.92867056399
47	1047	2047	-1	10.098739508223572
48	1048	2048	-1	2560.006753838344
49	1049	2049	-1	40960.62182222134
50	1050	2050	-1	40960.165919935505
51	1051	2051	-1	40959.02497052576
52	1052	2052	-1	9.479841315748919
53	1053	2053	-1	9.03179304037084
54	1054	2054	-1	160.03014942735194
55	1055	2055	-1	40959.97416750818
56	1056	2056	-1	161.18315856190816
57	1057	2057	-1	159.39822212818805
58	1058	2058	-1	2560.589940876137
59	1059	2059	-1	10.65235453296528
60	1060	2060	-1	157.98421696749307
61	1061	2061	-1	40959.91971744388
62	1062	2062	-1	2560.3631267551027
63	1063	2063	-1	2561.298134222947
64	1064	2064	-1	10.173590225413147
65	1065	2065	-1	159.44713732119575
66	1066	2066	-1	161.62981961882107
67	1067	2067	-1	2559.4757969004904
68	1068	2068	-1	159.95415607108757
69	1069	2069	-1	159.16478405328908
70	1070	2070	-1	160.57475680889382
71	1071	2071	-1	160.3190304770215
72	1072	2072	-1	157.92906141728426
73	1073	2073	-1	160.45103494309822
74	1074	2074	-1	11.34884428412754
75	1075	2075	-1	158.59774745194719
76	1076	2076	-1	158.8173795682123
77	1077	2077	-1	40959.41993550493
78	1078	2078	-1	2560.5535287696034
79	1079	2079	-1	40958.307879566644
80	1080	2080	-1	159.77491486971954
81	1081	2081	-1	159.756793041057
82	1082	2082	-1	40961.03361181208
83	1083	2083	-1	2559.893586157583
84	1084	2084	-1	162.48120335157202
85	1085	2085	-1	2559.3645252113793
86	1086	2086	-1	160.67710062806515
87	1087	2087	-1	40960.23261156922
88	1088	2088	-1	9.881173361194579
89	1089	2089	-1	2559.645575576052
90	1090	2090	-1	655359.4564276946
91	1091	2091	-1	160.8756573891444
92	1092	2092	-1	10485758.952033302
93	1093	2093	-1	2559.8952163346607
94	1094	2094	-1	655361.1114112942
95	1095	2095	-1	40959.695261196626
96	1096	2096	-1	159.7210870006443
97	1097	2097	-1	2559.158064795732
98	1098	2098	-1	11.285319499873047
99	1099	2099	-1	159.95760583602342
100	1100	2100	-1	2560.5430805831247
101	1101	2101	-1	158.79533176779807
102	1102	2102	-1	160.66177777442323
103	1103	2103	-1	158.6359244109485
104	1104	2104	-1	158.29130671393173
105	1105	2105	-1	2558.6607533806728
106	1106	2106	-1	2559.2460380964326
107	1107	2107	-1	655360.0796520802
108	1108	2108	-1	159.26710089665698
109	1109	2109	-1	2558.818385549303
110	1110	2110	-1	10.035669844768567
111	1111	2111	-1	655359.1785606525
112	1112	2112	-1	2559.8048085197634
113	1113	2113	-1	2559.812240336357
114	1114	2114	-1	160.27844793231
115	1115	2115	-1	2560.3540353124267
116	1116	2116	-1	2559.6330722339953
117	1117	2117	-1	10.741005708134418
118	1118	2118	-1	40959.57534025777
119	1119	2119	-1	40960.89396898359
120	1120	2120	-1	2560.5432813844873
121	1121	2121	-1	655358.7215933243
122	1122	2122	-1	10.304778898361416
123	1123	2123	-1	2560.194531642456
124	1124	2124	-1	40959.29587197833
125	1125	2125	-1	159.4805188014041
126	1126	2126	-1	159.14219294703793
127	1127	2127	-1	159.93699642586392
128	1128	2128	-1	158.35940146857345
129	1129	2129	-1	160.3484854010133
130	1130	2130	-1	160.53887259621834
131	1131	2131	-1	158.42932786154503
132	1132	2132	-1	2559.3491496078022
133	1133	2133	-1	2560.1547874772214
134	1134	2134	-1	655359.8234508815
135	1135	2135	-1	2560.440615898307
136	1136	2136	-1	11.051048280529303
137	1137	2137	-1	2559.4697801435573
138	1138	2138	-1	160.73283833828964
139	1139	2139	-1	2561.3669732307826
140	1140	2140	-1	40960.47020878671
141	1141	2141	-1	2560.3455793124763
142	1142	2142	-1	159.69873058482395
143	1143	2143	-1	2559.1681247911793
144	1144	2144	-1	158.4766790107293
145	1145	2145	-1	2560.8630287114847
146	1146	2146	-1	9.186658880132605
147	1147	2147	-1	40960.20490712281
148	1148	2148	-1	159.32022811637097
149	1149	2149	-1	2558.583761246649
150	1150	2150	-1	161.21849431868287
151	1151	2151	-1	10.211892984552014
152	1152	2152	-1	158.52038747497082
153	1153	2153	-1	9.879320507014432
154	1154	2154	-1	8.43442927793906
155	1155	2155	-1	2560.5228213113874
156	1156	2156	-1	10485760.033469787
157	1157	2157	-1	40959.34853731809
158	1158	2158	-1	40958.93599480452
159	1159	2159	-1	40959.264472177085
160	1160	2160	-1	160.34748751933233
161	1161	2161	-1	40959.65320274416
162	1162	2162	-1	158.71125497841922
163	1163	2163	-1	2558.9908426117504
164	1164	2164	-1	655361.3368203881
165	1165	2165	-1	160.0442079123437
166	1166	2166	-1	159.38794261007746
167	1167	2167	-1	2560.9354605588496
168	1168	2168	-1	40958.30369614625
169	1169	2169	-1	161.0265262410912
170	1170	2170	-1	40960.66434582941
171	1171	2171	-1	160.34607863091261
172	1172	2172	-1	158.675158998784
173	1173	2173	-1	159.62918973588916
174	1174	2174	-1	2562.4641668048203
175	1175	2175	-1	158.81949489997814
176	1176	2176	-1	159.9673456837861
177	1177	2177	-1	158.25069939844767
178	1178	2178	-1	9.03319676020712
179	1179	2179	-1	2559.2439419962975
180	1180	2180	-1	160.2650574210945
181	1181	2181	-1	10.298290040966135
182	1182	2182	-1	2560.375971474302
183	1183	2183	-1	160.72053183454344
184	1184	2184	-1	159.85414378891144
185	1185	2185	-1	160.1754285664596
186	1186	2186	-1	40959.5080121473
187	1187	2187	-1	8.255961008205022
188	1188	2188	-1	10.33283380168525
189	1189	2189	-1	160.61596591913894
190	1190	2190	-1	2561.6133495791637
191	1191	2191	-1	159.74259301651537
192	1192	2192	-1	160.57105736429497
193	1193	2193	-1	2560.616093399335
194	1194	2194	-1	160.76593017368376
195	1195	2195	-1	161.47476172782964
196	1196	2196	-1	2558.8051722933747
197	1197	2197	-1	158.32087601619293
198	1198	2198	-1	9.181537361046233
199	1199	2199	-1	2561.0526109050656
200	1200	2200	-1	8.493460374414372
201	1201	2201	-1	40960.359944186
202	1202	2202	-1	40961.60785275311
203	1203	2203	-1	159.7730122526347
204	1204	2204	-1	2561.0884528898487
205	1205	2205	-1	159.20760148770893
206	1206	2206	-1	158.64030997685407
207	1207	2207	-1	160.3264462049166
208	1208	2208	-1	40958.32076619482
209	1209	2209	-1	161.84149117263095
210	1210	2210	-1	2559.497548040251
211	1211	2211	-1	2560.696620136134
212	1212	2212	-1	2558.478067292114
213	1213	2213	-1	160.67719923286435
214	1214	2214	-1	2559.552931271091
215	1215	2215	-1	655361.178248776
216	1216	2216	-1	2561.8711582481337
217	1217	2217	-1	10.96881497704036
218	1218	2218	-1	655358.59551374
219	1219	2219	-1	159.50319805898553
220	1220	2220	-1	160.16006825377934
221	1221	2221	-1	160.22269665146754
222	1222	2222	-1	160.41455070586383
223	1223	2223	-1	161.49274573251037
224	1224	2224	-1	158.5602314562234
225	1225	2225	-1	161.53113153604937
226	1226	2226	-1	40958.12381676715
227	1227	2227	-1	2559.433556825011
228	1228	2228	-1	158.5645073302045
229	1229	2229	-1	2560.5590439817433
230	1230	2230	-1	160.56081796744027
231	1231	2231	-1	2559.5233562746434
232	1232	2232	-1	40958.99161391732
233	1233	2233	-1	2560.5688520192252
234	1234	2234	-1	157.87214078208098
235	1235	2235	-1	159.17262913146737
236	1236	2236	-1	2559.097914595082
237	1237	2237	-1	161.66273215379385
238	1238	2238	-1	40961.2294150781
239	1239	2239	-1	2561.386094352345
240	1240	2240	-1	10.257228092799311
241	1241	2241	-1	162.49615050383304
242	1242	2242	-1	2559.5792848656
243	1243	2243	-1	9.283613051266244
244	1244	2244	-1	160.91560726527447
245	1245	2245	-1	40960.23439054178
246	1246	2246	-1	2560.116071676393
247	1247	2247	-1	2557.971783648316
248	1248	2248	-1	10.3860241638537
249	1249	2249	-1	11.387749266007459
250	1250	2250	-1	160.30029784752548
251	1251	2251	-1	11.576775250860212
252	1252	2252	-1	159.67166363473956
253	1253	2253	-1	161.5083383285088
254	1254	2254	-1	11.197362229806373
255	1255	2255	-1	655360.2416657102
256	1256	2256	-1	2559.8932835678816
257	1257	2257	-1	159.19894448750378
258	1258	2258	-1	2558.2413222421883
259	1259	2259	-1	40960.78921124364
260	1260	2260	-1	8.512708441522221
261	1261	2261	-1	160.44507491629827
262	1262	2262	-1	8.515258884196863
263	1263	2263	-1	2561.0894593147905
264	1264	2264	-1	40960.68564272497
265	1265	2265	-1	655359.5551628278
266	1266	2266	-1	40959.36484546927
267	1267	2267	-1	655360.0767874707
268	1268	2268	-1	10.55350099894189
269	1269	2269	-1	2560.220799812231
270	1270	2270	-1	158.66167395905023
271	1271	2271	-1	8.19852792972071
272	1272	2272	-1	159.7243045442513
273	1273	2273	-1	9.765215928529692
274	1274	2274	-1	40959.61626900124
275	1275	2275	-1	158.73204555173749
276	1276	2276	-1	10.223270731179676
277	1277	2277	-1	40960.061248264836
278	1278	2278	-1	2559.190090738937
279	1279	2279	-1	655357.6642681147
280	1280	2280	-1	2559.0229172118197
281	1281	2281	-1	10.238706261902443
282	1282	2282	-1	9.054307866123064
283	1283	2283	-1	159.67322621054598
284	1284	2284	-1	2562.011509204519
285	1285	2285	-1	2560.316141056352
286	1286	2286	-1	2560.259731263078
287	1287	2287	-1	8.09974410833121
288	1288	2288	-1	2559.2957782336334
289	1289	2289	-1	160.05546348543453
290	1290	2290	-1	40960.48430720508
291	1291	2291	-1	161.71555312138346
292	1292	2292	-1	160.75022574490134
293	1293	2293	-1	2560.740998457533
294	1294	2294	-1	161.39850651989866
295	1295	2295	-1	10.594467021709868
296	1296	2296	-1	160.9516852847807
297	1297	2297	-1	2559.7663754908244
298	1298	2298	-1	161.0667361413456
299	1299	2299	-1	2559.998784555446
300	1300	2300	-1	2559.198327164038
301	1301	2301	-1	40960.985984580504
302	1302	2302	-1	8.519990681138875
303	1303	2303	-1	2558.9210994320883
304	1304	2304	-1	40958.65974329162
305	1305	2305	-1	162.2805406542795
306	1306	2306	-1	2561.179162947273
307	1307	2307	-1	159.1713119877685
308	1308	2308	-1	160.74239650288868
309	1309	2309	-1	10.177888797558548
310	1310	2310	-1	10.688157079312589
311	1311	2311	-1	40959.7668476703
312	1312	2312	-1	40961.19815459701
313	1313	2313	-1	159.75639350351688
314	1314	2314	-1	2561.007100152281
315	1315	2315	-1	40961.27620147681
316	1316	2316	-1	159.58765052575083
317	1317	2317	-1	2559.3761060400743
318	1318	2318	-1	159.5027161163975
319	1319	2319	-1	40959.85702208558
320	1320	2320	-1	40961.16564321197
321	1321	2321	-1	158.89404276040275
322	1322	2322	-1	40960.78359801313
323	1323	2323	-1	2558.8028983477693
324	1324	2324	-1	2559.160385570947
325	1325	2325	-1	9.827729408805629
326	1326	2326	-1	2559.2640877001395
327	1327	2327	-1	159.39192301625877
328	1328	2328	-1	10.842129923809999
329	1329	2329	-1	160.27162795700417
330	1330	2330	-1	160.6140969584944
331	1331	2331	-1	2561.43588894419
332	1332	2332	-1	40960.387032760234
333	1333	2333	-1	160.44242705589278
334	1334	2334	-1	162.29709981828415
335	1335	2335	-1	2559.375749412857
336	1336	2336	-1	2559.5917268122334
337	1337	2337	-1	40961.236954202424
338	1338	2338	-1	40961.244253841025
339	1339	2339	-1	40960.25493547533
340	1340	2340	-1	9.84446221652459
341	1341	2341	-1	2559.8848458923626
342	1342	2342	-1	160.30789101910156
343	1343	2343	-1	159.4075914625718
344	1344	2344	-1	2560.402189092934
345	1345	2345	-1	40958.793312430396
346	1346	2346	-1	2561.301382560564
347	1347	2347	-1	2560.1953452389644
348	1348	2348	-1	161.7781612522152
349	1349	2349	-1	40960.628669333295
350	1350	2350	-1	160.04805506641603
351	1351	2351	-1	2559.5113006744805
352	1352	2352	-1	40960.62207953952
353	1353	2353	-1	159.81213697069316
354	1354	2354	-1	2558.965793131827
355	1355	2355	-1	2559.7639339386287
356	1356	2356	-1	157.82515610707793
357	1357	2357	-1	2560.081156665221
358	1358	2358	-1	163.21034439589357
359	1359	2359	-1	9.46216312989908
360	1360	2360	-1	159.5421553513468
361	1361	2361	-1	161.14873699806404
362	1362	2362	-1	11.157320507333928
363	1363	2363	-1	2559.645765236427
364	1364	2364	-1	160.87592961188165
365	1365	2365	-1	655359.9877500015
366	1366	2366	-1	2559.334332386628
367	1367	2367	-1	2559.9300705090154
368	1368	2368	-1	161.04394276178266
369	1369	2369	-1	2559.6066927871348
370	1370	2370	-1	40959.05759559715
371	1371	2371	-1	160.83830277059513
372	1372	2372	-1	159.91987804029594
373	1373	2373	-1	40960.19537150834
374	1374	2374	-1	2559.5419285522817
375	1375	2375	-1	158.20060963462382
376	1376	2376	-1	9.554162010813576
377	1377	2377	-1	10485759.149143163
378	1378	2378	-1	159.7662849290863
379	1379	2379	-1	40959.50460348059
380	1380	2380	-1	10485759.924721789
381	1381	2381	-1	655359.8994607063
382	1382	2382	-1	2558.870337586745
383	1383	2383	-1	9.576348895469781
384	1384	2384	-1	159.99013658655062
385	1385	2385	-1	9.958774679021577
386	1386	2386	-1	2560.6378599631316
387	1387	2387	-1	2559.8536316778573
388	1388	2388	-1	40960.61188701205
389	1389	2389	-1	655358.8936114139
390	1390	2390	-1	2562.3650236023186
391	1391	2391	-1	2559.456195545164
392	1392	2392	-1	2561.53970582381
393	1393	2393	-1	161.22749455056336
394	1394	2394	-1	40959.90156883475
395	1395	2395	-1	158.19874363637777
396	1396	2396	-1	655359.7086821862
397	1397	2397	-1	159.07887039985064
398	1398	2398	-1	9.877020372753265
399	1399	2399	-1	40959.594953911736
400	1400	2400	-1	9.425551879761588
401	1401	2401	-1	2561.790196130265
402	1402	2402	-1	2559.9295427345783
403	1403	2403	-1	2561.366833354385
404	1404	2404	-1	2559.7767112748784
405	1405	2405	-1	655358.4388149303
406	1406	2406	-1	161.57508483822272
407	1407	2407	-1	161.70273518181006
408	1408	2408	-1	2559.9471922773246
409	1409	2409	-1	160.05676154959443
410	1410	2410	-1	10.455846191841218
411	1411	2411	-1	9.487364810776254
412	1412	2412	-1	2560.205887611453
413	1413	2413	-1	8.89423290547729
414	1414	2414	-1	10.201389539668284
415	1415	2415	-1	40960.77937909932
416	1416	2416	-1	40962.115011210524
417	1417	2417	-1	8.919896045943023
418	1418	2418	-1	158.50793573476184
419	1419	2419	-1	160.63227083265858
420	1420	2420	-1	10.403606906816867
421	1421	2421	-1	9.56813614073564
422	1422	2422	-1	10.423228789399174
423	1423	2423	-1	40960.130270477384
424	1424	2424	-1	2558.583383198612
425	1425	2425	-1	2560.8158516002577
426	1426	2426	-1	160.6040486983852
427	1427	2427	-1	2561.538364706311
428	1428	2428	-1	40959.43785236117
429	1429	2429	-1	2560.1836926782757
430	1430	2430	-1	2558.7181621310665
431	1431	2431	-1	40960.370642719856
432	1432	2432	-1	159.6104572886369
433	1433	2433	-1	40960.941950619024
434	1434	2434	-1	40960.72818184247
435	1435	2435	-1	2560.9871607434593
436	1436	2436	-1	2558.637496640791
437	1437	2437	-1	2561.3308590070774
438	1438	2438	-1	40959.91949663037
439	1439	2439	-1	2559.3607209994857
440	1440	2440	-1	40960.23810516328
441	1441	2441	-1	2558.7151439594427
442	1442	2442	-1	10.702099945413218
443	1443	2443	-1	655357.3567967704
444	1444	2444	-1	40959.57543028407
445	1445	2445	-1	2560.101756908747
446	1446	2446	-1	159.32919965823726
447	1447	2447	-1	10.734206818288998
448	1448	2448	-1	2560.2482716998566
449	1449	2449	-1	40960.76587513714
450	1450	2450	-1	2558.8947244042565
451	1451	2451	-1	2559.2620770546787
452	1452	2452	-1	9.60078031468726
453	1453	2453	-1	159.402932751753
454	1454	2454	-1	2559.244863797917
455	1455	2455	-1	40960.41917238477
456	1456	2456	-1	2559.5419466363282
457	1457	2457	-1	11.041325971105136
458	1458	2458	-1	40961.62669927936
459	1459	2459	-1	9.025883635228608
460	1460	2460	-1	8.621651536673665
461	1461	2461	-1	2559.6194710205677
462	1462	2462	-1	655362.1069618912
463	1463	2463	-1	2561.396452232294
464	1464	2464	-1	40960.68851437998
465	1465	2465	-1	2560.620935688149
466	1466	2466	-1	2564.049227086454
467	1467	2467	-1	9.117926813385536
468	1468	2468	-1	160.8885834197751
469	1469	2469	-1	2561.1304270275828
470	1470	2470	-1	2559.6411591895567
471	1471	2471	-1	11.106294831230848
472	1472	2472	-1	40960.05915073116
473	1473	2473	-1	40960.659837744366
474	1474	2474	-1	2560.2400320897673
475	1475	2475	-1	2560.574808992193
476	1476	2476	-1	40961.290087261616
477	1477	2477	-1	2560.1209286069893
478	1478	2478	-1	160.12418576663205
479	1479	2479	-1	159.4632578118346
480	1480	2480	-1	2560.0808867898895
481	1481	2481	-1	2559.4742137653802
482	1482	2482	-1	2560.321473168078
483	1483	2483	-1	40960.61919018596
484	1484	2484	-1	159.25046079985574
485	1485	2485	-1	2559.385650674801
486	1486	2486	-1	2560.6005025847203
487	1487	2487	-1	159.3710466786117
488	1488	2488	-1	2559.216301277507
489	1489	2489	-1	2560.183592720011
490	1490	2490	-1	9.08019327785512
491	1491	2491	-1	158.14318622602852
492	1492	2492	-1	2562.6484394068702
493	1493	2493	-1	2558.431970315393
494	1494	2494	-1	10.259270967377994
495	1495	2495	-1	10485758.689516885
496	1496	2496	-1	2559.666631168897
497	1497	2497	-1	2560.2160459816996
498	1498	2498	-1	655360.9579803443
499	1499	2499	-1	2558.733199445403
500	1500	2500	-1	2559.5968874994096
501	1501	2501	-1	160.83112639348167
502	1502	2502	-1	2558.901488839992
503	1503	2503	-1	40959.95060078355
504	1504	2504	-1	40959.7171346542
505	1505	2505	-1	158.66969600083343
506	1506	2506	-1	10485758.96487181
507	1507	2507	-1	40960.51787404715
508	1508	2508	-1	2558.282070535194
509	1509	2509	-1	40958.55730079802
510	1510	2510	-1	9.618037437957348
511	1511	2511	-1	161.54066206494088
512	1512	2512	-1	9.704928644564351
513	1513	2513	-1	40959.22963356302
514	1514	2514	-1	159.89672003461814
515	1515	2515	-1	160.42211405571493
516	1516	2516	-1	2561.215151950858
517	1517	2517	-1	40960.40648149807
518	1518	2518	-1	158.3124946973974
519	1519	2519	-1	162.2426818589618
520	1520	2520	-1	10.097990076581603
521	1521	2521	-1	2559.34659324668
522	1522	2522	-1	2559.052651210801
523	1523	2523	-1	9.23629877610234
524	1524	2524	-1	2560.8670344013726
525	1525	2525	-1	160.24105910283117
526	1526	2526	-1	161.117198147622
527	1527	2527	-1	2561.312633907496
528	1528	2528	-1	2559.5218202622555
529	1529	2529	-1	40960.45784496841
530	1530	2530	-1	2561.551455221998
531	1531	2531	-1	161.52837680901717
532	1532	2532	-1	160.17786922065403
533	1533	2533	-1	40959.844429143915
534	1534	2534	-1	40958.49911674277
535	1535	2535	-1	40961.14317281911
536	1536	2536	-1	2560.3756642017497
537	1537	2537	-1	10.458280699264044
538	1538	2538	-1	2560.448939911938
539	1539	2539	-1	158.3172687978167
540	1540	2540	-1	40960.135269185004
541	1541	2541	-1	9.958489442647078
542	1542	2542	-1	8.65727464471115
543	1543	2543	-1	161.16587695123567
544	1544	2544	-1	2561.323695187162
545	1545	2545	-1	2559.3404480329705
546	1546	2546	-1	40960.72132364788
547	1547	2547	-1	161.5662336621232
548	1548	2548	-1	9.749504266058413
549	1549	2549	-1	655359.9239042177
550	1550	2550	-1	161.2883030791804
551	1551	2551	-1	2559.554727914574
552	1552	2552	-1	40960.74296828663
553	1553	2553	-1	40959.912860970435
554	1554	2554	-1	655360.4408533438
555	1555	2555	-1	2559.7396664434377
556	1556	2556	-1	159.41481747312875
557	1557	2557	-1	2559.518759241608
558	1558	2558	-1	40961.04497115596
559	1559	2559	-1	40961.47159621025
560	1560	2560	-1	159.7322969732973
561	1561	2561	-1	10.791320564997653
562	1562	2562	-1	11.440576615167785
563	1563	2563	-1	161.11701882813892
564	1564	2564	-1	9.941450670977888
565	1565	2565	-1	9.203925195462372
566	1566	2566	-1	2559.355335298465
567	1567	2567	-1	2559.257260630549
568	1568	2568	-1	11.074449619108735
569	1569	2569	-1	2561.2997125093557
570	1570	2570	-1	2559.769675924921
571	1571	2571	-1	2559.4693600505725
572	1572	2572	-1	2560.0094832289565
573	1573	2573	-1	2559.0579954414707
574	1574	2574	-1	159.64673372385644
575	1575	2575	-1	160.66142022675263
576	1576	2576	-1	9.121647681328502
577	1577	2577	-1	160.13259732143936
578	1578	2578	-1	158.55460780605267
579	1579	2579	-1	10.424106212839536
580	1580	2580	-1	161.3730318350979
581	1581	2581	-1	158.5200501662133
582	1582	2582	-1	2559.670463718163
583	1583	2583	-1	158.26583768825728
584	1584	2584	-1	159.54421627127329
585	1585	2585	-1	40960.96941251558
586	1586	2586	-1	2559.867273369339
587	1587	2587	-1	2560.2093280028507
588	1588	2588	-1	2560.561265566257
589	1589	2589	-1	157.78215556030113
590	1590	2590	-1	9.07785174722789
591	1591	2591	-1	655360.4556116995
592	1592	2592	-1	160.68119892331666
593	1593	2593	-1	40959.78611067324
594	1594	2594	-1	40958.77771523481
595	1595	2595	-1	160.48869320214982
596	1596	2596	-1	159.24512447522136
597	1597	2597	-1	40959.15351291425
598	1598	2598	-1	9.562059308436993
599	1599	2599	-1	157.4846038247798
600	1600	2600	-1	160.01906065663547
601	1601	2601	-1	161.36617529814924
602	1602	2602	-1	40960.94258693752
603	1603	2603	-1	158.92908129060368
604	1604	2604	-1	10.517114330574014
605	1605	2605	-1	40959.32261088436
606	1606	2606	-1	2559.798562094551
607	1607	2607	-1	40957.770405574396
608	1608	2608	-1	2561.6902614201986
609	1609	2609	-1	159.9627191110354
610	1610	2610	-1	159.75210779001102
611	1611	2611	-1	11.788308308921378
612	1612	2612	-1	40959.40179889636
613	1613	2613	-1	160.30511318104627
614	1614	2614	-1	2561.6081962030503
615	1615	2615	-1	2559.9001729663923
616	1616	2616	-1	2558.9119867244435
617	1617	2617	-1	2562.0324365957795
618	1618	2618	-1	159.8091558261336
619	1619	2619	-1	160.72261439651058
620	1620	2620	-1	161.49408444624316
621	1621	2621	-1	159.649452092144
622	1622	2622	-1	40960.750777996465
623	1623	2623	-1	2559.1496488879184
624	1624	2624	-1	2559.508772549484
625	1625	2625	-1	159.21273751123388
626	1626	2626	-1	40961.05604419197
627	1627	2627	-1	40961.070543313
628	1628	2628	-1	10.675524285770896
629	1629	2629	-1	10.425263221463396
630	1630	2630	-1	9.14262292806554
631	1631	2631	-1	2560.233729553035
632	1632	2632	-1	10.985662607924116
633	1633	2633	-1	40961.405706539874
634	1634	2634	-1	40959.77451565315
635	1635	2635	-1	2559.055502229966
636	1636	2636	-1	40960.03298416337
637	1637	2637	-1	10.139410081107133
638	1638	2638	-1	10.98938175760843
639	1639	2639	-1	40960.782606540524
640	1640	2640	-1	2559.502325935722
641	1641	2641	-1	2558.5206865074533
642	1642	2642	-1	2559.894518982816
643	1643	2643	-1	159.9911264316727
644	1644	2644	-1	2560.422697241101
645	1645	2645	-1	7.997628108558412
646	1646	2646	-1	40959.50862963665
647	1647	2647	-1	2559.4722935718246
648	1648	2648	-1	161.46728857622068
649	1649	2649	-1	2559.3087731715877
650	1650	2650	-1	40959.88138477349
651	1651	2651	-1	2560.704183010813
652	1652	2652	-1	9.907522082884558
653	1653	2653	-1	2561.580717105694
654	1654	2654	-1	655359.4967880693
655	1655	2655	-1	2560.1162771055615
656	1656	2656	-1	159.61172434165104
657	1657	2657	-1	160.1828165143117
658	1658	2658	-1	10.677256141017335
659	1659	2659	-1	2560.6122374300794
660	1660	2660	-1	2560.8578169498633
661	1661	2661	-1	159.38758179249382
662	1662	2662	-1	161.0535247285266
663	1663	2663	-1	10.07274256575427
664	1664	2664	-1	40962.32675458736
665	1665	2665	-1	160.17982989816144
666	1666	2666	-1	160.43687797474806
667	1667	2667	-1	40960.07773438461
668	1668	2668	-1	40959.14119695517
669	1669	2669	-1	2558.9216937877827
670	1670	2670	-1	161.42951320042886
671	1671	2671	-1	159.81676441919078
672	1672	2672	-1	161.56769026916507
673	1673	2673	-1	655358.461521407
674	1674	2674	-1	8.963335665087362
675	1675	2675	-1	655361.9365923982
676	1676	2676	-1	40959.51808203714
677	1677	2677	-1	655360.2829943046
678	1678	2678	-1	158.9645610222264
679	1679	2679	-1	160.29480969731853
680	1680	2680	-1	160.23439223742315
681	1681	2681	-1	655359.7996863724
682	1682	2682	-1	2559.23853207907
683	1683	2683	-1	161.33598481502906
684	1684	2684	-1	160.53694698205143
685	1685	2685	-1	160.47035801098403
686	1686	2686	-1	10.749569870026765
687	1687	2687	-1	2561.353123744939
688	1688	2688	-1	8.98913472522025
689	1689	2689	-1	160.2990886605704
690	1690	2690	-1	2559.783130024568
691	1691	2691	-1	2559.391003673289
692	1692	2692	-1	2560.9388288240466
693	1693	2693	-1	2560.94753646164
694	1694	2694	-1	2561.2555137555923
695	1695	2695	-1	161.07495510716956
696	1696	2696	-1	8.870699049503958
697	1697	2697	-1	10.927271126666808
698	1698	2698	-1	9.974405246331315
699	1699	2699	-1	9.362238937620925
700	1700	2700	-1	159.1514766939203
701	1701	2701	-1	11.565952776394344
702	1702	2702	-1	10485758.774510022
703	1703	2703	-1	2560.4951260284615
704	1704	2704	-1	40958.154381023625
705	1705	2705	-1	159.70612784885532
706	1706	2706	-1	40960.704526433336
707	1707	2707	-1	161.1101962949815
708	1708	2708	-1	655359.4400867606
709	1709	2709	-1	160.01232988261984
710	1710	2710	-1	161.75472775097893
711	1711	2711	-1	162.2855858978464
712	1712	2712	-1	2560.2657613645592
713	1713	2713	-1	9.62639168989053
714	1714	2714	-1	158.73528941400141
715	1715	2715	-1	2560.322482377109
716	1716	2716	-1	2561.028340094996
717	1717	2717	-1	159.388710194764
718	1718	2718	-1	2560.0485606882803
719	1719	2719	-1	2560.747298581059
720	1720	2720	-1	160.05538353211654
721	1721	2721	-1	10.697096022512929
722	1722	2722	-1	9.059387066824312
723	1723	2723	-1	2559.0396099471473
724	1724	2724	-1	10.061355542716738
725	1725	2725	-1	2562.3455796496073
726	1726	2726	-1	161.97280059742133
727	1727	2727	-1	159.51835305018395
728	1728	2728	-1	2560.7395567651547
729	1729	2729	-1	159.95795114444232
730	1730	2730	-1	8.543508103368461
731	1731	2731	-1	159.88518219066842
732	1732	2732	-1	2560.3521667403857
733	1733	2733	-1	158.87230760271711
734	1734	2734	-1	2559.82745458835
735	1735	2735	-1	9.57521274802269
736	1736	2736	-1	40960.811394167795
737	1737	2737	-1	40960.07126338352
738	1738	2738	-1	160.88091484851722
739	1739	2739	-1	160.26319102984877
740	1740	2740	-1	40960.47235072288
741	1741	2741	-1	40960.35360470844
742	1742	2742	-1	161.03534828977396
743	1743	2743	-1	655360.6171039476
744	1744	2744	-1	2559.5183220575996
745	1745	2745	-1	10.42515075474348
746	1746	2746	-1	11.406931528798694
747	1747	2747	-1	2561.5878482225507
748	1748	2748	-1	40960.945716728536
749	1749	2749	-1	2560.070872672006
750	1750	2750	-1	2558.5459029445524
751	1751	2751	-1	9.874547344856232
752	1752	2752	-1	2559.137629405521
753	1753	2753	-1	8.785642791244907
754	1754	2754	-1	160.27023228790856
755	1755	2755	-1	159.70160533264456
756	1756	2756	-1	2559.903381210345
757	1757	2757	-1	159.53704462039244
758	1758	2758	-1	9.86485256599796
759	1759	2759	-1	11.187250887491057
760	1760	2760	-1	2558.7638615682094
761	1761	2761	-1	655360.3421252078
762	1762	2762	-1	2561.1389314071407
763	1763	2763	-1	161.50425577255135
764	1764	2764	-1	2558.8163542539232
765	1765	2765	-1	655361.3124080054
766	1766	2766	-1	2559.6664927689962
767	1767	2767	-1	2560.4030662119967
768	1768	2768	-1	9.345201051411053
769	1769	2769	-1	161.44464183099586
770	1770	2770	-1	159.80797179095052
771	1771	2771	-1	2558.962202992815
772	1772	2772	-1	160.12097807280094
773	1773	2773	-1	158.48678269074927
774	1774	2774	-1	2562.117873336098
775	1775	2775	-1	2559.3909247004117
776	1776	2776	-1	10485760.332161484
777	1777	2777	-1	40959.36754502143
778	1778	2778	-1	159.63945892634436
779	1779	2779	-1	159.2001820351973
780	1780	2780	-1	159.2730646741682
781	1781	2781	-1	11.72223381023303
782	1782	2782	-1	160.24911390516613
783	1783	2783	-1	2560.710717793635
784	1784	2784	-1	160.64882618637438
785	1785	2785	-1	9.957949174826421
786	1786	2786	-1	10.778369001539025
787	1787	2787	-1	160.61014263700136
788	1788	2788	-1	40958.54871999123
789	1789	2789	-1	10.944699759880491
790	1790	2790	-1	158.52361908677975
791	1791	2791	-1	10485759.801430108
792	1792	2792	-1	160.9728767730614
793	1793	2793	-1	158.86278958001776
794	1794	2794	-1	2560.686140043984
795	1795	2795	-1	160.02300068686532
796	1796	2796	-1	2559.7432487897427
797	1797	2797	-1	159.86116259648125
798	1798	2798	-1	9.316782489609555
799	1799	2799	-1	160.2527096234458
800	1800	2800	-1	9.222135927293905
801	1801	2801	-1	40960.40985367732
802	1802	2802	-1	2560.077813027211
803	1803	2803	-1	8.848916611604647
804	1804	2804	-1	161.21228187456236
805	1805	2805	-1	159.98944155684305
806	1806	2806	-1	2559.2601896054184
807	1807	2807	-1	10.036341267464788
808	1808	2808	-1	161.01181193484115
809	1809	2809	-1	655360.073615221
810	1810	2810	-1	40961.336063514136
811	1811	2811	-1	9.67754448060126
812	1812	2812	-1	40960.41670606949
813	1813	2813	-1	159.51513912480965
814	1814	2814	-1	2558.457244735139
815	1815	2815	-1	160.32880954349667
816	1816	2816	-1	2559.343021800471
817	1817	2817	-1	2560.3433480102267
818	1818	2818	-1	159.7132737125263
819	1819	2819	-1	9.593991048125483
820	1820	2820	-1	160.27858448851916
821	1821	2821	-1	160.7107067442987
822	1822	2822	-1	158.04808308024488
823	1823	2823	-1	2560.980988590118
824	1824	2824	-1	159.22510858506038
825	1825	2825	-1	161.852558023351
826	1826	2826	-1	10.406448275220585
827	1827	2827	-1	159.59855406807085
828	1828	2828	-1	160.25066380448584
829	1829	2829	-1	11.298866739864767
830	1830	2830	-1	2558.2219778137983
831	1831	2831	-1	655359.7675279744
832	1832	2832	-1	2562.268971880448
833	1833	2833	-1	655358.12974936
834	1834	2834	-1	160.38886691379633
835	1835	2835	-1	159.61845482249691
836	1836	2836	-1	9.310851588068848
837	1837	2837	-1	159.83256636947638
838	1838	2838	-1	160.17011255737387
839	1839	2839	-1	160.24044336456814
840	1840	2840	-1	40959.28147830381
841	1841	2841	-1	2562.0143699631817
842	1842	2842	-1	655359.116851229
843	1843	2843	-1	2559.720563044172
844	1844	2844	-1	2560.031633962407
845	1845	2845	-1	160.68144150516568
846	1846	2846	-1	10.896714979010875
847	1847	2847	-1	655359.9491293353
848	1848	2848	-1	159.82283705994658
849	1849	2849	-1	159.5355920071866
850	1850	2850	-1	2559.336110219304
851	1851	2851	-1	40959.58923653175
852	1852	2852	-1	156.8884814336382
853	1853	2853	-1	9.0365963235015
854	1854	2854	-1	2561.6683254346053
855	1855	2855	-1	160.4908209423231
856	1856	2856	-1	159.7983867788429
857	1857	2857	-1	160.69163631051106
858	1858	2858	-1	2560.866079473266
859	1859	2859	-1	159.46457630144877
860	1860	2860	-1	40959.606940549966
861	1861	2861	-1	160.61246416877148
862	1862	2862	-1	10.65169418222748
863	1863	2863	-1	11.50569676623453
864	1864	2864	-1	2560.461384366888
865	1865	2865	-1	655361.2779666258
866	1866	2866	-1	655357.7861470557
867	1867	2867	-1	2558.900378714647
868	1868	2868	-1	2561.280654095764
869	1869	2869	-1	161.03487026940147
870	1870	2870	-1	2560.33862828028
871	1871	2871	-1	2559.6408874614644
872	1872	2872	-1	2558.8447739962317
873	1873	2873	-1	2558.5261040876558
874	1874	2874	-1	11.634832236606117
875	1875	2875	-1	9.406809524993726
876	1876	2876	-1	10485758.326605529
877	1877	2877	-1	2561.027604636711
878	1878	2878	-1	161.2889980158011
879	1879	2879	-1	162.1699392959426
880	1880	2880	-1	10.90897558883315
881	1881	2881	-1	11.0583903218402
882	1882	2882	-1	2560.569173100586
883	1883	2883	-1	2560.1754600037857
884	1884	2884	-1	159.04895442818307
885	1885	2885	-1	159.6522883350008
886	1886	2886	-1	160.12731025478064
887	1887	2887	-1	2560.467808272443
888	1888	2888	-1	160.40609495761646
889	1889	2889	-1	655362.5642240795
890	1890	2890	-1	2560.002639374356
891	1891	2891	-1	161.62209121696935
892	1892	2892	-1	2559.384112374726
893	1893	2893	-1	10.288105479156114
894	1894	2894	-1	8.980680257874289
895	1895	2895	-1	2559.8164545451787
896	1896	2896	-1	159.86905654643238
897	1897	2897	-1	10485761.290496632
898	1898	2898	-1	10485761.016390149
899	1899	2899	-1	655360.751591948
900	1900	2900	-1	159.6641279831955
901	1901	2901	-1	161.03552424276438
902	1902	2902	-1	40957.85163066423
903	1903	2903	-1	655358.8537764725
904	1904	2904	-1	2557.7314227662473
905	1905	2905	-1	40960.34659103218
906	1906	2906	-1	2560.595652101281
907	1907	2907	-1	9.672772594662005
908	1908	2908	-1	159.98668470904124
909	1909	2909	-1	2560.2924553057846
910	1910	2910	-1	9.969421626330655
911	1911	2911	-1	40959.36032030699
912	1912	2912	-1	2559.8519830278096
913	1913	2913	-1	2561.5627338246313
914	1914	2914	-1	2562.249241871461
915	1915	2915	-1	2559.155693326062
916	1916	2916	-1	2559.777036483429
917	1917	2917	-1	9.79008884659407
918	1918	2918	-1	40959.174435132365
919	1919	2919	-1	160.85782483342444
920	1920	2920	-1	40957.95173681928
921	1921	2921	-1	40960.66665807506
922	1922	2922	-1	40960.94855665725
923	1923	2923	-1	2560.8793990955755
924	1924	2924	-1	2561.8827591823256
925	1925	2925	-1	11.453024789852723
926	1926	2926	-1	2558.7971838528647
927	1927	2927	-1	2560.751771674544
928	1928	2928	-1	40961.07545079257
929	1929	2929	-1	2558.879683704254
930	1930	2930	-1	2559.456431371824
931	1931	2931	-1	10485760.690111266
932	1932	2932	-1	40960.746574172685
933	1933	2933	-1	40960.405658853444
934	1934	2934	-1	2558.543192582396
935	1935	2935	-1	2559.817600935562
936	1936	2936	-1	2560.338634589141
937	1937	2937	-1	159.8667323800782
938	1938	2938	-1	10.653340923242986
939	1939	2939	-1	161.01296101548022
940	1940	2940	-1	10.800077270971808
941	1941	2941	-1	2559.758605238951
942	1942	2942	-1	160.60830861691068
943	1943	2943	-1	158.98771783240423
944	1944	2944	-1	2561.2675754221423
945	1945	2945	-1	159.93159291461757
946	1946	2946	-1	11.996068011946903
947	1947	2947	-1	159.81970387308553
948	1948	2948	-1	9.963556337140623
949	1949	2949	-1	2558.717634628462
950	1950	2950	-1	2560.789329865862
951	1951	2951	-1	8.191534181240149
952	1952	2952	-1	40959.02211644127
953	1953	2953	-1	160.9956154490587
954	1954	2954	-1	2560.57938489333
955	1955	2955	-1	159.84782780363568
956	1956	2956	-1	40959.11345779711
957	1957	2957	-1	161.35753057705216
958	1958	2958	-1	2558.4834329428645
959	1959	2959	-1	2558.9943118519927
960	1960	2960	-1	40959.75837976656
961	1961	2961	-1	2560.447042753749
962	1962	2962	-1	2561.3675872892427
963	1963	2963	-1	655359.9250344448
964	1964	2964	-1	160.95769039409913
965	1965	2965	-1	159.15461286375617
966	1966	2966	-1	2558.2802598396493
967	1967	2967	-1	40958.922775221494
968	1968	2968	-1	10.939649169586069
969	1969	2969	-1	40959.52854187504
970	1970	2970	-1	655360.6690502403
971	1971	2971	-1	40959.26066428817
972	1972	2972	-1	10.713224943758258
973	1973	2973	-1	159.71607041734373
974	1974	2974	-1	2560.6315873301064
975	1975	2975	-1	2558.5982695593816
976	1976	2976	-1	158.45826401173713
977	1977	2977	-1	2560.3045510369243
978	1978	2978	-1	40960.79338168799
979	1979	2979	-1	2560.4204082065644
980	1980	2980	-1	2560.8934016795224
981	1981	2981	-1	2559.2835769402363
982	1982	2982	-1	9.518931490010864
983	1983	2983	-1	9.625835446779245
984	1984	2984	-1	161.02817586047644
985	1985	2985	-1	2559.480684495471
986	1986	2986	-1	158.24122320509744
987	1987	2987	-1	159.5348889548967
988	1988	2988	-1	2556.602710440608
989	1989	2989	-1	40958.54088245666
990	1990	2990	-1	40960.8238699043
991	1991	2991	-1	159.97604282274642
992	1992	2992	-1	2560.5972759216693
993	1993	2993	-1	2560.782514315401
994	1994	2994	-1	159.1089288781216
995	1995	2995	-1	160.3044355386003
996	1996	2996	-1	2560.3198798546796
997	1997	2997	-1	161.03229094744836
998	1998	2998	-1	2560.8801798430472
999	1999	2999	-1	2559.8148023686663
