ind_ID	father_ID	mother_ID	Sex	Phenotype
0	1000	2000	-1	640.590335401025
1	1001	2001	-1	80.68271128096069
2	1002	2002	-1	80.3446334635178
3	1003	2003	-1	9.107945344025373
4	1004	2004	-1	83.16986320188299
5	1005	2005	-1	639.2622802975627
6	1006	2006	-1	5120.555343062984
7	1007	2007	-1	5120.687829459448
8	1008	2008	-1	10.687147101509906
9	1009	2009	-1	9.784933286890926
10	1010	2010	-1	79.76965587796344
11	1011	2011	-1	81.60559768051492
12	1012	2012	-1	5119.033554030471
13	1013	2013	-1	640.8852154430255
14	1014	2014	-1	80.31597028036265
15	1015	2015	-1	639.0654365383377
16	1016	2016	-1	80.77894256985924
17	1017	2017	-1	640.1993774066461
18	1018	2018	-1	78.41677887097994
19	1019	2019	-1	641.1776080942425
20	1020	2020	-1	80.28747776030501
21	1021	2021	-1	78.90734189513236
22	1022	2022	-1	640.6346344200446
23	1023	2023	-1	79.8866339316369
24	1024	2024	-1	5119.569229329328
25	1025	2025	-1	80.72478113145753
26	1026	2026	-1	640.6053501232634
27	1027	2027	-1	5119.712896286782
28	1028	2028	-1	5119.790121384844
29	1029	2029	-1	82.00288734125517
30	1030	2030	-1	9.50909242446303
31	1031	2031	-1	79.1382777705005
32	1032	2032	-1	640.7002368074126
33	1033	2033	-1	40959.677559735035
34	1034	2034	-1	78.22256749595668
35	1035	2035	-1	5120.040353376763
36	1036	2036	-1	639.9536159961152
37	1037	2037	-1	80.46172562516051
38	1038	2038	-1	80.55350602610694
39	1039	2039	-1	639.1834857734442
40	1040	2040	-1	639.8081734793341
41	1041	2041	-1	80.1571296659792
42	1042	2042	-1	5119.169171738415
43	1043	2043	-1	5120.819991190237
44	1044	2044	-1	80.4976447050327
45	1045	2045	-1	82.26547423052432
46	1046	2046	-1	640.492590947842
47	1047	2047	-1	79.5824353728221
48	1048	2048	-1	640.7691432607318
49	1049	2049	-1	641.4957915939973
50	1050	2050	-1	639.7929908150516
51	1051	2051	-1	10.266270144378502
52	1052	2052	-1	639.5699050403402
53	1053	2053	-1	640.7586265005733
54	1054	2054	-1	639.4872673060095
55	1055	2055	-1	5119.416279169019
56	1056	2056	-1	5120.403355009408
57	1057	2057	-1	80.08792520420658
58	1058	2058	-1	82.32740160474317
59	1059	2059	-1	79.84361867716473
60	1060	2060	-1	641.3507159535392
61	1061	2061	-1	5118.681969294642
62	1062	2062	-1	81.07244937856017
63	1063	2063	-1	640.8447387515062
64	1064	2064	-1	642.0254341155318
65	1065	2065	-1	5119.851797434557
66	1066	2066	-1	637.8682221738992
67	1067	2067	-1	638.4280326381381
68	1068	2068	-1	79.56782875479836
69	1069	2069	-1	79.12625035581968
70	1070	2070	-1	639.5918514289492
71	1071	2071	-1	79.57435854516497
72	1072	2072	-1	80.33385895782776
73	1073	2073	-1	10.374106395927718
74	1074	2074	-1	79.9690967580099
75	1075	2075	-1	5119.976823827262
76	1076	2076	-1	5118.947331902704
77	1077	2077	-1	81.02178921968593
78	1078	2078	-1	5121.842768394415
79	1079	2079	-1	638.6212288045766
80	1080	2080	-1	79.27963593212857
81	1081	2081	-1	79.16461779478925
82	1082	2082	-1	79.13436318708314
83	1083	2083	-1	5120.254094471891
84	1084	2084	-1	640.0290344062721
85	1085	2085	-1	642.7010023624133
86	1086	2086	-1	638.3134644856494
87	1087	2087	-1	639.5168261765566
88	1088	2088	-1	5120.773357530704
89	1089	2089	-1	640.9149809241497
90	1090	2090	-1	641.1251668779054
91	1091	2091	-1	640.732816150027
92	1092	2092	-1	638.7571632230167
93	1093	2093	-1	81.21457204730575
94	1094	2094	-1	10.317586669243546
95	1095	2095	-1	5120.584959249208
96	1096	2096	-1	79.16496016133297
97	1097	2097	-1	78.70739081711454
98	1098	2098	-1	79.14027825451534
99	1099	2099	-1	79.68435015836333
100	1100	2100	-1	638.3752173734771
101	1101	2101	-1	640.5954764580329
102	1102	2102	-1	5119.110319625257
103	1103	2103	-1	40960.23109728348
104	1104	2104	-1	637.1838912521292
105	1105	2105	-1	641.5387507779517
106	1106	2106	-1	79.92987189197945
107	1107	2107	-1	5117.819964638065
108	1108	2108	-1	40959.45700178456
109	1109	2109	-1	641.4434747534393
110	1110	2110	-1	639.622023209728
111	1111	2111	-1	12.553585799652883
112	1112	2112	-1	80.04549711008983
113	1113	2113	-1	5121.0727234180085
114	1114	2114	-1	5118.830416309708
115	1115	2115	-1	640.6296685455156
116	1116	2116	-1	327681.3298436973
117	1117	2117	-1	81.02289272414136
118	1118	2118	-1	639.4248094875247
119	1119	2119	-1	8.317919146676681
120	1120	2120	-1	79.4819570527272
121	1121	2121	-1	640.54083374008
122	1122	2122	-1	641.404031401517
123	1123	2123	-1	5119.568992477315
124	1124	2124	-1	640.5909097722863
125	1125	2125	-1	5121.638111000174
126	1126	2126	-1	640.0862498302724
127	1127	2127	-1	639.9741512698181
128	1128	2128	-1	327679.21907550615
129	1129	2129	-1	79.39842890360995
130	1130	2130	-1	640.4348780233423
131	1131	2131	-1	5118.760602478924
132	1132	2132	-1	640.2375678608452
133	1133	2133	-1	10.33514777624356
134	1134	2134	-1	40958.572212485764
135	1135	2135	-1	10.227547210040987
136	1136	2136	-1	639.5968885347972
137	1137	2137	-1	9.316856868970545
138	1138	2138	-1	640.114737132427
139	1139	2139	-1	78.8332933920946
140	1140	2140	-1	5121.370290555931
141	1141	2141	-1	78.83539604601127
142	1142	2142	-1	10.204372465431243
143	1143	2143	-1	81.04824884164788
144	1144	2144	-1	40958.54333642399
145	1145	2145	-1	10.605818932954122
146	1146	2146	-1	79.96858872372299
147	1147	2147	-1	639.5388727746233
148	1148	2148	-1	79.95191593143488
149	1149	2149	-1	5120.742976366933
150	1150	2150	-1	5118.688201162025
151	1151	2151	-1	79.18398096633634
152	1152	2152	-1	80.61368468581186
153	1153	2153	-1	80.36016196360023
154	1154	2154	-1	78.8521634445431
155	1155	2155	-1	80.57329207630012
156	1156	2156	-1	40959.74508607322
157	1157	2157	-1	640.2358825549163
158	1158	2158	-1	639.8102876146243
159	1159	2159	-1	81.46938529523749
160	1160	2160	-1	79.3009582664855
161	1161	2161	-1	639.6344699193878
162	1162	2162	-1	637.8453105926453
163	1163	2163	-1	5118.772173766106
164	1164	2164	-1	5121.025092228876
165	1165	2165	-1	640.9877559930213
166	1166	2166	-1	80.03537030836875
167	1167	2167	-1	81.57585576521288
168	1168	2168	-1	80.2870499527811
169	1169	2169	-1	81.66544021953513
170	1170	2170	-1	79.98808452157594
171	1171	2171	-1	638.0497644379305
172	1172	2172	-1	640.2351664993696
173	1173	2173	-1	81.10075497335649
174	1174	2174	-1	79.71176340562562
175	1175	2175	-1	5120.990133819413
176	1176	2176	-1	327678.64021041937
177	1177	2177	-1	40959.57740644426
178	1178	2178	-1	639.8896908565562
179	1179	2179	-1	642.0349416296277
180	1180	2180	-1	639.9532784130251
181	1181	2181	-1	639.7003687189716
182	1182	2182	-1	78.95753251326632
183	1183	2183	-1	79.52108479393387
184	1184	2184	-1	640.1992750979257
185	1185	2185	-1	11.318169201402277
186	1186	2186	-1	639.3173541358486
187	1187	2187	-1	5120.996484038685
188	1188	2188	-1	5119.835358215289
189	1189	2189	-1	641.1812429379678
190	1190	2190	-1	638.0302323986725
191	1191	2191	-1	5121.470394674781
192	1192	2192	-1	5118.756323366645
193	1193	2193	-1	5121.149348865049
194	1194	2194	-1	78.97817574808062
195	1195	2195	-1	639.8007224224112
196	1196	2196	-1	10.653049402052332
197	1197	2197	-1	639.6535750489933
198	1198	2198	-1	641.0899754486211
199	1199	2199	-1	10.456137843270186
200	1200	2200	-1	5120.775576173767
201	1201	2201	-1	10.819419399256285
202	1202	2202	-1	10.359683648113775
203	1203	2203	-1	640.2928188606734
204	1204	2204	-1	80.81808478302571
205	1205	2205	-1	40960.90579829834
206	1206	2206	-1	640.0786927267998
207	1207	2207	-1	5121.143222558614
208	1208	2208	-1	640.449147117709
209	1209	2209	-1	639.4909959095563
210	1210	2210	-1	5120.850878691738
211	1211	2211	-1	9.880260584910426
212	1212	2212	-1	81.40042530686142
213	1213	2213	-1	10.486053131016586
214	1214	2214	-1	79.08689503039454
215	1215	2215	-1	10.005306082365406
216	1216	2216	-1	640.4140111845246
217	1217	2217	-1	640.1615939539362
218	1218	2218	-1	80.49886719267663
219	1219	2219	-1	80.06467772453736
220	1220	2220	-1	79.59965440517058
221	1221	2221	-1	639.943208057443
222	1222	2222	-1	640.7092982882192
223	1223	2223	-1	5119.835518017435
224	1224	2224	-1	81.50141681168823
225	1225	2225	-1	10.596064267250002
226	1226	2226	-1	78.65962992578977
227	1227	2227	-1	81.31118617985008
228	1228	2228	-1	8.475807580197497
229	1229	2229	-1	80.32563029985397
230	1230	2230	-1	5118.265616553458
231	1231	2231	-1	80.53318615934359
232	1232	2232	-1	638.8972315512514
233	1233	2233	-1	81.30072376255659
234	1234	2234	-1	8.935908295335997
235	1235	2235	-1	81.25650717163424
236	1236	2236	-1	641.3159692953546
237	1237	2237	-1	639.7701688341238
238	1238	2238	-1	5119.07420212396
239	1239	2239	-1	640.0206744659248
240	1240	2240	-1	80.58899054589658
241	1241	2241	-1	5120.458686281872
242	1242	2242	-1	641.0763532423391
243	1243	2243	-1	79.98139357031133
244	1244	2244	-1	640.9086883786117
245	1245	2245	-1	5120.104864153971
246	1246	2246	-1	640.6817828288133
247	1247	2247	-1	639.6629238663037
248	1248	2248	-1	79.80669705087942
249	1249	2249	-1	10.382451948966287
250	1250	2250	-1	640.019459497893
251	1251	2251	-1	9.697751420916637
252	1252	2252	-1	639.5333080744077
253	1253	2253	-1	639.7521976496254
254	1254	2254	-1	40960.161573854464
255	1255	2255	-1	80.64531903648376
256	1256	2256	-1	11.803364361494237
257	1257	2257	-1	80.65289737509869
258	1258	2258	-1	79.39870373907794
259	1259	2259	-1	5120.325277184808
260	1260	2260	-1	79.74666070044202
261	1261	2261	-1	81.29724791268156
262	1262	2262	-1	79.25046973410458
263	1263	2263	-1	639.6184861251604
264	1264	2264	-1	40958.694383438866
265	1265	2265	-1	5119.492369774412
266	1266	2266	-1	9.169467860916686
267	1267	2267	-1	638.3087183724563
268	1268	2268	-1	327679.05179653235
269	1269	2269	-1	79.12245063328191
270	1270	2270	-1	5119.724712760855
271	1271	2271	-1	5119.871945687376
272	1272	2272	-1	9.70064126060951
273	1273	2273	-1	79.36904359632716
274	1274	2274	-1	80.60321742485043
275	1275	2275	-1	40961.16750362858
276	1276	2276	-1	639.9964408866066
277	1277	2277	-1	10.130463731072673
278	1278	2278	-1	640.7995026026721
279	1279	2279	-1	40961.257907048464
280	1280	2280	-1	640.069853472743
281	1281	2281	-1	80.82336465908269
282	1282	2282	-1	10.914774751430974
283	1283	2283	-1	639.3880658066084
284	1284	2284	-1	641.0175650634336
285	1285	2285	-1	639.5204831528581
286	1286	2286	-1	40960.07760373815
287	1287	2287	-1	9.956902786790097
288	1288	2288	-1	641.6763131406893
289	1289	2289	-1	80.25293236296076
290	1290	2290	-1	639.8070444591689
291	1291	2291	-1	79.60162118676679
292	1292	2292	-1	40959.01004176651
293	1293	2293	-1	639.5673738622891
294	1294	2294	-1	5119.030721118687
295	1295	2295	-1	5120.52827530326
296	1296	2296	-1	9.840219885416445
297	1297	2297	-1	5118.73576144015
298	1298	2298	-1	640.7991138775085
299	1299	2299	-1	5120.447111753504
300	1300	2300	-1	5118.7823797986375
301	1301	2301	-1	79.98523501570325
302	1302	2302	-1	638.7887693784337
303	1303	2303	-1	78.82167415719474
304	1304	2304	-1	639.8494574025402
305	1305	2305	-1	40959.93742611916
306	1306	2306	-1	79.2987976011647
307	1307	2307	-1	641.344420233293
308	1308	2308	-1	79.37682557059864
309	1309	2309	-1	5119.603063172412
310	1310	2310	-1	79.90449319635952
311	1311	2311	-1	9.924554253408717
312	1312	2312	-1	79.02699211194572
313	1313	2313	-1	5119.487800886669
314	1314	2314	-1	638.9199096636103
315	1315	2315	-1	40961.1387767411
316	1316	2316	-1	639.4512039944397
317	1317	2317	-1	640.4828949975703
318	1318	2318	-1	40959.645557692216
319	1319	2319	-1	640.7860784350797
320	1320	2320	-1	639.7854876449771
321	1321	2321	-1	11.126333664268934
322	1322	2322	-1	5119.338003353623
323	1323	2323	-1	40960.220539196496
324	1324	2324	-1	639.5425780460727
325	1325	2325	-1	80.46936161622138
326	1326	2326	-1	5119.42133550412
327	1327	2327	-1	81.7310563431002
328	1328	2328	-1	5120.282167212847
329	1329	2329	-1	639.929434439329
330	1330	2330	-1	80.08795820140892
331	1331	2331	-1	5120.30653202552
332	1332	2332	-1	80.07013860574632
333	1333	2333	-1	78.86750369801757
334	1334	2334	-1	5120.767252640295
335	1335	2335	-1	78.48877284339044
336	1336	2336	-1	639.9388773323204
337	1337	2337	-1	5117.4712841454675
338	1338	2338	-1	79.91103136718652
339	1339	2339	-1	80.85801116157991
340	1340	2340	-1	40960.670283358355
341	1341	2341	-1	81.20225014040265
342	1342	2342	-1	5120.513875790525
343	1343	2343	-1	5120.047393862597
344	1344	2344	-1	80.4401551120976
345	1345	2345	-1	639.9042967418259
346	1346	2346	-1	11.03593909013006
347	1347	2347	-1	9.254295199219804
348	1348	2348	-1	5120.4862798340855
349	1349	2349	-1	640.3841818059864
350	1350	2350	-1	80.01896681432848
351	1351	2351	-1	79.04170348701552
352	1352	2352	-1	8.719774193186717
353	1353	2353	-1	641.6745878486922
354	1354	2354	-1	641.3816147697789
355	1355	2355	-1	640.5992249801095
356	1356	2356	-1	5119.704169076778
357	1357	2357	-1	638.1108247372861
358	1358	2358	-1	9.910093449351226
359	1359	2359	-1	641.497236939705
360	1360	2360	-1	640.8547219967438
361	1361	2361	-1	40958.6203291692
362	1362	2362	-1	80.20751240813999
363	1363	2363	-1	80.54043194083972
364	1364	2364	-1	5120.023498061364
365	1365	2365	-1	640.1756908992303
366	1366	2366	-1	638.5030286798434
367	1367	2367	-1	80.63056898125089
368	1368	2368	-1	80.8978024223543
369	1369	2369	-1	639.1736886386534
370	1370	2370	-1	79.49256047790611
371	1371	2371	-1	40959.24292902221
372	1372	2372	-1	639.833115994331
373	1373	2373	-1	5120.352027393614
374	1374	2374	-1	79.75504518430573
375	1375	2375	-1	5120.067770868383
376	1376	2376	-1	5121.886774184504
377	1377	2377	-1	640.889127384346
378	1378	2378	-1	78.65997071132522
379	1379	2379	-1	639.233544215198
380	1380	2380	-1	40959.54169358334
381	1381	2381	-1	640.5481122664299
382	1382	2382	-1	5120.215962992747
383	1383	2383	-1	80.16535683416099
384	1384	2384	-1	11.978835750223352
385	1385	2385	-1	5121.5518743991115
386	1386	2386	-1	78.10272599401466
387	1387	2387	-1	9.513814982164595
388	1388	2388	-1	639.3568505836552
389	1389	2389	-1	640.330885036288
390	1390	2390	-1	11.191667132196141
391	1391	2391	-1	642.122877043821
392	1392	2392	-1	80.20559575087913
393	1393	2393	-1	639.6324490075651
394	1394	2394	-1	10.054544633362553
395	1395	2395	-1	80.17709587905506
396	1396	2396	-1	641.5022319391848
397	1397	2397	-1	639.5150462998728
398	1398	2398	-1	79.74422791560183
399	1399	2399	-1	80.26248201983307
400	1400	2400	-1	79.88848923513827
401	1401	2401	-1	78.6802034670455
402	1402	2402	-1	5119.806005984275
403	1403	2403	-1	40958.64988709053
404	1404	2404	-1	5120.186274386571
405	1405	2405	-1	79.3805632467232
406	1406	2406	-1	40961.85377162438
407	1407	2407	-1	81.8956297786326
408	1408	2408	-1	40959.864675500445
409	1409	2409	-1	327681.3543088347
410	1410	2410	-1	80.48388285398742
411	1411	2411	-1	640.232170150172
412	1412	2412	-1	641.0021881637736
413	1413	2413	-1	639.4277226121235
414	1414	2414	-1	639.5250877489934
415	1415	2415	-1	640.096964145927
416	1416	2416	-1	640.7278410449289
417	1417	2417	-1	639.0080698961378
418	1418	2418	-1	639.2165837598096
419	1419	2419	-1	639.457788872648
420	1420	2420	-1	5121.067990649602
421	1421	2421	-1	79.06423923901819
422	1422	2422	-1	639.7935467572047
423	1423	2423	-1	5121.103962324484
424	1424	2424	-1	80.84897067240261
425	1425	2425	-1	640.4881972310061
426	1426	2426	-1	639.0298888083768
427	1427	2427	-1	640.7283211363749
428	1428	2428	-1	642.1166449977933
429	1429	2429	-1	79.7119403182712
430	1430	2430	-1	80.40453433029428
431	1431	2431	-1	640.9549497926816
432	1432	2432	-1	7.943423288743304
433	1433	2433	-1	639.6165560988169
434	1434	2434	-1	638.5594449209556
435	1435	2435	-1	8.757926529076052
436	1436	2436	-1	640.8035743233908
437	1437	2437	-1	639.9275727887779
438	1438	2438	-1	639.1966521174983
439	1439	2439	-1	5118.901859822838
440	1440	2440	-1	640.0321937617556
441	1441	2441	-1	79.84500293114478
442	1442	2442	-1	5119.178072723564
443	1443	2443	-1	5119.071940829491
444	1444	2444	-1	40959.97159316594
445	1445	2445	-1	640.1711884298381
446	1446	2446	-1	78.13059349787406
447	1447	2447	-1	9.221497227896096
448	1448	2448	-1	5120.40943155122
449	1449	2449	-1	78.95739252703758
450	1450	2450	-1	40961.21682895452
451	1451	2451	-1	80.97616291536539
452	1452	2452	-1	79.97207767708323
453	1453	2453	-1	79.97117853951164
454	1454	2454	-1	640.1739870235725
455	1455	2455	-1	79.06601657260423
456	1456	2456	-1	642.2921232293921
457	1457	2457	-1	9.935619040175272
458	1458	2458	-1	80.6779415505776
459	1459	2459	-1	5119.050076347215
460	1460	2460	-1	10.394651636794173
461	1461	2461	-1	81.92483199216572
462	1462	2462	-1	78.84294179883453
463	1463	2463	-1	79.40213613092719
464	1464	2464	-1	639.2255909367072
465	1465	2465	-1	79.8039711513545
466	1466	2466	-1	5119.74504413848
467	1467	2467	-1	641.0710329979281
468	1468	2468	-1	641.7017522752318
469	1469	2469	-1	640.0988207983821
470	1470	2470	-1	639.0593506205942
471	1471	2471	-1	81.22988106858072
472	1472	2472	-1	639.8580966242481
473	1473	2473	-1	81.22582247996786
474	1474	2474	-1	639.5059054958813
475	1475	2475	-1	5117.902596767797
476	1476	2476	-1	5119.553814488137
477	1477	2477	-1	639.5850469999106
478	1478	2478	-1	40961.30219131878
479	1479	2479	-1	81.30883724656705
480	1480	2480	-1	80.56383115477868
481	1481	2481	-1	78.93334010638185
482	1482	2482	-1	5120.447538658849
483	1483	2483	-1	639.1647856317338
484	1484	2484	-1	640.1081828888261
485	1485	2485	-1	5120.707558450824
486	1486	2486	-1	79.19013986629713
487	1487	2487	-1	80.42495728646938
488	1488	2488	-1	5121.420319547872
489	1489	2489	-1	79.90993468279403
490	1490	2490	-1	78.7706674667754
491	1491	2491	-1	639.629762397452
492	1492	2492	-1	5119.436875673076
493	1493	2493	-1	79.46205502634335
494	1494	2494	-1	639.0486951418776
495	1495	2495	-1	5120.104303466661
496	1496	2496	-1	639.636681127612
497	1497	2497	-1	639.9268267498929
498	1498	2498	-1	5119.130084678822
499	1499	2499	-1	639.9761639201369
500	1500	2500	-1	640.9722471184128
501	1501	2501	-1	79.00072148514099
502	1502	2502	-1	5121.148087824896
503	1503	2503	-1	640.1589372520708
504	1504	2504	-1	5120.247137994674
505	1505	2505	-1	40957.97013336496
506	1506	2506	-1	639.2559480324834
507	1507	2507	-1	40958.8566343277
508	1508	2508	-1	40961.72422203818
509	1509	2509	-1	640.5465290718207
510	1510	2510	-1	5120.590551160156
511	1511	2511	-1	79.76521868172244
512	1512	2512	-1	5120.391002156744
513	1513	2513	-1	10.162910736755041
514	1514	2514	-1	5118.116665338624
515	1515	2515	-1	641.1110697644483
516	1516	2516	-1	639.5279485252762
517	1517	2517	-1	639.3579600845313
518	1518	2518	-1	79.4351754689765
519	1519	2519	-1	639.8539360037984
520	1520	2520	-1	638.9392003161151
521	1521	2521	-1	80.79471627909443
522	1522	2522	-1	78.9770146791624
523	1523	2523	-1	640.7001522966559
524	1524	2524	-1	642.115457113047
525	1525	2525	-1	80.34201852282139
526	1526	2526	-1	5118.671475290867
527	1527	2527	-1	639.9131183227096
528	1528	2528	-1	5120.512891530821
529	1529	2529	-1	639.8927416103132
530	1530	2530	-1	79.6498030963548
531	1531	2531	-1	80.88217074511607
532	1532	2532	-1	5118.919538962052
533	1533	2533	-1	8.925598410569737
534	1534	2534	-1	9.805543176982184
535	1535	2535	-1	79.65967573553574
536	1536	2536	-1	641.2596050100057
537	1537	2537	-1	5120.516363864287
538	1538	2538	-1	81.18852877962216
539	1539	2539	-1	80.59545908600955
540	1540	2540	-1	638.664450337686
541	1541	2541	-1	5118.806379751011
542	1542	2542	-1	80.32118154279888
543	1543	2543	-1	640.1993743772513
544	1544	2544	-1	5119.505478686058
545	1545	2545	-1	5119.809555279943
546	1546	2546	-1	10.205662690285447
547	1547	2547	-1	5117.916376722539
548	1548	2548	-1	10.646094721297061
549	1549	2549	-1	5120.6236496961765
550	1550	2550	-1	638.1626158225984
551	1551	2551	-1	641.3270696051171
552	1552	2552	-1	640.5012752762032
553	1553	2553	-1	5120.844783681471
554	1554	2554	-1	638.393288703319
555	1555	2555	-1	11.555531306265243
556	1556	2556	-1	637.9446253953151
557	1557	2557	-1	79.47622688584329
558	1558	2558	-1	79.6288137909335
559	1559	2559	-1	5120.758253235697
560	1560	2560	-1	79.0951495177024
561	1561	2561	-1	82.33761950689401
562	1562	2562	-1	79.96313857875626
563	1563	2563	-1	640.2933756946342
564	1564	2564	-1	640.4105347628097
565	1565	2565	-1	80.10964350841144
566	1566	2566	-1	640.3151206735037
567	1567	2567	-1	40959.71842964824
568	1568	2568	-1	40959.54570665388
569	1569	2569	-1	78.68920698037199
570	1570	2570	-1	5119.494850393131
571	1571	2571	-1	5120.391032315741
572	1572	2572	-1	639.6974634482726
573	1573	2573	-1	79.6606023448018
574	1574	2574	-1	638.9993616913564
575	1575	2575	-1	639.33362983892
576	1576	2576	-1	639.5021073986497
577	1577	2577	-1	640.1151404189219
578	1578	2578	-1	638.635457890501
579	1579	2579	-1	5117.947960794175
580	1580	2580	-1	79.46424375181624
581	1581	2581	-1	40960.352842601016
582	1582	2582	-1	640.4192412967983
583	1583	2583	-1	78.45204232481167
584	1584	2584	-1	9.40992714011026
585	1585	2585	-1	5120.946323644317
586	1586	2586	-1	78.87301651477998
587	1587	2587	-1	79.41410872108081
588	1588	2588	-1	5119.404678789424
589	1589	2589	-1	5120.440798473524
590	1590	2590	-1	11.281041642040446
591	1591	2591	-1	40959.885377701685
592	1592	2592	-1	640.2228448296797
593	1593	2593	-1	641.562029509992
594	1594	2594	-1	78.93132044045478
595	1595	2595	-1	10.169850096825494
596	1596	2596	-1	640.9465401792604
597	1597	2597	-1	640.0097932218032
598	1598	2598	-1	10.592544533261453
599	1599	2599	-1	5120.964779415806
600	1600	2600	-1	639.3894241860482
601	1601	2601	-1	79.50749183170267
602	1602	2602	-1	80.32778556282827
603	1603	2603	-1	10.415386532762605
604	1604	2604	-1	9.4533024055143
605	1605	2605	-1	5120.735152080168
606	1606	2606	-1	79.44430690698469
607	1607	2607	-1	639.346235860637
608	1608	2608	-1	641.3161616731671
609	1609	2609	-1	80.64122515092359
610	1610	2610	-1	79.96221047879861
611	1611	2611	-1	5118.124975269541
612	1612	2612	-1	10.40049983426342
613	1613	2613	-1	81.14579196956232
614	1614	2614	-1	639.3370889520569
615	1615	2615	-1	78.8683693473759
616	1616	2616	-1	81.4189690753383
617	1617	2617	-1	641.8605372871226
618	1618	2618	-1	10.714038701095202
619	1619	2619	-1	639.8564696914661
620	1620	2620	-1	642.1316342862815
621	1621	2621	-1	5117.650580153875
622	1622	2622	-1	638.7320614975035
623	1623	2623	-1	639.4913046840651
624	1624	2624	-1	79.84628903789266
625	1625	2625	-1	5119.181971615847
626	1626	2626	-1	11.010534415172518
627	1627	2627	-1	639.774585770684
628	1628	2628	-1	79.40354783133166
629	1629	2629	-1	5120.965212740369
630	1630	2630	-1	640.5261983817986
631	1631	2631	-1	5120.221765285964
632	1632	2632	-1	5121.190992555791
633	1633	2633	-1	637.9441902829282
634	1634	2634	-1	79.41771533065643
635	1635	2635	-1	9.998953765390935
636	1636	2636	-1	10.043816973306654
637	1637	2637	-1	5122.8020237235105
638	1638	2638	-1	640.4157690185101
639	1639	2639	-1	5121.553107905698
640	1640	2640	-1	640.1900314749836
641	1641	2641	-1	79.5125279133501
642	1642	2642	-1	639.3799088900902
643	1643	2643	-1	9.808258547032358
644	1644	2644	-1	640.0035999437839
645	1645	2645	-1	641.6823961234194
646	1646	2646	-1	79.6669457935707
647	1647	2647	-1	80.63685571326566
648	1648	2648	-1	638.8220119636951
649	1649	2649	-1	640.5261343110307
650	1650	2650	-1	9.520538637645135
651	1651	2651	-1	80.17192148100705
652	1652	2652	-1	9.774429211152823
653	1653	2653	-1	640.3915215648931
654	1654	2654	-1	639.7014601393713
655	1655	2655	-1	637.4775270222972
656	1656	2656	-1	81.51318009229732
657	1657	2657	-1	639.8372931483171
658	1658	2658	-1	639.3136037394396
659	1659	2659	-1	5119.980382018929
660	1660	2660	-1	5119.184824860973
661	1661	2661	-1	40960.000222435374
662	1662	2662	-1	81.20065887465036
663	1663	2663	-1	638.8420652106691
664	1664	2664	-1	8.794934353635478
665	1665	2665	-1	11.30121421037438
666	1666	2666	-1	5119.9225264003
667	1667	2667	-1	639.9937831200085
668	1668	2668	-1	327680.34824605065
669	1669	2669	-1	641.2618941423783
670	1670	2670	-1	639.577757492486
671	1671	2671	-1	79.87629105461514
672	1672	2672	-1	639.0163440813534
673	1673	2673	-1	9.745161513002786
674	1674	2674	-1	640.75520103324
675	1675	2675	-1	643.3835757900696
676	1676	2676	-1	77.90335533470106
677	1677	2677	-1	82.28083067135178
678	1678	2678	-1	640.3054307581666
679	1679	2679	-1	80.06365596454067
680	1680	2680	-1	640.1159963190087
681	1681	2681	-1	5120.370751763735
682	1682	2682	-1	640.5625189221533
683	1683	2683	-1	5118.644131532113
684	1684	2684	-1	641.0082257225358
685	1685	2685	-1	78.84848688516868
686	1686	2686	-1	640.9643195973474
687	1687	2687	-1	11.28753503988542
688	1688	2688	-1	9.091374398371256
689	1689	2689	-1	79.90112153189635
690	1690	2690	-1	639.6168863406776
691	1691	2691	-1	640.1291701512599
692	1692	2692	-1	639.6461999594369
693	1693	2693	-1	640.4093371976525
694	1694	2694	-1	639.4621103859166
695	1695	2695	-1	640.3853129746389
696	1696	2696	-1	79.38842975997345
697	1697	2697	-1	639.2371179165681
698	1698	2698	-1	80.55097883778541
699	1699	2699	-1	9.710172312540877
700	1700	2700	-1	639.1507731951232
701	1701	2701	-1	81.04006942305985
702	1702	2702	-1	639.0557979252637
703	1703	2703	-1	5120.71694304293
704	1704	2704	-1	640.6380346265461
705	1705	2705	-1	40960.22282630495
706	1706	2706	-1	5119.615234537303
707	1707	2707	-1	5119.83187494
708	1708	2708	-1	80.53489116855792
709	1709	2709	-1	40959.95950991104
710	1710	2710	-1	79.24520267253541
711	1711	2711	-1	5119.035953549811
712	1712	2712	-1	640.4223801489679
713	1713	2713	-1	5119.548734468842
714	1714	2714	-1	5120.840352598072
715	1715	2715	-1	640.2417534701763
716	1716	2716	-1	9.61526725710092
717	1717	2717	-1	79.47171432474738
718	1718	2718	-1	640.0543212653697
719	1719	2719	-1	78.53968991368026
720	1720	2720	-1	5119.977120361285
721	1721	2721	-1	5119.020086174643
722	1722	2722	-1	81.55118913649879
723	1723	2723	-1	9.423083214431921
724	1724	2724	-1	638.038640030586
725	1725	2725	-1	79.78097431817793
726	1726	2726	-1	9.961793650880796
727	1727	2727	-1	40961.30781886437
728	1728	2728	-1	639.2418757599302
729	1729	2729	-1	9.608375537904973
730	1730	2730	-1	9.465056628551924
731	1731	2731	-1	79.0036985166594
732	1732	2732	-1	79.38455923064618
733	1733	2733	-1	80.60859215930844
734	1734	2734	-1	5122.1046987892705
735	1735	2735	-1	9.731693782730606
736	1736	2736	-1	78.32154399272152
737	1737	2737	-1	639.1640132548284
738	1738	2738	-1	79.33368076287066
739	1739	2739	-1	639.2721815754619
740	1740	2740	-1	9.55443131782532
741	1741	2741	-1	78.96842671422951
742	1742	2742	-1	80.75056391826332
743	1743	2743	-1	81.13955291694833
744	1744	2744	-1	79.47488269775204
745	1745	2745	-1	10.792134775122461
746	1746	2746	-1	40959.76447135908
747	1747	2747	-1	639.571936692992
748	1748	2748	-1	639.9636062452857
749	1749	2749	-1	8.698396423048806
750	1750	2750	-1	639.1300362069476
751	1751	2751	-1	40960.08064479177
752	1752	2752	-1	5121.983673289222
753	1753	2753	-1	5118.670111974616
754	1754	2754	-1	640.1381615964083
755	1755	2755	-1	40961.768011196
756	1756	2756	-1	5119.2102631377675
757	1757	2757	-1	639.4992735967742
758	1758	2758	-1	79.48990965267348
759	1759	2759	-1	5118.928447287384
760	1760	2760	-1	5119.176032567606
761	1761	2761	-1	639.9132348881441
762	1762	2762	-1	80.1787725746006
763	1763	2763	-1	5120.646300435368
764	1764	2764	-1	81.0809836210411
765	1765	2765	-1	40959.711098009146
766	1766	2766	-1	80.69274804111568
767	1767	2767	-1	78.54953152979081
768	1768	2768	-1	79.13063060598637
769	1769	2769	-1	642.5494141229166
770	1770	2770	-1	5121.004583452379
771	1771	2771	-1	5119.617008057969
772	1772	2772	-1	5119.688298790648
773	1773	2773	-1	5119.768180156563
774	1774	2774	-1	40960.35909342283
775	1775	2775	-1	637.4103235811455
776	1776	2776	-1	80.43249561321731
777	1777	2777	-1	640.5463555274431
778	1778	2778	-1	5120.187066190488
779	1779	2779	-1	638.9135049314184
780	1780	2780	-1	639.5765917959046
781	1781	2781	-1	10.452610099445186
782	1782	2782	-1	640.0287610712412
783	1783	2783	-1	79.23593572514157
784	1784	2784	-1	639.9814015978287
785	1785	2785	-1	79.9671376620493
786	1786	2786	-1	79.63466317648052
787	1787	2787	-1	82.17961809901426
788	1788	2788	-1	637.1390277590762
789	1789	2789	-1	640.0553478687028
790	1790	2790	-1	640.6252872097199
791	1791	2791	-1	641.9050016550709
792	1792	2792	-1	80.53089126448306
793	1793	2793	-1	80.97836426715165
794	1794	2794	-1	640.2150122946407
795	1795	2795	-1	640.6238969749012
796	1796	2796	-1	79.94838475003702
797	1797	2797	-1	5121.364852728611
798	1798	2798	-1	5121.110324974309
799	1799	2799	-1	5118.072198494885
800	1800	2800	-1	80.90312818600341
801	1801	2801	-1	639.715194561847
802	1802	2802	-1	81.33127447181863
803	1803	2803	-1	80.38758501715408
804	1804	2804	-1	81.4454917410748
805	1805	2805	-1	79.82028530995738
806	1806	2806	-1	641.0505451687749
807	1807	2807	-1	79.53268024922362
808	1808	2808	-1	637.5582618037469
809	1809	2809	-1	80.98783222255146
810	1810	2810	-1	640.0639138559637
811	1811	2811	-1	641.4812882585636
812	1812	2812	-1	640.5886266215931
813	1813	2813	-1	11.435044329907953
814	1814	2814	-1	10.418027407812861
815	1815	2815	-1	5120.413547204237
816	1816	2816	-1	639.5387902530282
817	1817	2817	-1	9.712320391877013
818	1818	2818	-1	5119.588505807276
819	1819	2819	-1	5119.493947649227
820	1820	2820	-1	81.55352686561264
821	1821	2821	-1	40959.646271312304
822	1822	2822	-1	80.1738629674857
823	1823	2823	-1	639.8359243378328
824	1824	2824	-1	80.2672610256843
825	1825	2825	-1	79.5708292737723
826	1826	2826	-1	81.59031175927541
827	1827	2827	-1	9.718527458161521
828	1828	2828	-1	641.1309046259541
829	1829	2829	-1	5119.213161854821
830	1830	2830	-1	40960.54780232295
831	1831	2831	-1	641.4167067186424
832	1832	2832	-1	5120.68547991141
833	1833	2833	-1	639.0223752341216
834	1834	2834	-1	40960.33133226209
835	1835	2835	-1	5122.082908504981
836	1836	2836	-1	81.37326813051261
837	1837	2837	-1	79.14274635387231
838	1838	2838	-1	80.27721333444083
839	1839	2839	-1	5120.1372346297485
840	1840	2840	-1	5119.182438216945
841	1841	2841	-1	78.96148851357296
842	1842	2842	-1	5118.872932618617
843	1843	2843	-1	640.4049207328129
844	1844	2844	-1	641.146119268199
845	1845	2845	-1	79.92313877990765
846	1846	2846	-1	5119.610396873367
847	1847	2847	-1	640.176707767842
848	1848	2848	-1	5121.5175642141685
849	1849	2849	-1	640.370699991265
850	1850	2850	-1	80.36739795089038
851	1851	2851	-1	5119.695605819668
852	1852	2852	-1	81.11276114023667
853	1853	2853	-1	10.621481639860239
854	1854	2854	-1	639.8405478284601
855	1855	2855	-1	640.2497355344788
856	1856	2856	-1	641.9245804532964
857	1857	2857	-1	78.82023250880245
858	1858	2858	-1	11.89824592178759
859	1859	2859	-1	640.7467134656332
860	1860	2860	-1	2621439.3075961624
861	1861	2861	-1	639.9795014626873
862	1862	2862	-1	639.0992624494075
863	1863	2863	-1	79.37671632480848
864	1864	2864	-1	9.906425198376478
865	1865	2865	-1	639.7316187260604
866	1866	2866	-1	80.37276648941878
867	1867	2867	-1	79.86734148746363
868	1868	2868	-1	9.936201867807991
869	1869	2869	-1	79.80679199817983
870	1870	2870	-1	640.2021793334254
871	1871	2871	-1	5122.072138777212
872	1872	2872	-1	40958.994463761905
873	1873	2873	-1	5120.402537301716
874	1874	2874	-1	11.009010852693194
875	1875	2875	-1	40958.90021765553
876	1876	2876	-1	5120.406087431245
877	1877	2877	-1	639.4004437865415
878	1878	2878	-1	80.95552649036955
879	1879	2879	-1	80.944887348417
880	1880	2880	-1	6.92539164027849
881	1881	2881	-1	640.3774014648394
882	1882	2882	-1	81.47399090512089
883	1883	2883	-1	639.2884441477983
884	1884	2884	-1	79.39058821445208
885	1885	2885	-1	5121.631283918074
886	1886	2886	-1	639.7135601691524
887	1887	2887	-1	9.393938378096735
888	1888	2888	-1	79.27715317812616
889	1889	2889	-1	79.50746010527183
890	1890	2890	-1	640.3129800148608
891	1891	2891	-1	5119.2723435933
892	1892	2892	-1	79.87577032602672
893	1893	2893	-1	40958.637114036115
894	1894	2894	-1	8.577899407420167
895	1895	2895	-1	5120.574379028194
896	1896	2896	-1	79.28475737410095
897	1897	2897	-1	5118.935362961096
898	1898	2898	-1	5118.666239442687
899	1899	2899	-1	12.34494872635629
900	1900	2900	-1	79.3429162944093
901	1901	2901	-1	639.6285822839919
902	1902	2902	-1	5120.463161926317
903	1903	2903	-1	8.746513191331985
904	1904	2904	-1	5121.0410081454975
905	1905	2905	-1	640.7750265894332
906	1906	2906	-1	82.27498741669625
907	1907	2907	-1	79.78562178901366
908	1908	2908	-1	5119.889306665234
909	1909	2909	-1	641.4846431901269
910	1910	2910	-1	5120.686248350829
911	1911	2911	-1	5119.2055459013445
912	1912	2912	-1	639.0395484236193
913	1913	2913	-1	5121.727852892762
914	1914	2914	-1	81.86517505278417
915	1915	2915	-1	639.4532506596362
916	1916	2916	-1	5118.9536035360525
917	1917	2917	-1	639.770533260804
918	1918	2918	-1	81.09682468307498
919	1919	2919	-1	5120.554597495438
920	1920	2920	-1	79.40953681561446
921	1921	2921	-1	79.7388717100425
922	1922	2922	-1	8.660247034672397
923	1923	2923	-1	10.19206743932665
924	1924	2924	-1	80.01160199504336
925	1925	2925	-1	639.2741381809643
926	1926	2926	-1	639.1058970887433
927	1927	2927	-1	77.53053201566487
928	1928	2928	-1	11.213350073535281
929	1929	2929	-1	82.44666848536453
930	1930	2930	-1	80.4937218213821
931	1931	2931	-1	79.8472094616238
932	1932	2932	-1	640.4002424241326
933	1933	2933	-1	639.3064684975295
934	1934	2934	-1	40961.07903458153
935	1935	2935	-1	640.943363456494
936	1936	2936	-1	5119.538992878887
937	1937	2937	-1	79.68395051151926
938	1938	2938	-1	639.3125464344589
939	1939	2939	-1	639.8145422037122
940	1940	2940	-1	10.765227645034642
941	1941	2941	-1	81.46172613047916
942	1942	2942	-1	641.215096622936
943	1943	2943	-1	80.05175198423899
944	1944	2944	-1	8.50824740315532
945	1945	2945	-1	80.12777206670255
946	1946	2946	-1	639.2483733440552
947	1947	2947	-1	638.8142586289239
948	1948	2948	-1	639.4303312388186
949	1949	2949	-1	79.84342464912537
950	1950	2950	-1	639.3189573698672
951	1951	2951	-1	641.0269087859152
952	1952	2952	-1	640.9534751319289
953	1953	2953	-1	5119.872085169717
954	1954	2954	-1	79.7083778323367
955	1955	2955	-1	5118.217159383193
956	1956	2956	-1	40959.40485465826
957	1957	2957	-1	640.0760054834068
958	1958	2958	-1	40959.523020614666
959	1959	2959	-1	5117.1249156092135
960	1960	2960	-1	5120.28945506493
961	1961	2961	-1	640.4338555287936
962	1962	2962	-1	5119.264393047161
963	1963	2963	-1	78.76390255506367
964	1964	2964	-1	10.946635174305548
965	1965	2965	-1	5120.659784555139
966	1966	2966	-1	78.6272146203675
967	1967	2967	-1	80.22218732249122
968	1968	2968	-1	79.23424796423733
969	1969	2969	-1	9.686529870357614
970	1970	2970	-1	82.4684318774868
971	1971	2971	-1	40960.710791486046
972	1972	2972	-1	8.57460917933042
973	1973	2973	-1	8.454526915122042
974	1974	2974	-1	639.1826860675392
975	1975	2975	-1	641.5851184929844
976	1976	2976	-1	81.11584091499117
977	1977	2977	-1	640.2919499005716
978	1978	2978	-1	80.5787865235708
979	1979	2979	-1	78.37400873977677
980	1980	2980	-1	639.4238467401353
981	1981	2981	-1	5119.5586580964255
982	1982	2982	-1	77.80482584986655
983	1983	2983	-1	78.29043901641009
984	1984	2984	-1	40961.22580275292
985	1985	2985	-1	10.702908612182972
986	1986	2986	-1	8.098597042406245
987	1987	2987	-1	40959.57208778597
988	1988	2988	-1	80.85086888018076
989	1989	2989	-1	639.2104169882781
990	1990	2990	-1	640.5298385709123
991	1991	2991	-1	80.36194323992339
992	1992	2992	-1	5120.14332765795
993	1993	2993	-1	639.6088764506904
994	1994	2994	-1	79.11917605433055
995	1995	2995	-1	81.07988173637634
996	1996	2996	-1	639.1832935491269
997	1997	2997	-1	5120.046697406117
998	1998	2998	-1	80.41692508545025
999	1999	2999	-1	40960.22454943132
