ind_ID	father_ID	mother_ID	Sex	Phenotype
1	1001	2001	9	10.755750241130336
2	1002	2002	9	10.162936618683519
3	1003	2003	9	31.397972325533683
4	1004	2004	9	10.03812135608626
5	1005	2005	9	10.016748267511442
6	1006	2006	9	8.08080732007994
7	1007	2007	9	8.274998310616317
8	1008	2008	9	30.50850688004697
9	1009	2009	9	29.309433105566303
10	1010	2010	9	10.223181629443236
11	1011	2011	9	30.36643894959125
12	1012	2012	9	11.33613409050252
13	1013	2013	9	8.99011551096795
14	1014	2014	9	8.67461905354109
15	1015	2015	9	10.376706719183522
16	1016	2016	9	10.3192653056703
17	1017	2017	9	9.840656815546755
18	1018	2018	9	11.069095228393381
19	1019	2019	9	9.526271104313073
20	1020	2020	9	9.662153426590633
21	1021	2021	9	11.425466925671602
22	1022	2022	9	30.077933912234542
23	1023	2023	9	29.734449960398504
24	1024	2024	9	9.849851246544308
25	1025	2025	9	9.991009841208719
26	1026	2026	9	10.81632390242287
27	1027	2027	9	11.277626821719874
28	1028	2028	9	10.394611451569153
29	1029	2029	9	9.029419946132032
30	1030	2030	9	10.02779072003217
31	1031	2031	9	8.879572405713056
32	1032	2032	9	10.039841380161608
33	1033	2033	9	9.88361634986965
34	1034	2034	9	12.416990443242376
35	1035	2035	9	11.020327815810106
36	1036	2036	9	10.298399102011203
37	1037	2037	9	10.559913531564353
38	1038	2038	9	8.965558169219186
39	1039	2039	9	13.403049498621158
40	1040	2040	9	9.927873382488826
41	1041	2041	9	10.617433858026203
42	1042	2042	9	11.029659440765078
43	1043	2043	9	10.234183751646823
44	1044	2044	9	8.494897654122868
45	1045	2045	9	8.900132672292074
46	1046	2046	9	28.867945687158084
47	1047	2047	9	9.391274074387875
48	1048	2048	9	11.662197030787745
49	1049	2049	9	9.105319881619524
50	1050	2050	9	10.756735104751215
51	1051	2051	9	31.150783431202715
52	1052	2052	9	10.375844038315197
53	1053	2053	9	9.99660972900794
54	1054	2054	9	10.941234964429256
55	1055	2055	9	11.140962560809157
56	1056	2056	9	9.307643673959511
57	1057	2057	9	30.35892513940409
58	1058	2058	9	9.586740929091786
59	1059	2059	9	9.424832773948978
60	1060	2060	9	10.856647843500836
61	1061	2061	9	11.933149236035522
62	1062	2062	9	10.002090593043345
63	1063	2063	9	11.091206929212634
64	1064	2064	9	8.99886562025726
65	1065	2065	9	28.071379317669436
66	1066	2066	9	30.162134675878846
67	1067	2067	9	9.986465800116022
68	1068	2068	9	10.75967595547809
69	1069	2069	9	9.995850026629736
70	1070	2070	9	31.345551266969963
71	1071	2071	9	10.740278306161818
72	1072	2072	9	9.306813734935673
73	1073	2073	9	10.477661223408491
74	1074	2074	9	10.40053225884451
75	1075	2075	9	18.103899939945777
76	1076	2076	9	9.35144090823098
77	1077	2077	9	10.174394133246516
78	1078	2078	9	32.43682125415479
79	1079	2079	9	10.591182652614922
80	1080	2080	9	9.11317914942892
81	1081	2081	9	9.691464518492593
82	1082	2082	9	7.564370642771135
83	1083	2083	9	30.429290679430395
84	1084	2084	9	11.52169145957456
85	1085	2085	9	10.25488680098191
86	1086	2086	9	10.784330150946769
87	1087	2087	9	28.180645383710946
88	1088	2088	9	9.046100916177076
89	1089	2089	9	10.409984118134698
90	1090	2090	9	31.613215982278543
91	1091	2091	9	9.541650208961936
92	1092	2092	9	9.754287826073362
93	1093	2093	9	7.567373488123842
94	1094	2094	9	10.229763107903166
95	1095	2095	9	8.358747282903197
96	1096	2096	9	9.683812480649806
97	1097	2097	9	11.045455693393205
98	1098	2098	9	8.404561780816469
99	1099	2099	9	10.938625830600952
100	1100	2100	9	8.670215490718126
101	1101	2101	9	12.492634188684875
102	1102	2102	9	8.805735853503208
103	1103	2103	9	11.039200013499908
104	1104	2104	9	59.807184564638575
105	1105	2105	9	10.269935983040119
106	1106	2106	9	30.819149055201876
107	1107	2107	9	9.502562748563642
108	1108	2108	9	11.240464592582445
109	1109	2109	9	29.797072894047513
110	1110	2110	9	8.019101060025378
111	1111	2111	9	8.511385672515162
112	1112	2112	9	12.253221360552235
113	1113	2113	9	31.93753199160883
114	1114	2114	9	20.26802766182686
115	1115	2115	9	11.050068333538787
116	1116	2116	9	30.83588086475218
117	1117	2117	9	8.990063745302445
118	1118	2118	9	8.800051943814834
119	1119	2119	9	8.792991705103383
120	1120	2120	9	29.371128927585683
121	1121	2121	9	10.56568457410861
122	1122	2122	9	12.197208765143756
123	1123	2123	9	10.611490918824543
124	1124	2124	9	8.904644727974514
125	1125	2125	9	9.48289073824461
126	1126	2126	9	12.23984728887412
127	1127	2127	9	58.192856242159806
128	1128	2128	9	11.638770641626047
129	1129	2129	9	8.890056269159865
130	1130	2130	9	11.431205854313152
131	1131	2131	9	11.41263624653881
132	1132	2132	9	10.71881811269009
133	1133	2133	9	10.987098888376137
134	1134	2134	9	10.915307438185753
135	1135	2135	9	9.142549683168982
136	1136	2136	9	11.609946836436961
137	1137	2137	9	11.16840217146934
138	1138	2138	9	10.852815028982597
139	1139	2139	9	8.868067770478538
140	1140	2140	9	9.346160294164433
141	1141	2141	9	11.120152874785472
142	1142	2142	9	30.07981607261795
143	1143	2143	9	10.091297054621315
144	1144	2144	9	10.643291558146693
145	1145	2145	9	10.864117906767007
146	1146	2146	9	10.23907425235373
147	1147	2147	9	10.918507707492276
148	1148	2148	9	9.354345491035048
149	1149	2149	9	29.99789493972051
150	1150	2150	9	10.997973366094413
151	1151	2151	9	9.488069094026198
152	1152	2152	9	9.748631078581948
153	1153	2153	9	10.473553047000946
154	1154	2154	9	11.346575407604874
155	1155	2155	9	12.24958593148035
156	1156	2156	9	11.023527921430462
157	1157	2157	9	79.3276436040002
158	1158	2158	9	10.596557908457587
159	1159	2159	9	10.439931127063723
160	1160	2160	9	10.650632005031115
161	1161	2161	9	8.719253883496146
162	1162	2162	9	10.048889136304162
163	1163	2163	9	30.27432122608579
164	1164	2164	9	11.276866761047454
165	1165	2165	9	29.170140873276466
166	1166	2166	9	9.456620148089218
167	1167	2167	9	9.703904768140774
168	1168	2168	9	31.376130363484947
169	1169	2169	9	28.46982131560379
170	1170	2170	9	9.314060293440953
171	1171	2171	9	12.404275360808644
172	1172	2172	9	11.803884307448934
173	1173	2173	9	8.432909055853026
174	1174	2174	9	9.678988153179493
175	1175	2175	9	30.27028589807991
176	1176	2176	9	30.73199133633615
177	1177	2177	9	9.589826038378668
178	1178	2178	9	8.25483435959802
179	1179	2179	9	11.323416582111255
180	1180	2180	9	10.786914381309389
181	1181	2181	9	30.909816140161624
182	1182	2182	9	10.540962760362142
183	1183	2183	9	9.446887724266277
184	1184	2184	9	8.141852619545107
185	1185	2185	9	8.74258398644494
186	1186	2186	9	9.913918691488169
187	1187	2187	9	10.045425080989498
188	1188	2188	9	11.582275752998283
189	1189	2189	9	11.375688383526338
190	1190	2190	9	9.812728283772055
191	1191	2191	9	9.698432382002123
192	1192	2192	9	11.752845571487828
193	1193	2193	9	12.285937034701396
194	1194	2194	9	10.238956849427563
195	1195	2195	9	9.478623335096362
196	1196	2196	9	30.431627610589846
197	1197	2197	9	11.398394740018034
198	1198	2198	9	30.995481943490393
199	1199	2199	9	9.763771742339808
200	1200	2200	9	9.878196109451686
201	1201	2201	9	9.287287168740882
202	1202	2202	9	9.364256056665905
203	1203	2203	9	9.668991354645177
204	1204	2204	9	8.635222788386582
205	1205	2205	9	10.9809298237701
206	1206	2206	9	9.61314522804117
207	1207	2207	9	9.676521868068468
208	1208	2208	9	7.351344854063337
209	1209	2209	9	9.753508770296358
210	1210	2210	9	8.766095421377097
211	1211	2211	9	10.474296821150539
212	1212	2212	9	21.989188283102315
213	1213	2213	9	8.614727953611403
214	1214	2214	9	9.12844900395752
215	1215	2215	9	10.957395853520113
216	1216	2216	9	11.771263197762279
217	1217	2217	9	11.930624929218066
218	1218	2218	9	9.662288493717007
219	1219	2219	9	10.234351756476764
220	1220	2220	9	9.781246574259544
221	1221	2221	9	8.187639668053114
222	1222	2222	9	10.848399631072695
223	1223	2223	9	10.25432201013629
224	1224	2224	9	9.254293050849817
225	1225	2225	9	28.836903372381418
226	1226	2226	9	11.305234615884798
227	1227	2227	9	8.753222680585775
228	1228	2228	9	10.863283906234852
229	1229	2229	9	10.328707339856003
230	1230	2230	9	8.770115923422455
231	1231	2231	9	10.596116107281471
232	1232	2232	9	30.169376092882263
233	1233	2233	9	9.034410492385755
234	1234	2234	9	10.106272002369296
235	1235	2235	9	10.127100377220753
236	1236	2236	9	9.933749961892554
237	1237	2237	9	11.574068983192598
238	1238	2238	9	11.581743812732633
239	1239	2239	9	9.67997168429893
240	1240	2240	9	6.487328557287929
241	1241	2241	9	7.319510000606838
242	1242	2242	9	10.770971863600563
243	1243	2243	9	10.97428670198914
244	1244	2244	9	10.364415123625944
245	1245	2245	9	29.00280467036137
246	1246	2246	9	10.324781164528186
247	1247	2247	9	10.13876872541923
248	1248	2248	9	9.496893586709184
249	1249	2249	9	9.608618985307558
250	1250	2250	9	10.683485219531313
251	1251	2251	9	8.549252890950278
252	1252	2252	9	29.999131196551254
253	1253	2253	9	11.624483149596752
254	1254	2254	9	8.628107704072438
255	1255	2255	9	10.25746340406698
256	1256	2256	9	10.83660277761968
257	1257	2257	9	10.381074577824183
258	1258	2258	9	9.065641642199497
259	1259	2259	9	11.440020040722045
260	1260	2260	9	10.367052010717595
261	1261	2261	9	9.932490519773678
262	1262	2262	9	8.480666097690365
263	1263	2263	9	9.525362670418302
264	1264	2264	9	8.384250108525817
265	1265	2265	9	9.709038366737055
266	1266	2266	9	28.125504115145212
267	1267	2267	9	10.870138130493952
268	1268	2268	9	9.108820580107881
269	1269	2269	9	11.052296178579716
270	1270	2270	9	30.638382060112317
271	1271	2271	9	9.949092941971372
272	1272	2272	9	9.603581411979182
273	1273	2273	9	9.291950412148566
274	1274	2274	9	8.281072385453426
275	1275	2275	9	9.996739931338183
276	1276	2276	9	9.915902137240383
277	1277	2277	9	9.432417196206993
278	1278	2278	9	9.757907223902155
279	1279	2279	9	10.710812365627904
280	1280	2280	9	9.805944411687832
281	1281	2281	9	10.515621345806062
282	1282	2282	9	9.759624334038124
283	1283	2283	9	9.741290185391124
284	1284	2284	9	9.587344962648077
285	1285	2285	9	10.2264261074206
286	1286	2286	9	31.46785670815192
287	1287	2287	9	29.17053106858891
288	1288	2288	9	9.43198317497103
289	1289	2289	9	9.700401757821405
290	1290	2290	9	29.22413541829905
291	1291	2291	9	8.779355446635435
292	1292	2292	9	10.078229082992086
293	1293	2293	9	10.802073506775805
294	1294	2294	9	29.806427753665588
295	1295	2295	9	10.29564781809454
296	1296	2296	9	9.114111738119435
297	1297	2297	9	29.578438941474264
298	1298	2298	9	31.396937855984746
299	1299	2299	9	9.292476063769275
300	1300	2300	9	11.895679860026629
301	1301	2301	9	29.95470363872144
302	1302	2302	9	8.985690243700647
303	1303	2303	9	9.185120151745439
304	1304	2304	9	10.218334439581998
305	1305	2305	9	10.656092466172451
306	1306	2306	9	9.288935975452265
307	1307	2307	9	8.990246533192527
308	1308	2308	9	8.8911838946321
309	1309	2309	9	12.058188402687282
310	1310	2310	9	8.643099790849325
311	1311	2311	9	10.295628143770426
312	1312	2312	9	8.841987740666845
313	1313	2313	9	30.46647379191971
314	1314	2314	9	8.216167290535083
315	1315	2315	9	10.209204019049999
316	1316	2316	9	9.20716887135433
317	1317	2317	9	11.573622618484537
318	1318	2318	9	12.270396307040619
319	1319	2319	9	10.711630486007735
320	1320	2320	9	8.457087589573929
321	1321	2321	9	9.62642722907031
322	1322	2322	9	9.887779478938723
323	1323	2323	9	10.496576919458485
324	1324	2324	9	29.2973772980901
325	1325	2325	9	11.393941694473
326	1326	2326	9	9.54134120819899
327	1327	2327	9	10.013273482487948
328	1328	2328	9	29.778079246856034
329	1329	2329	9	11.249033201909127
330	1330	2330	9	10.713393348939595
331	1331	2331	9	8.017454522836513
332	1332	2332	9	9.621777160594268
333	1333	2333	9	10.130055592499257
334	1334	2334	9	10.232153199070899
335	1335	2335	9	9.187466672698287
336	1336	2336	9	10.591089237100867
337	1337	2337	9	28.012789049175495
338	1338	2338	9	30.051027142961566
339	1339	2339	9	9.2241546060474
340	1340	2340	9	9.980649609683244
341	1341	2341	9	10.920002480186167
342	1342	2342	9	31.01989018695561
343	1343	2343	9	10.141733706387232
344	1344	2344	9	9.860089266415512
345	1345	2345	9	9.262343326478693
346	1346	2346	9	10.02812926463812
347	1347	2347	9	10.863556258764564
348	1348	2348	9	9.844336494499355
349	1349	2349	9	9.330106510646427
350	1350	2350	9	8.706003949318955
351	1351	2351	9	11.474670858741192
352	1352	2352	9	10.303464100025938
353	1353	2353	9	10.4424540874234
354	1354	2354	9	10.369082635553404
355	1355	2355	9	9.837284154095638
356	1356	2356	9	10.442627568137906
357	1357	2357	9	10.268061616811124
358	1358	2358	9	11.428229614998381
359	1359	2359	9	20.273941176576137
360	1360	2360	9	8.115651707021264
361	1361	2361	9	10.98879634220501
362	1362	2362	9	11.607673947802226
363	1363	2363	9	10.810953234296147
364	1364	2364	9	11.326724525211425
365	1365	2365	9	29.543856915073334
366	1366	2366	9	10.470675755329811
367	1367	2367	9	10.364663198602422
368	1368	2368	9	10.029392819586556
369	1369	2369	9	10.800168534548202
370	1370	2370	9	30.778134254847068
371	1371	2371	9	29.420952344931724
372	1372	2372	9	11.131552470228257
373	1373	2373	9	10.37078772244008
374	1374	2374	9	10.462597675751976
375	1375	2375	9	11.127497991698197
376	1376	2376	9	10.93266073395216
377	1377	2377	9	19.11044767423652
378	1378	2378	9	10.602180115081953
379	1379	2379	9	11.80305144275394
380	1380	2380	9	11.691689796883773
381	1381	2381	9	10.493576945460358
382	1382	2382	9	10.188775490510437
383	1383	2383	9	9.296898573426374
384	1384	2384	9	29.9530843986793
385	1385	2385	9	10.825340060465171
386	1386	2386	9	29.090481932783288
387	1387	2387	9	10.085476293321735
388	1388	2388	9	29.924402261685746
389	1389	2389	9	9.097982083056339
390	1390	2390	9	10.386732894969182
391	1391	2391	9	9.405915896056745
392	1392	2392	9	31.591212195014965
393	1393	2393	9	10.314952508347343
394	1394	2394	9	9.562099177364654
395	1395	2395	9	12.160193678532075
396	1396	2396	9	9.295408591479465
397	1397	2397	9	10.747007381547721
398	1398	2398	9	20.718828380170514
399	1399	2399	9	9.368824208989412
400	1400	2400	9	10.517221455572033
401	1401	2401	9	9.720625823527868
402	1402	2402	9	12.318765879941601
403	1403	2403	9	28.554227023599243
404	1404	2404	9	8.988869223242801
405	1405	2405	9	3.7241654788386276
406	1406	2406	9	9.398616173723713
407	1407	2407	9	9.309987071622698
408	1408	2408	9	8.732755143053858
409	1409	2409	9	9.952810116233126
410	1410	2410	9	8.384098123894754
411	1411	2411	9	10.468663934702871
412	1412	2412	9	10.141311880292314
413	1413	2413	9	8.043077332409904
414	1414	2414	9	8.944380945804104
415	1415	2415	9	30.284254922785426
416	1416	2416	9	11.11952488156673
417	1417	2417	9	10.171680839550964
418	1418	2418	9	11.645650334057759
419	1419	2419	9	11.980383203785147
420	1420	2420	9	9.28030630352395
421	1421	2421	9	10.984273112442878
422	1422	2422	9	39.845296747401186
423	1423	2423	9	28.319981332090297
424	1424	2424	9	9.466144877388272
425	1425	2425	9	16.373584171334674
426	1426	2426	9	9.269562780061259
427	1427	2427	9	9.517263998905284
428	1428	2428	9	11.168376378656605
429	1429	2429	9	8.738850190514233
430	1430	2430	9	10.222917240572922
431	1431	2431	9	9.74393036994801
432	1432	2432	9	9.659363098643139
433	1433	2433	9	10.57004900876643
434	1434	2434	9	8.580544748888697
435	1435	2435	9	10.322103911418942
436	1436	2436	9	9.844162068554464
437	1437	2437	9	8.945679731052346
438	1438	2438	9	28.952795321718796
439	1439	2439	9	9.306344716485153
440	1440	2440	9	11.605923709962209
441	1441	2441	9	8.516208999756994
442	1442	2442	9	10.659799181117844
443	1443	2443	9	7.680978248144644
444	1444	2444	9	8.803437410001482
445	1445	2445	9	10.249694382252445
446	1446	2446	9	10.976878590315051
447	1447	2447	9	11.28460356969388
448	1448	2448	9	9.8561353615496
449	1449	2449	9	30.383344622603147
450	1450	2450	9	9.998895677149047
451	1451	2451	9	10.662969798666385
452	1452	2452	9	9.815564586751709
453	1453	2453	9	31.025736760480584
454	1454	2454	9	10.18413090518837
455	1455	2455	9	9.77238663867256
456	1456	2456	9	10.85306079160573
457	1457	2457	9	10.897529403825398
458	1458	2458	9	9.85816477121677
459	1459	2459	9	10.184666537691056
460	1460	2460	9	9.2583049146269
461	1461	2461	9	7.901820860488257
462	1462	2462	9	9.73835940071362
463	1463	2463	9	9.279852459815059
464	1464	2464	9	10.450545744117766
465	1465	2465	9	10.053524623149432
466	1466	2466	9	29.342316540379503
467	1467	2467	9	10.433910092442208
468	1468	2468	9	8.051561003930999
469	1469	2469	9	29.674371937464475
470	1470	2470	9	19.51238612358448
471	1471	2471	9	10.812619398461806
472	1472	2472	9	11.148750110786219
473	1473	2473	9	9.530737461413464
474	1474	2474	9	10.47144643879254
475	1475	2475	9	10.394744738960632
476	1476	2476	9	9.571633606446015
477	1477	2477	9	10.03675910300919
478	1478	2478	9	9.340513393317694
479	1479	2479	9	10.147474590714975
480	1480	2480	9	9.451009694293555
481	1481	2481	9	8.667822016527715
482	1482	2482	9	11.79669634991168
483	1483	2483	9	11.028898767041321
484	1484	2484	9	8.77515853832497
485	1485	2485	9	10.303739048328902
486	1486	2486	9	9.16648359134438
487	1487	2487	9	9.900820000161149
488	1488	2488	9	10.593496517885733
489	1489	2489	9	29.335634179642586
490	1490	2490	9	10.846498294545103
491	1491	2491	9	11.188222560839936
492	1492	2492	9	10.66651600691427
493	1493	2493	9	9.908574862941935
494	1494	2494	9	10.358730755238346
495	1495	2495	9	8.867005316362892
496	1496	2496	9	10.249131769724045
497	1497	2497	9	10.852432733321114
498	1498	2498	9	9.343502810083475
499	1499	2499	9	10.003283230016313
500	1500	2500	9	79.5377892413935
501	1501	2501	9	9.504039955877184
502	1502	2502	9	8.978056409673792
503	1503	2503	9	10.476900576083041
504	1504	2504	9	11.158302716687086
505	1505	2505	9	10.703263955860718
506	1506	2506	9	9.493318725613547
507	1507	2507	9	9.816094719570389
508	1508	2508	9	9.809035838866967
509	1509	2509	9	7.848198052347963
510	1510	2510	9	10.33691383979554
511	1511	2511	9	10.24210438697812
512	1512	2512	9	9.666855668717874
513	1513	2513	9	9.586827166137958
514	1514	2514	9	10.10677869252149
515	1515	2515	9	10.266297843343299
516	1516	2516	9	11.501735576761101
517	1517	2517	9	9.834112566146192
518	1518	2518	9	9.728887967634126
519	1519	2519	9	30.264407797703957
520	1520	2520	9	10.605954882265053
521	1521	2521	9	9.742134956414407
522	1522	2522	9	8.474224549403175
523	1523	2523	9	10.241289752542237
524	1524	2524	9	31.803940183824704
525	1525	2525	9	9.165675404923267
526	1526	2526	9	11.899204549230394
527	1527	2527	9	28.833247038989068
528	1528	2528	9	27.859537184553787
529	1529	2529	9	10.238009152097632
530	1530	2530	9	28.78564525852007
531	1531	2531	9	9.85764549866205
532	1532	2532	9	8.693838034690739
533	1533	2533	9	9.837678682989939
534	1534	2534	9	10.221091959434505
535	1535	2535	9	10.742999043832908
536	1536	2536	9	9.954674693506414
537	1537	2537	9	11.266992310022692
538	1538	2538	9	9.74695303344505
539	1539	2539	9	11.975500195751591
540	1540	2540	9	7.401528194345179
541	1541	2541	9	9.169158808122543
542	1542	2542	9	9.67454615751042
543	1543	2543	9	10.397651330586221
544	1544	2544	9	9.943016076266282
545	1545	2545	9	9.874461708452367
546	1546	2546	9	29.608822247309696
547	1547	2547	9	10.941934427608468
548	1548	2548	9	9.546834346954261
549	1549	2549	9	9.710221112450492
550	1550	2550	9	10.287339577506861
551	1551	2551	9	12.726902876595107
552	1552	2552	9	9.204249871417097
553	1553	2553	9	10.898736425498432
554	1554	2554	9	9.940543438196194
555	1555	2555	9	9.548888431844771
556	1556	2556	9	9.753215839083826
557	1557	2557	9	11.001052270549932
558	1558	2558	9	9.624530232513527
559	1559	2559	9	9.049441992528939
560	1560	2560	9	30.683993338501374
561	1561	2561	9	10.390953489464072
562	1562	2562	9	9.166701567016927
563	1563	2563	9	30.02566815506873
564	1564	2564	9	10.928247814019644
565	1565	2565	9	8.465461301043332
566	1566	2566	9	10.290685849950867
567	1567	2567	9	9.62059352556691
568	1568	2568	9	32.00429705141057
569	1569	2569	9	9.670165784293266
570	1570	2570	9	10.078216945332011
571	1571	2571	9	9.439568060952304
572	1572	2572	9	11.092480807938994
573	1573	2573	9	10.362609356339473
574	1574	2574	9	11.498964672283567
575	1575	2575	9	10.640606617448256
576	1576	2576	9	9.746632670034787
577	1577	2577	9	8.25465104547128
578	1578	2578	9	9.647766443403153
579	1579	2579	9	29.356453278313538
580	1580	2580	9	9.45037880427428
581	1581	2581	9	10.273745029665198
582	1582	2582	9	20.658796766051864
583	1583	2583	9	31.741677453998168
584	1584	2584	9	10.441754615173936
585	1585	2585	9	9.736699152092612
586	1586	2586	9	9.798430037513258
587	1587	2587	9	10.045123587141362
588	1588	2588	9	9.338189082352994
589	1589	2589	9	31.02379511518855
590	1590	2590	9	9.062688906003347
591	1591	2591	9	8.326997587432485
592	1592	2592	9	10.326793937320257
593	1593	2593	9	10.171252965898839
594	1594	2594	9	29.026870763660924
595	1595	2595	9	9.568498253929029
596	1596	2596	9	10.438918496352144
597	1597	2597	9	28.613722387379994
598	1598	2598	9	9.145831308094866
599	1599	2599	9	10.670814619771942
600	1600	2600	9	30.045079007016735
601	1601	2601	9	10.52137407594296
602	1602	2602	9	11.86933547676131
603	1603	2603	9	11.508682445301798
604	1604	2604	9	10.895575014321347
605	1605	2605	9	9.331184604392632
606	1606	2606	9	78.7965163660562
607	1607	2607	9	9.987489882556389
608	1608	2608	9	9.188791355656607
609	1609	2609	9	29.542199162001037
610	1610	2610	9	9.834014165673874
611	1611	2611	9	10.560986608182724
612	1612	2612	9	10.673930009092375
613	1613	2613	9	10.251045307769814
614	1614	2614	9	8.983059885352564
615	1615	2615	9	8.148361606485054
616	1616	2616	9	11.248836951769732
617	1617	2617	9	8.351738899209327
618	1618	2618	9	31.047061075030292
619	1619	2619	9	8.625863553663821
620	1620	2620	9	7.969450212289061
621	1621	2621	9	11.413789194946052
622	1622	2622	9	9.300049779723368
623	1623	2623	9	11.177292074026838
624	1624	2624	9	9.303847004796234
625	1625	2625	9	10.070075222522933
626	1626	2626	9	7.836625355414133
627	1627	2627	9	8.577728969037766
628	1628	2628	9	29.53341232395758
629	1629	2629	9	9.789215988851044
630	1630	2630	9	10.527649329684355
631	1631	2631	9	32.25246185571616
632	1632	2632	9	20.222307817831787
633	1633	2633	9	30.359060461817815
634	1634	2634	9	9.55244040166148
635	1635	2635	9	10.151691165866763
636	1636	2636	9	31.24791938237518
637	1637	2637	9	11.512806326044808
638	1638	2638	9	12.445395000796386
639	1639	2639	9	30.30884003441494
640	1640	2640	9	11.531153525523075
641	1641	2641	9	11.976243280591111
642	1642	2642	9	9.366166705048395
643	1643	2643	9	9.755244048765723
644	1644	2644	9	10.378589066558394
645	1645	2645	9	10.356007416344852
646	1646	2646	9	10.462368119731448
647	1647	2647	9	8.708601218539071
648	1648	2648	9	10.330441573708379
649	1649	2649	9	9.122490329082064
650	1650	2650	9	11.676325016071353
651	1651	2651	9	29.985124048668727
652	1652	2652	9	31.484500502481016
653	1653	2653	9	10.676464748192165
654	1654	2654	9	10.445402264406047
655	1655	2655	9	10.513129829377592
656	1656	2656	9	10.221771885577803
657	1657	2657	9	11.930500026747005
658	1658	2658	9	10.416387655448546
659	1659	2659	9	30.45200629862372
660	1660	2660	9	28.20837643107835
661	1661	2661	9	10.915194103053032
662	1662	2662	9	10.457938405797536
663	1663	2663	9	10.251167361600858
664	1664	2664	9	30.965329819127593
665	1665	2665	9	9.002380435642186
666	1666	2666	9	30.841570002008865
667	1667	2667	9	21.53252167796129
668	1668	2668	9	31.291341878006072
669	1669	2669	9	9.381404434379593
670	1670	2670	9	11.073606762716704
671	1671	2671	9	9.63153910566713
672	1672	2672	9	11.775063912085955
673	1673	2673	9	9.094217258230033
674	1674	2674	9	10.162930489630625
675	1675	2675	9	30.479835663502538
676	1676	2676	9	29.85760756281764
677	1677	2677	9	7.969134963808958
678	1678	2678	9	10.572131111998974
679	1679	2679	9	10.31573324246716
680	1680	2680	9	31.409526287378185
681	1681	2681	9	11.53456263354914
682	1682	2682	9	9.962532239425519
683	1683	2683	9	8.56844987114816
684	1684	2684	9	10.204322902339365
685	1685	2685	9	9.899517585340678
686	1686	2686	9	9.949751306613624
687	1687	2687	9	10.080561287016991
688	1688	2688	9	8.985011046139606
689	1689	2689	9	8.783613409757395
690	1690	2690	9	11.007166288880455
691	1691	2691	9	9.641205926162286
692	1692	2692	9	29.043149951625985
693	1693	2693	9	9.811227435588947
694	1694	2694	9	7.85051576940278
695	1695	2695	9	8.391737903280337
696	1696	2696	9	10.417077588300598
697	1697	2697	9	12.49228328983509
698	1698	2698	9	10.198659396079583
699	1699	2699	9	10.510684322614296
700	1700	2700	9	10.259468857950978
701	1701	2701	9	9.867716955842827
702	1702	2702	9	10.490165126585733
703	1703	2703	9	30.86478572145165
704	1704	2704	9	9.766576582504852
705	1705	2705	9	30.755809708322364
706	1706	2706	9	10.804397653641406
707	1707	2707	9	11.04892341106503
708	1708	2708	9	9.672843710656698
709	1709	2709	9	9.625775306931857
710	1710	2710	9	10.152411713475923
711	1711	2711	9	11.692916588805701
712	1712	2712	9	9.82446555450062
713	1713	2713	9	30.451688993617125
714	1714	2714	9	9.595082013276407
715	1715	2715	9	31.798386284404163
716	1716	2716	9	9.031790716397893
717	1717	2717	9	12.187547462981552
718	1718	2718	9	10.459418078565205
719	1719	2719	9	10.799353299185707
720	1720	2720	9	9.551056040374563
721	1721	2721	9	8.984386620796208
722	1722	2722	9	10.135639420742752
723	1723	2723	9	11.36264845686883
724	1724	2724	9	9.856860371730788
725	1725	2725	9	9.280442782708676
726	1726	2726	9	7.7660457748819365
727	1727	2727	9	30.170787876090632
728	1728	2728	9	11.510531126287644
729	1729	2729	9	10.467667179241703
730	1730	2730	9	10.022055927038036
731	1731	2731	9	10.12522226324094
732	1732	2732	9	10.018469384695042
733	1733	2733	9	10.21157746086845
734	1734	2734	9	7.894674787093283
735	1735	2735	9	8.8935047022564
736	1736	2736	9	27.263137986328747
737	1737	2737	9	31.82290612926018
738	1738	2738	9	9.963532742371767
739	1739	2739	9	11.819187773589494
740	1740	2740	9	10.948499790926293
741	1741	2741	9	11.011827919071997
742	1742	2742	9	10.907364404021411
743	1743	2743	9	9.563639761923366
744	1744	2744	9	9.011557232718433
745	1745	2745	9	7.921942305829495
746	1746	2746	9	10.137096516071738
747	1747	2747	9	9.596945595368348
748	1748	2748	9	10.381682560705515
749	1749	2749	9	19.16194052618977
750	1750	2750	9	9.537244465852842
751	1751	2751	9	8.202129478533308
752	1752	2752	9	11.268886573214097
753	1753	2753	9	9.236111343829178
754	1754	2754	9	10.258128125154363
755	1755	2755	9	11.99820137208881
756	1756	2756	9	30.79273227945343
757	1757	2757	9	10.097520107527581
758	1758	2758	9	11.0514184132508
759	1759	2759	9	32.18609037582123
760	1760	2760	9	9.701268446609438
761	1761	2761	9	10.257517316439449
762	1762	2762	9	9.540558487407987
763	1763	2763	9	9.822789212998849
764	1764	2764	9	30.24982839730956
765	1765	2765	9	30.23159844668599
766	1766	2766	9	29.989127776867708
767	1767	2767	9	10.233535999929046
768	1768	2768	9	11.165647278805453
769	1769	2769	9	29.750057890704394
770	1770	2770	9	9.941462473480042
771	1771	2771	9	9.232281481520717
772	1772	2772	9	30.653637254322142
773	1773	2773	9	10.912029041758135
774	1774	2774	9	10.009170005825084
775	1775	2775	9	9.42423504990706
776	1776	2776	9	7.904516782463645
777	1777	2777	9	10.283826282938032
778	1778	2778	9	9.432322087650808
779	1779	2779	9	10.526148555160384
780	1780	2780	9	11.521428012263348
781	1781	2781	9	11.56675050801343
782	1782	2782	9	10.908554493971199
783	1783	2783	9	30.51783238797212
784	1784	2784	9	9.428735194317174
785	1785	2785	9	20.405697550017646
786	1786	2786	9	9.42584399308294
787	1787	2787	9	9.449663519560177
788	1788	2788	9	10.140141904407189
789	1789	2789	9	10.471747332605892
790	1790	2790	9	9.08274380070491
791	1791	2791	9	29.354683197802668
792	1792	2792	9	10.974811568619302
793	1793	2793	9	10.192126006653558
794	1794	2794	9	10.222818157942388
795	1795	2795	9	7.663200547268971
796	1796	2796	9	9.37634043293333
797	1797	2797	9	10.592808549559832
798	1798	2798	9	10.098384369107034
799	1799	2799	9	8.960270484317578
800	1800	2800	9	11.25868924432116
801	1801	2801	9	7.226973766160469
802	1802	2802	9	10.509868964924198
803	1803	2803	9	10.89813547117831
804	1804	2804	9	8.559350989055487
805	1805	2805	9	10.934530243315503
806	1806	2806	9	7.776741026398909
807	1807	2807	9	30.221636893228364
808	1808	2808	9	11.49653642176732
809	1809	2809	9	10.306677774936409
810	1810	2810	9	7.502660134780569
811	1811	2811	9	9.946717481669873
812	1812	2812	9	12.00081098338615
813	1813	2813	9	10.903935297128475
814	1814	2814	9	30.199203103102885
815	1815	2815	9	11.13860734407128
816	1816	2816	9	11.010130184310373
817	1817	2817	9	9.815231800991508
818	1818	2818	9	11.212008902175004
819	1819	2819	9	30.90097902702809
820	1820	2820	9	10.83354067825912
821	1821	2821	9	11.05397359604736
822	1822	2822	9	10.051968926891753
823	1823	2823	9	7.669081532467841
824	1824	2824	9	10.48135199856449
825	1825	2825	9	10.081083494268382
826	1826	2826	9	10.372846770302433
827	1827	2827	9	10.10694907655315
828	1828	2828	9	10.790541913854554
829	1829	2829	9	9.558141741868006
830	1830	2830	9	10.690884975159483
831	1831	2831	9	10.08471399846388
832	1832	2832	9	9.059720110925449
833	1833	2833	9	8.46620818048593
834	1834	2834	9	8.643904968356432
835	1835	2835	9	9.87288862117097
836	1836	2836	9	9.918461231380434
837	1837	2837	9	9.323213577004733
838	1838	2838	9	9.756882366082523
839	1839	2839	9	9.395782580489074
840	1840	2840	9	9.787644367787102
841	1841	2841	9	9.121939168919416
842	1842	2842	9	9.731677871999079
843	1843	2843	9	10.549986343125415
844	1844	2844	9	10.210507525703497
845	1845	2845	9	9.292751973478472
846	1846	2846	9	12.39986441482693
847	1847	2847	9	29.901857484997834
848	1848	2848	9	10.237842502763268
849	1849	2849	9	8.978029304688881
850	1850	2850	9	8.958695384209195
851	1851	2851	9	9.831671528905495
852	1852	2852	9	9.177878175523656
853	1853	2853	9	10.533302837170734
854	1854	2854	9	10.543856126823835
855	1855	2855	9	9.623717249186262
856	1856	2856	9	20.392282023695074
857	1857	2857	9	9.63404842880784
858	1858	2858	9	9.799966610365617
859	1859	2859	9	11.831142620139664
860	1860	2860	9	30.337355495076146
861	1861	2861	9	11.535848530011164
862	1862	2862	9	9.726341268461525
863	1863	2863	9	9.898364400704358
864	1864	2864	9	9.069573800890677
865	1865	2865	9	9.42911659391312
866	1866	2866	9	9.981313005084141
867	1867	2867	9	10.190385871977739
868	1868	2868	9	8.798245946415246
869	1869	2869	9	29.242363721194724
870	1870	2870	9	11.118367367694072
871	1871	2871	9	9.520901224856953
872	1872	2872	9	8.050781763828843
873	1873	2873	9	9.377409604501345
874	1874	2874	9	30.038415122268965
875	1875	2875	9	9.188545835753695
876	1876	2876	9	29.00400563390839
877	1877	2877	9	10.10933049246896
878	1878	2878	9	8.430440022411565
879	1879	2879	9	18.1063719956124
880	1880	2880	9	29.746727692251586
881	1881	2881	9	10.098057883521156
882	1882	2882	9	10.947250557199203
883	1883	2883	9	9.327591777687964
884	1884	2884	9	9.634779480204589
885	1885	2885	9	8.553661163371135
886	1886	2886	9	28.321971938811735
887	1887	2887	9	10.660199639710346
888	1888	2888	9	8.203142093783258
889	1889	2889	9	10.191643912135241
890	1890	2890	9	9.959719257714152
891	1891	2891	9	10.638210362612883
892	1892	2892	9	10.451378587114554
893	1893	2893	9	8.23182639442381
894	1894	2894	9	10.820098228326504
895	1895	2895	9	32.4344654938083
896	1896	2896	9	9.88596925909917
897	1897	2897	9	9.364601125900666
898	1898	2898	9	10.712084351981243
899	1899	2899	9	11.418089457583541
900	1900	2900	9	10.271375548461991
901	1901	2901	9	10.750135293260827
902	1902	2902	9	8.965153742356911
903	1903	2903	9	10.074504191967634
904	1904	2904	9	10.196739743044397
905	1905	2905	9	9.90039921630379
906	1906	2906	9	10.729454064046163
907	1907	2907	9	10.197490238150507
908	1908	2908	9	29.170942027103756
909	1909	2909	9	31.352641635391976
910	1910	2910	9	79.57481290824018
911	1911	2911	9	9.180236750143287
912	1912	2912	9	28.84247185104333
913	1913	2913	9	9.931124255052955
914	1914	2914	9	7.973531960074135
915	1915	2915	9	29.641599729867128
916	1916	2916	9	30.022339302062868
917	1917	2917	9	28.85543291311502
918	1918	2918	9	12.572834140289997
919	1919	2919	9	12.31147374395817
920	1920	2920	9	8.172503928577928
921	1921	2921	9	10.429696490421557
922	1922	2922	9	11.136999234665723
923	1923	2923	9	9.27301220062129
924	1924	2924	9	9.419031046498553
925	1925	2925	9	10.618111204453479
926	1926	2926	9	31.58358153658653
927	1927	2927	9	11.068327693300347
928	1928	2928	9	10.819643517563875
929	1929	2929	9	10.272577794948118
930	1930	2930	9	9.546273341284518
931	1931	2931	9	8.686331505941135
932	1932	2932	9	9.948383912071963
933	1933	2933	9	10.761471397169142
934	1934	2934	9	7.820299888979586
935	1935	2935	9	8.972548544444086
936	1936	2936	9	9.617727112898596
937	1937	2937	9	11.593953164807292
938	1938	2938	9	10.05156719957423
939	1939	2939	9	8.111673391838064
940	1940	2940	9	10.917015686732066
941	1941	2941	9	9.208989997438424
942	1942	2942	9	8.35391559216347
943	1943	2943	9	9.564969756644402
944	1944	2944	9	10.509231829311375
945	1945	2945	9	8.394331857801038
946	1946	2946	9	11.284038981690701
947	1947	2947	9	32.79840595945805
948	1948	2948	9	9.407586881790415
949	1949	2949	9	7.923953836823113
950	1950	2950	9	31.791311497759374
951	1951	2951	9	80.49625780171334
952	1952	2952	9	10.088139719623284
953	1953	2953	9	10.182375299229015
954	1954	2954	9	11.61263866331027
955	1955	2955	9	9.701190016598932
956	1956	2956	9	9.918140236101607
957	1957	2957	9	9.8095511959206
958	1958	2958	9	11.514414219459415
959	1959	2959	9	8.964741963033331
960	1960	2960	9	10.957422556504964
961	1961	2961	9	30.668413545567184
962	1962	2962	9	28.18791545614523
963	1963	2963	9	29.055039911162297
964	1964	2964	9	10.662875215702128
965	1965	2965	9	9.723095397576403
966	1966	2966	9	9.69829968403663
967	1967	2967	9	9.34241674372975
968	1968	2968	9	10.675973724124512
969	1969	2969	9	10.183961896980772
970	1970	2970	9	9.776978094692698
971	1971	2971	9	8.465989887651965
972	1972	2972	9	10.900026698244378
973	1973	2973	9	10.002921787936963
974	1974	2974	9	8.660944743841196
975	1975	2975	9	10.643275166091316
976	1976	2976	9	8.12499901786067
977	1977	2977	9	7.753846813500733
978	1978	2978	9	9.787599787010588
979	1979	2979	9	8.813659543454317
980	1980	2980	9	9.257746803342114
981	1981	2981	9	29.920532403637264
982	1982	2982	9	8.793914976559034
983	1983	2983	9	10.438415875216434
984	1984	2984	9	29.450380922998438
985	1985	2985	9	9.99127783505565
986	1986	2986	9	9.240417585533967
987	1987	2987	9	11.290579486028783
988	1988	2988	9	9.414476812518902
989	1989	2989	9	30.84870171396299
990	1990	2990	9	9.987518044058628
991	1991	2991	9	10.352749845071791
992	1992	2992	9	19.149863497248656
993	1993	2993	9	7.964447063852225
994	1994	2994	9	10.724717101873848
995	1995	2995	9	8.931804625192157
996	1996	2996	9	8.550353824878973
997	1997	2997	9	8.636891627563617
998	1998	2998	9	9.958223615505641
999	1999	2999	9	8.658760744506164
1000	2000	3000	9	8.665664992671173
