ind_ID	father_ID	mother_ID	Sex	Phenotype
1	1001	2001	9	9.10865500483658
2	1002	2002	9	8.297338211511416
3	1003	2003	9	11.486395774610559
4	1004	2004	9	10.316592429915756
5	1005	2005	9	10.235245180766299
6	1006	2006	9	8.323385164191324
7	1007	2007	9	11.342629453429947
8	1008	2008	9	9.725220846938237
9	1009	2009	9	18.94330033157031
10	1010	2010	9	9.91757680292438
11	1011	2011	9	8.187849769332658
12	1012	2012	9	10.237533732831995
13	1013	2013	9	9.871853946825675
14	1014	2014	9	9.952742110252448
15	1015	2015	9	9.062738603210349
16	1016	2016	9	10.15105051532309
17	1017	2017	9	9.069572940837363
18	1018	2018	9	11.491645986514069
19	1019	2019	9	10.327068741866979
20	1020	2020	9	10.559272911063006
21	1021	2021	9	10.261835809867096
22	1022	2022	9	9.032170414587714
23	1023	2023	9	9.408478932461273
24	1024	2024	9	11.509146234585018
25	1025	2025	9	29.378323128188896
26	1026	2026	9	77.46099771595684
27	1027	2027	9	10.45961324666579
28	1028	2028	9	10.492425169520029
29	1029	2029	9	9.253290844868017
30	1030	2030	9	11.843509576427785
31	1031	2031	9	13.416579038544388
32	1032	2032	9	10.42591639539091
33	1033	2033	9	31.058112531275295
34	1034	2034	9	8.566591712641518
35	1035	2035	9	8.461626102195485
36	1036	2036	9	10.093193084169961
37	1037	2037	9	9.112646489715871
38	1038	2038	9	11.841092218434271
39	1039	2039	9	8.7849126942423
40	1040	2040	9	8.230642990748779
41	1041	2041	9	10.561102617436447
42	1042	2042	9	9.919614945274425
43	1043	2043	9	11.214956916446843
44	1044	2044	9	11.459176218302341
45	1045	2045	9	31.615794053062412
46	1046	2046	9	11.275399371806442
47	1047	2047	9	9.936096931760638
48	1048	2048	9	9.613722019405575
49	1049	2049	9	9.677038120708735
50	1050	2050	9	9.54247711289245
51	1051	2051	9	8.37847978194189
52	1052	2052	9	11.988699309519406
53	1053	2053	9	10.359367653130784
54	1054	2054	9	11.628288168400521
55	1055	2055	9	10.920531805316049
56	1056	2056	9	10.730278021195216
57	1057	2057	9	11.479138913855374
58	1058	2058	9	11.147312132577277
59	1059	2059	9	29.73788395636214
60	1060	2060	9	10.911784485213351
61	1061	2061	9	9.508370266192198
62	1062	2062	9	10.839229708678541
63	1063	2063	9	11.080824356758143
64	1064	2064	9	20.050187225482635
65	1065	2065	9	81.28862361614335
66	1066	2066	9	11.18418996110827
67	1067	2067	9	11.59085362469392
68	1068	2068	9	9.299660073342125
69	1069	2069	9	9.838748053653722
70	1070	2070	9	11.70110864861246
71	1071	2071	9	10.100256959248268
72	1072	2072	9	11.808544838923597
73	1073	2073	9	8.855698088521683
74	1074	2074	9	9.106442375458858
75	1075	2075	9	10.761686015280365
76	1076	2076	9	9.073354048306069
77	1077	2077	9	10.412387649469203
78	1078	2078	9	9.74140819931169
79	1079	2079	9	9.951434538837711
80	1080	2080	9	30.076901828098208
81	1081	2081	9	30.933910824201153
82	1082	2082	9	10.14801031041681
83	1083	2083	9	9.14541422399005
84	1084	2084	9	9.428015612867847
85	1085	2085	9	9.227079537173308
86	1086	2086	9	9.954726644553302
87	1087	2087	9	10.767620764380826
88	1088	2088	9	8.980865259115859
89	1089	2089	9	10.594265520055218
90	1090	2090	9	9.434556994944295
91	1091	2091	9	8.713798191365852
92	1092	2092	9	9.503280816463361
93	1093	2093	9	19.875814715847927
94	1094	2094	9	10.948165511168916
95	1095	2095	9	11.04994148104665
96	1096	2096	9	10.375259885676652
97	1097	2097	9	9.798398006025824
98	1098	2098	9	11.022614596062231
99	1099	2099	9	9.689128319406874
100	1100	2100	9	10.888955601121069
101	1101	2101	9	10.39280010450366
102	1102	2102	9	8.564978473675941
103	1103	2103	9	10.59672016982794
104	1104	2104	9	9.619180951480102
105	1105	2105	9	10.850876153649107
106	1106	2106	9	11.82326505234675
107	1107	2107	9	10.885036742685651
108	1108	2108	9	9.587945232004095
109	1109	2109	9	9.090980734736405
110	1110	2110	9	9.485824452212103
111	1111	2111	9	11.110535342777272
112	1112	2112	9	8.191351491287387
113	1113	2113	9	10.321111911479761
114	1114	2114	9	11.144984191132785
115	1115	2115	9	9.600745650651875
116	1116	2116	9	8.58758308054665
117	1117	2117	9	10.024512060739294
118	1118	2118	9	10.438041562503026
119	1119	2119	9	9.299792695436185
120	1120	2120	9	29.76606809915959
121	1121	2121	9	8.171799081269574
122	1122	2122	9	9.177795301588281
123	1123	2123	9	8.95835173501046
124	1124	2124	9	9.26327241949394
125	1125	2125	9	9.406657095923867
126	1126	2126	9	10.503317907496125
127	1127	2127	9	9.433239557637457
128	1128	2128	9	9.45170238583413
129	1129	2129	9	9.318145939670982
130	1130	2130	9	10.228866137045928
131	1131	2131	9	9.947133142206951
132	1132	2132	9	10.074122970374225
133	1133	2133	9	8.846772690642851
134	1134	2134	9	30.109595842901907
135	1135	2135	9	8.951257662331797
136	1136	2136	9	8.264047774986027
137	1137	2137	9	10.037248620226098
138	1138	2138	9	30.148402823229535
139	1139	2139	9	9.179470721710823
140	1140	2140	9	10.385102765627096
141	1141	2141	9	9.011369192585626
142	1142	2142	9	30.03016657324916
143	1143	2143	9	7.601843714396253
144	1144	2144	9	30.655024913408585
145	1145	2145	9	10.897839588729632
146	1146	2146	9	11.702485965263937
147	1147	2147	9	12.588585309943348
148	1148	2148	9	10.41721437408985
149	1149	2149	9	11.482617397814026
150	1150	2150	9	8.781921876255868
151	1151	2151	9	10.215579857009452
152	1152	2152	9	9.792415477423168
153	1153	2153	9	9.857967945537167
154	1154	2154	9	8.37805513027513
155	1155	2155	9	11.290507328042612
156	1156	2156	9	10.584098071893576
157	1157	2157	9	8.26608479995623
158	1158	2158	9	7.761069048192065
159	1159	2159	9	9.840748297849089
160	1160	2160	9	8.722671444082229
161	1161	2161	9	10.677903664885463
162	1162	2162	9	10.035600737457958
163	1163	2163	9	11.323108978723655
164	1164	2164	9	9.37261793656291
165	1165	2165	9	8.925953628643452
166	1166	2166	9	30.596599970542865
167	1167	2167	9	11.34144302392309
168	1168	2168	9	9.566489410129337
169	1169	2169	9	9.95624118591932
170	1170	2170	9	8.088929454215272
171	1171	2171	9	11.209482895838178
172	1172	2172	9	8.833654629281794
173	1173	2173	9	11.68826644135922
174	1174	2174	9	10.155685457074656
175	1175	2175	9	11.002146366913518
176	1176	2176	9	9.962083528258782
177	1177	2177	9	8.197478732685852
178	1178	2178	9	9.568801296314888
179	1179	2179	9	29.74903689207237
180	1180	2180	9	9.079870438287605
181	1181	2181	9	9.617652050684377
182	1182	2182	9	9.480273202226059
183	1183	2183	9	9.300596559640686
184	1184	2184	9	30.917617040171447
185	1185	2185	9	9.960344448619516
186	1186	2186	9	8.261318954658146
187	1187	2187	9	9.233969025814922
188	1188	2188	9	10.587764364752244
189	1189	2189	9	9.103530774978566
190	1190	2190	9	80.18133930557765
191	1191	2191	9	9.269524492904143
192	1192	2192	9	10.032027551255748
193	1193	2193	9	8.23195861006961
194	1194	2194	9	9.189380206820879
195	1195	2195	9	11.578677835840633
196	1196	2196	9	8.989516404632456
197	1197	2197	9	9.887210399379569
198	1198	2198	9	9.187744777544555
199	1199	2199	9	10.35044894646812
200	1200	2200	9	30.773252380351405
201	1201	2201	9	10.660629417337196
202	1202	2202	9	9.897222682415054
203	1203	2203	9	9.379513263188297
204	1204	2204	9	11.815846171857796
205	1205	2205	9	10.175220558632597
206	1206	2206	9	29.086240278980668
207	1207	2207	9	9.661048500925842
208	1208	2208	9	9.018927881331864
209	1209	2209	9	10.737935746792724
210	1210	2210	9	10.484875714133839
211	1211	2211	9	10.58142437263027
212	1212	2212	9	7.936777856081353
213	1213	2213	9	8.720192535398219
214	1214	2214	9	9.378223849952374
215	1215	2215	9	9.973164026218658
216	1216	2216	9	29.58134584357686
217	1217	2217	9	10.971099139948011
218	1218	2218	9	10.028190370703795
219	1219	2219	9	9.587162612839764
220	1220	2220	9	9.233041280274048
221	1221	2221	9	9.948230681641087
222	1222	2222	9	10.231766539639676
223	1223	2223	9	10.138993158577092
224	1224	2224	9	9.005643641691117
225	1225	2225	9	10.222220737502042
226	1226	2226	9	8.652608529565452
227	1227	2227	9	10.16636613898432
228	1228	2228	9	10.893083971392066
229	1229	2229	9	9.380008211307183
230	1230	2230	9	9.932757172271865
231	1231	2231	9	11.590047007273458
232	1232	2232	9	10.411104129561457
233	1233	2233	9	8.791535667847548
234	1234	2234	9	9.724742878613156
235	1235	2235	9	11.055426178146655
236	1236	2236	9	9.238222760139108
237	1237	2237	9	9.165212523760973
238	1238	2238	9	9.623841335967342
239	1239	2239	9	5.615615411191872
240	1240	2240	9	29.20715615365905
241	1241	2241	9	11.134516269824887
242	1242	2242	9	10.591963566863635
243	1243	2243	9	10.323988963407354
244	1244	2244	9	8.772339248367441
245	1245	2245	9	9.626560208775532
246	1246	2246	9	11.743848480896087
247	1247	2247	9	12.136439729124909
248	1248	2248	9	10.052307479410159
249	1249	2249	9	10.493801055411812
250	1250	2250	9	9.685209902911177
251	1251	2251	9	30.38693968861669
252	1252	2252	9	9.936596538320229
253	1253	2253	9	10.07328801949661
254	1254	2254	9	9.273123872611313
255	1255	2255	9	9.213648671792464
256	1256	2256	9	9.734279521768787
257	1257	2257	9	10.609286097339384
258	1258	2258	9	5.235414521021216
259	1259	2259	9	9.076699678787627
260	1260	2260	9	10.545811964485354
261	1261	2261	9	8.568555989032381
262	1262	2262	9	11.561470834834351
263	1263	2263	9	10.168677118883844
264	1264	2264	9	8.508804917582122
265	1265	2265	9	9.100632355385688
266	1266	2266	9	11.812821994850761
267	1267	2267	9	8.304640880236429
268	1268	2268	9	11.688563511482258
269	1269	2269	9	10.272930619611005
270	1270	2270	9	8.323943424757584
271	1271	2271	9	8.271723889273343
272	1272	2272	9	9.739826365109002
273	1273	2273	9	8.459590221288178
274	1274	2274	9	11.735604489773708
275	1275	2275	9	10.635384599148477
276	1276	2276	9	9.114473420581888
277	1277	2277	9	10.943405584539995
278	1278	2278	9	10.45175571149736
279	1279	2279	9	10.393316608717011
280	1280	2280	9	9.454935228949966
281	1281	2281	9	10.982278117391804
282	1282	2282	9	9.216893777585748
283	1283	2283	9	29.362252380780582
284	1284	2284	9	10.02996448420627
285	1285	2285	9	9.178103169798714
286	1286	2286	9	10.682096925648196
287	1287	2287	9	9.003463705565844
288	1288	2288	9	9.900183422204591
289	1289	2289	9	9.540295406739867
290	1290	2290	9	11.31374979520223
291	1291	2291	9	11.082731713911748
292	1292	2292	9	9.903263581182108
293	1293	2293	9	10.45384786181375
294	1294	2294	9	9.245815293572262
295	1295	2295	9	9.326659351419679
296	1296	2296	9	10.262020618950844
297	1297	2297	9	9.36519115938461
298	1298	2298	9	28.952847087128326
299	1299	2299	9	9.465862922699289
300	1300	2300	9	11.172144913294822
301	1301	2301	9	9.961519004568801
302	1302	2302	9	8.299098145605798
303	1303	2303	9	11.238367077937863
304	1304	2304	9	9.820680863223819
305	1305	2305	9	8.293794356423223
306	1306	2306	9	10.934037699664902
307	1307	2307	9	11.944016861276788
308	1308	2308	9	9.073403741226285
309	1309	2309	9	9.197578686265999
310	1310	2310	9	30.46901998387881
311	1311	2311	9	10.76741919326243
312	1312	2312	9	9.537876754945595
313	1313	2313	9	9.606706634206658
314	1314	2314	9	11.477017651222877
315	1315	2315	9	10.186968655146627
316	1316	2316	9	10.431881630282586
317	1317	2317	9	12.091232409868285
318	1318	2318	9	9.788900667289528
319	1319	2319	9	12.721269173077403
320	1320	2320	9	10.002760353137846
321	1321	2321	9	7.658109556161707
322	1322	2322	9	10.386889846743287
323	1323	2323	9	30.541916405576668
324	1324	2324	9	11.546530749293902
325	1325	2325	9	10.15625205508846
326	1326	2326	9	10.012835340601935
327	1327	2327	9	10.927843019729451
328	1328	2328	9	10.6440252001838
329	1329	2329	9	11.339046613274235
330	1330	2330	9	9.062941905224024
331	1331	2331	9	7.540999532501083
332	1332	2332	9	9.879785326408516
333	1333	2333	9	29.846327634277582
334	1334	2334	9	9.082705039401134
335	1335	2335	9	8.621210817757419
336	1336	2336	9	8.843179894083743
337	1337	2337	9	30.783305375751414
338	1338	2338	9	10.118723970959257
339	1339	2339	9	8.976212868254512
340	1340	2340	9	10.05512350466732
341	1341	2341	9	11.674929732694919
342	1342	2342	9	11.309892820925016
343	1343	2343	9	10.121040447071703
344	1344	2344	9	11.08681183599009
345	1345	2345	9	8.856480205508113
346	1346	2346	9	11.073247472299009
347	1347	2347	9	30.954055835794673
348	1348	2348	9	10.656545455690326
349	1349	2349	9	9.977061076123412
350	1350	2350	9	11.508355763345776
351	1351	2351	9	30.416388789874276
352	1352	2352	9	8.916426532217004
353	1353	2353	9	8.933087230718078
354	1354	2354	9	8.63035772550401
355	1355	2355	9	12.266283466893896
356	1356	2356	9	9.90891366488488
357	1357	2357	9	9.757967276726696
358	1358	2358	9	9.672981021507828
359	1359	2359	9	10.75775283925031
360	1360	2360	9	9.327014082138763
361	1361	2361	9	8.492692473172559
362	1362	2362	9	12.674131980022622
363	1363	2363	9	10.65388509872948
364	1364	2364	9	10.570206330614496
365	1365	2365	9	9.365583824798517
366	1366	2366	9	9.650481145899874
367	1367	2367	9	30.798768931430377
368	1368	2368	9	29.719329681765544
369	1369	2369	9	10.591653816038823
370	1370	2370	9	9.77568542719417
371	1371	2371	9	11.524191299723459
372	1372	2372	9	10.543345209515754
373	1373	2373	9	80.92237147866085
374	1374	2374	9	9.583531063090266
375	1375	2375	9	10.856180094262667
376	1376	2376	9	10.860726329878936
377	1377	2377	9	8.172098959588446
378	1378	2378	9	10.757854185009482
379	1379	2379	9	10.948827246094401
380	1380	2380	9	9.7612239530517
381	1381	2381	9	9.001052172246293
382	1382	2382	9	10.132741007466537
383	1383	2383	9	9.17799954087754
384	1384	2384	9	9.925643257226355
385	1385	2385	9	10.513868869979952
386	1386	2386	9	9.456135006145606
387	1387	2387	9	81.44573555276071
388	1388	2388	9	8.33294929569931
389	1389	2389	9	10.32897335759869
390	1390	2390	9	10.749109339021675
391	1391	2391	9	9.368291468733393
392	1392	2392	9	9.622469607578228
393	1393	2393	9	8.658654680005423
394	1394	2394	9	11.117076335687653
395	1395	2395	9	10.095285674287192
396	1396	2396	9	3.701722312875799
397	1397	2397	9	10.038065399591364
398	1398	2398	9	10.613398901002855
399	1399	2399	9	10.269961874043618
400	1400	2400	9	9.797914087691888
401	1401	2401	9	32.39771883326999
402	1402	2402	9	9.135113381513102
403	1403	2403	9	9.441342678504135
404	1404	2404	9	8.070473766719683
405	1405	2405	9	9.359669169290513
406	1406	2406	9	12.018909923971464
407	1407	2407	9	9.353283017805884
408	1408	2408	9	12.08750029697543
409	1409	2409	9	10.572138786256012
410	1410	2410	9	9.28404925407389
411	1411	2411	9	8.654509951147178
412	1412	2412	9	9.840236606274523
413	1413	2413	9	10.240661645112375
414	1414	2414	9	10.061523530617533
415	1415	2415	9	10.655539243321769
416	1416	2416	9	12.016217659867337
417	1417	2417	9	8.87662021852936
418	1418	2418	9	81.53005046141655
419	1419	2419	9	8.368795885241093
420	1420	2420	9	30.510324305207433
421	1421	2421	9	9.978511037899013
422	1422	2422	9	10.229083940889577
423	1423	2423	9	8.640159665094025
424	1424	2424	9	9.240245916651922
425	1425	2425	9	9.84772885118522
426	1426	2426	9	8.33869344792262
427	1427	2427	9	28.1356977318091
428	1428	2428	9	10.012933145530976
429	1429	2429	9	9.731075262963746
430	1430	2430	9	9.271891344832813
431	1431	2431	9	29.30017947382275
432	1432	2432	9	10.315811467920284
433	1433	2433	9	8.965341312546155
434	1434	2434	9	9.24051096604492
435	1435	2435	9	11.125800963199566
436	1436	2436	9	9.45519685616763
437	1437	2437	9	9.114766632528475
438	1438	2438	9	11.784187971588224
439	1439	2439	9	10.597992493566613
440	1440	2440	9	8.798569507665725
441	1441	2441	9	9.486275810213673
442	1442	2442	9	10.078411067570622
443	1443	2443	9	9.659972679733583
444	1444	2444	9	30.447884917251507
445	1445	2445	9	9.295589556506272
446	1446	2446	9	10.794512391915577
447	1447	2447	9	10.89642455264012
448	1448	2448	9	10.024444769945138
449	1449	2449	9	9.771076900882555
450	1450	2450	9	10.251949040827082
451	1451	2451	9	11.019872419615199
452	1452	2452	9	29.548032625752807
453	1453	2453	9	9.504929100834431
454	1454	2454	9	19.168350047611874
455	1455	2455	9	7.394400161352488
456	1456	2456	9	8.126241894349754
457	1457	2457	9	10.764903017476716
458	1458	2458	9	9.31020472924466
459	1459	2459	9	8.152574990241549
460	1460	2460	9	10.44783905021168
461	1461	2461	9	11.427206340856952
462	1462	2462	9	11.147921514706152
463	1463	2463	9	9.075520863737616
464	1464	2464	9	8.995147967404318
465	1465	2465	9	11.843260887700502
466	1466	2466	9	27.693726249474736
467	1467	2467	9	9.293949547315503
468	1468	2468	9	10.364837132773419
469	1469	2469	9	20.227303453215256
470	1470	2470	9	10.81380517016285
471	1471	2471	9	80.04626270775744
472	1472	2472	9	8.202506199258286
473	1473	2473	9	8.608985578401064
474	1474	2474	9	10.33735535269871
475	1475	2475	9	8.971103593595664
476	1476	2476	9	29.970760037583585
477	1477	2477	9	11.387124507764623
478	1478	2478	9	10.40224873060449
479	1479	2479	9	10.859856221501936
480	1480	2480	9	8.809330750225476
481	1481	2481	9	9.352780678556364
482	1482	2482	9	9.439475925582595
483	1483	2483	9	11.393440044437352
484	1484	2484	9	10.902228529659068
485	1485	2485	9	10.158653490489542
486	1486	2486	9	8.872408441773782
487	1487	2487	9	10.018069166530154
488	1488	2488	9	30.475808164261252
489	1489	2489	9	8.911358286241708
490	1490	2490	9	9.801702036977325
491	1491	2491	9	8.948828194446214
492	1492	2492	9	10.038894607284108
493	1493	2493	9	11.56157188718846
494	1494	2494	9	8.674944299571514
495	1495	2495	9	10.854034965697538
496	1496	2496	9	9.823279639035903
497	1497	2497	9	9.857047466496455
498	1498	2498	9	9.965090017545483
499	1499	2499	9	8.321292880518472
500	1500	2500	9	9.914153521093894
501	1501	2501	9	8.980807987056123
502	1502	2502	9	10.253733569747302
503	1503	2503	9	9.470295213659272
504	1504	2504	9	10.182393566410928
505	1505	2505	9	11.192795827810244
506	1506	2506	9	10.348741039523011
507	1507	2507	9	30.77843076345341
508	1508	2508	9	9.72904634344249
509	1509	2509	9	8.52127475390295
510	1510	2510	9	10.839771528619252
511	1511	2511	9	10.828511649124124
512	1512	2512	9	9.06409850834546
513	1513	2513	9	9.034788632774761
514	1514	2514	9	10.72906255684372
515	1515	2515	9	7.912513532633027
516	1516	2516	9	9.752757654608116
517	1517	2517	9	10.234695741331528
518	1518	2518	9	9.807057177325074
519	1519	2519	9	9.845425319125116
520	1520	2520	9	10.051895300895307
521	1521	2521	9	10.058281950472331
522	1522	2522	9	11.18616927850323
523	1523	2523	9	28.88922666583067
524	1524	2524	9	9.176867116094831
525	1525	2525	9	8.861062364412247
526	1526	2526	9	10.740143562196197
527	1527	2527	9	10.422946618785172
528	1528	2528	9	10.259721504500941
529	1529	2529	9	8.557277757381813
530	1530	2530	9	30.886567141785775
531	1531	2531	9	9.195708740378151
532	1532	2532	9	10.409501573785716
533	1533	2533	9	10.62867081823905
534	1534	2534	9	9.617214222579854
535	1535	2535	9	10.156005272618406
536	1536	2536	9	8.427536273118504
537	1537	2537	9	79.65631200308255
538	1538	2538	9	9.44193518555205
539	1539	2539	9	9.618986355074426
540	1540	2540	9	29.891951669710995
541	1541	2541	9	9.819163056262054
542	1542	2542	9	9.877796513488459
543	1543	2543	9	78.70243895882392
544	1544	2544	9	10.133056593431785
545	1545	2545	9	8.390465136662513
546	1546	2546	9	30.79307679025705
547	1547	2547	9	7.786790204253487
548	1548	2548	9	9.515309024218938
549	1549	2549	9	11.321336599003445
550	1550	2550	9	9.79300182903516
551	1551	2551	9	9.767896503469466
552	1552	2552	9	11.449561312277288
553	1553	2553	9	8.841597123612774
554	1554	2554	9	11.210785214340287
555	1555	2555	9	10.097133007470491
556	1556	2556	9	9.965553518415465
557	1557	2557	9	10.22300238855999
558	1558	2558	9	10.878578690005915
559	1559	2559	9	10.013647189494453
560	1560	2560	9	10.40215414256973
561	1561	2561	9	29.242653045387737
562	1562	2562	9	8.416929750858491
563	1563	2563	9	11.194653382984457
564	1564	2564	9	10.695517942011794
565	1565	2565	9	7.735135076426693
566	1566	2566	9	8.88173670602286
567	1567	2567	9	8.749398073313571
568	1568	2568	9	10.854575044281997
569	1569	2569	9	10.007641526955831
570	1570	2570	9	9.75535977504185
571	1571	2571	9	31.444053915182714
572	1572	2572	9	5.403255741528671
573	1573	2573	9	9.514405785426371
574	1574	2574	9	8.822659857405156
575	1575	2575	9	11.728360059093152
576	1576	2576	9	12.365186453766992
577	1577	2577	9	9.618871533033515
578	1578	2578	9	9.996074820316217
579	1579	2579	9	9.826856239846924
580	1580	2580	9	9.717951170773766
581	1581	2581	9	9.630899610842393
582	1582	2582	9	9.371037127526977
583	1583	2583	9	11.406751971150403
584	1584	2584	9	10.379102890187959
585	1585	2585	9	11.050959928252622
586	1586	2586	9	9.727843453109605
587	1587	2587	9	10.031072404483742
588	1588	2588	9	10.148406261730198
589	1589	2589	9	10.884896885736545
590	1590	2590	9	10.3725499622111
591	1591	2591	9	9.902156880230148
592	1592	2592	9	7.852684295003728
593	1593	2593	9	9.737994867512855
594	1594	2594	9	8.416470816592087
595	1595	2595	9	9.937145384564293
596	1596	2596	9	9.604359826141437
597	1597	2597	9	9.920994585370016
598	1598	2598	9	28.95603609966238
599	1599	2599	9	29.665636936705884
600	1600	2600	9	31.85548383673161
601	1601	2601	9	30.363034521570903
602	1602	2602	9	9.165347189474522
603	1603	2603	9	10.036163762057415
604	1604	2604	9	9.785448713804946
605	1605	2605	9	9.254080307335562
606	1606	2606	9	9.888070090840264
607	1607	2607	9	12.321406950400185
608	1608	2608	9	11.746025936072375
609	1609	2609	9	10.067194593004148
610	1610	2610	9	10.264553868474376
611	1611	2611	9	8.648234290773493
612	1612	2612	9	10.169589025279475
613	1613	2613	9	10.280780469288306
614	1614	2614	9	9.934935763222196
615	1615	2615	9	11.915487130998557
616	1616	2616	9	9.751949385279016
617	1617	2617	9	31.58800822778016
618	1618	2618	9	10.972559390231298
619	1619	2619	9	10.73062085071187
620	1620	2620	9	8.927220470002254
621	1621	2621	9	17.89273640212983
622	1622	2622	9	10.33936334487
623	1623	2623	9	10.42909219740869
624	1624	2624	9	10.105231765741413
625	1625	2625	9	7.926790316793758
626	1626	2626	9	9.764298710531433
627	1627	2627	9	10.364116137578298
628	1628	2628	9	8.905958342992422
629	1629	2629	9	9.700861897359777
630	1630	2630	9	10.27309010255275
631	1631	2631	9	10.200018071097738
632	1632	2632	9	9.825929685272687
633	1633	2633	9	9.320589889434078
634	1634	2634	9	8.23356381224673
635	1635	2635	9	8.429408462583968
636	1636	2636	9	28.588085126647293
637	1637	2637	9	9.677210607796168
638	1638	2638	9	10.365963069411695
639	1639	2639	9	9.77661858263183
640	1640	2640	9	30.191758685584716
641	1641	2641	9	59.18715981838439
642	1642	2642	9	29.699273556993006
643	1643	2643	9	10.330909284378993
644	1644	2644	9	11.202765179985482
645	1645	2645	9	10.053390204476795
646	1646	2646	9	10.539391539949936
647	1647	2647	9	9.736780950438858
648	1648	2648	9	10.483517413233448
649	1649	2649	9	9.476001527593251
650	1650	2650	9	6.745322479292469
651	1651	2651	9	10.608158277716013
652	1652	2652	9	9.698579298543306
653	1653	2653	9	10.346945493205997
654	1654	2654	9	9.977442571156217
655	1655	2655	9	10.012187716612779
656	1656	2656	9	80.11489017635145
657	1657	2657	9	9.744600824869625
658	1658	2658	9	4.472504238682913
659	1659	2659	9	10.52783613156921
660	1660	2660	9	8.9298074040612
661	1661	2661	9	9.218986837002873
662	1662	2662	9	79.87813270806022
663	1663	2663	9	10.48549417081454
664	1664	2664	9	10.81233906978294
665	1665	2665	9	11.098984903098446
666	1666	2666	9	10.025343393033944
667	1667	2667	9	9.983880908289692
668	1668	2668	9	31.295609080397558
669	1669	2669	9	9.4536546158955
670	1670	2670	9	10.973400330166465
671	1671	2671	9	9.387281707255873
672	1672	2672	9	8.483432990870513
673	1673	2673	9	9.478576238153831
674	1674	2674	9	9.874609678006252
675	1675	2675	9	10.146432735168682
676	1676	2676	9	10.019941121703372
677	1677	2677	9	8.962877534185251
678	1678	2678	9	30.254090528760283
679	1679	2679	9	10.04336552131884
680	1680	2680	9	9.658367676785783
681	1681	2681	9	9.941000183212337
682	1682	2682	9	10.765183581358695
683	1683	2683	9	8.224947566772526
684	1684	2684	9	31.822794583791282
685	1685	2685	9	10.313842443642304
686	1686	2686	9	12.132547601506289
687	1687	2687	9	30.752315342553985
688	1688	2688	9	9.716479059094349
689	1689	2689	9	10.309108215282514
690	1690	2690	9	11.490386193222832
691	1691	2691	9	8.446169487719828
692	1692	2692	9	9.884282707279047
693	1693	2693	9	10.326235625634055
694	1694	2694	9	8.584878039892367
695	1695	2695	9	8.869321367940387
696	1696	2696	9	31.124188737575878
697	1697	2697	9	11.66410248946254
698	1698	2698	9	10.34326996798409
699	1699	2699	9	10.467836083727866
700	1700	2700	9	11.368216102204396
701	1701	2701	9	10.116390310213026
702	1702	2702	9	78.7067128099672
703	1703	2703	9	9.130851446996163
704	1704	2704	9	9.974638107297887
705	1705	2705	9	20.376839013938962
706	1706	2706	9	9.691095114864032
707	1707	2707	9	10.66635932227221
708	1708	2708	9	9.950967303145857
709	1709	2709	9	8.87235007402522
710	1710	2710	9	9.752768029480501
711	1711	2711	9	8.383543114395582
712	1712	2712	9	11.748579930939606
713	1713	2713	9	10.136302357407583
714	1714	2714	9	10.208697944237484
715	1715	2715	9	10.23480678368563
716	1716	2716	9	80.29359456801072
717	1717	2717	9	9.555113996345735
718	1718	2718	9	10.80650060940549
719	1719	2719	9	9.056503840489116
720	1720	2720	9	8.444393885875385
721	1721	2721	9	10.398050202348802
722	1722	2722	9	9.376182237632179
723	1723	2723	9	10.505765646521311
724	1724	2724	9	9.510704322100295
725	1725	2725	9	9.923670368492688
726	1726	2726	9	10.385524992069792
727	1727	2727	9	9.904432748155873
728	1728	2728	9	11.132454367551796
729	1729	2729	9	9.585599194182802
730	1730	2730	9	9.110163861128166
731	1731	2731	9	9.939065445946646
732	1732	2732	9	10.061982114554878
733	1733	2733	9	10.354218174217657
734	1734	2734	9	29.475263546077326
735	1735	2735	9	10.117609009496666
736	1736	2736	9	8.9372774184924
737	1737	2737	9	8.893020758119121
738	1738	2738	9	9.006658788474764
739	1739	2739	9	8.443199631380276
740	1740	2740	9	10.038470354258536
741	1741	2741	9	9.411870098149368
742	1742	2742	9	9.23027931540412
743	1743	2743	9	11.016900279864952
744	1744	2744	9	28.738901198320043
745	1745	2745	9	11.258503843870388
746	1746	2746	9	11.17723450098508
747	1747	2747	9	10.479732242401619
748	1748	2748	9	30.012094288732776
749	1749	2749	9	79.80600653113648
750	1750	2750	9	10.15185282032292
751	1751	2751	9	9.658905027900666
752	1752	2752	9	8.515642544946568
753	1753	2753	9	11.507864965479213
754	1754	2754	9	9.865094423595044
755	1755	2755	9	30.924102083212983
756	1756	2756	9	9.12166300084879
757	1757	2757	9	9.246863190132533
758	1758	2758	9	9.7767529374355
759	1759	2759	9	8.999643006471779
760	1760	2760	9	9.352240580224073
761	1761	2761	9	10.223983772952344
762	1762	2762	9	10.32465688235397
763	1763	2763	9	11.431658228712127
764	1764	2764	9	10.788989902433965
765	1765	2765	9	8.42099614671528
766	1766	2766	9	10.600890414633254
767	1767	2767	9	29.17588492304205
768	1768	2768	9	10.285327050055326
769	1769	2769	9	10.274469955954396
770	1770	2770	9	30.252321523106893
771	1771	2771	9	9.9701127323295
772	1772	2772	9	11.383131622093165
773	1773	2773	9	10.074759257481066
774	1774	2774	9	9.353167940802772
775	1775	2775	9	9.962817074457083
776	1776	2776	9	10.273106005128378
777	1777	2777	9	9.87367622452362
778	1778	2778	9	10.063470339449317
779	1779	2779	9	10.042144153513874
780	1780	2780	9	8.635039166901137
781	1781	2781	9	10.406652589995165
782	1782	2782	9	9.512980581864323
783	1783	2783	9	10.67701111416516
784	1784	2784	9	9.863094307169428
785	1785	2785	9	8.740588512429722
786	1786	2786	9	10.342278192257716
787	1787	2787	9	8.899270451584641
788	1788	2788	9	8.535451123989212
789	1789	2789	9	7.997851915989612
790	1790	2790	9	11.362170895045157
791	1791	2791	9	9.581251211428729
792	1792	2792	9	10.425376536780274
793	1793	2793	9	8.301965552036203
794	1794	2794	9	9.75976011897498
795	1795	2795	9	10.980281619869787
796	1796	2796	9	9.808775064603223
797	1797	2797	9	30.950471734488158
798	1798	2798	9	9.273892639284595
799	1799	2799	9	11.764466604841289
800	1800	2800	9	10.102642402665508
801	1801	2801	9	8.674217713538575
802	1802	2802	9	8.605304046841244
803	1803	2803	9	10.597274575620537
804	1804	2804	9	7.6280070057421
805	1805	2805	9	9.65438939371557
806	1806	2806	9	9.29093902136666
807	1807	2807	9	9.786158846229624
808	1808	2808	9	10.678247882472327
809	1809	2809	9	30.27377033130888
810	1810	2810	9	10.603865201315472
811	1811	2811	9	10.98859650346736
812	1812	2812	9	9.705984608196198
813	1813	2813	9	9.776374120964116
814	1814	2814	9	30.955423662626554
815	1815	2815	9	8.152615999093868
816	1816	2816	9	8.833987222857633
817	1817	2817	9	9.457987427125612
818	1818	2818	9	9.634698232973689
819	1819	2819	9	8.827507625337084
820	1820	2820	9	9.7654560274164
821	1821	2821	9	9.35933625784737
822	1822	2822	9	29.702562934765275
823	1823	2823	9	11.615527889184927
824	1824	2824	9	11.183108431700838
825	1825	2825	9	10.46348918974454
826	1826	2826	9	11.068504355115351
827	1827	2827	9	10.983071897457082
828	1828	2828	9	9.033961784975023
829	1829	2829	9	9.304947035974662
830	1830	2830	9	9.26698409675281
831	1831	2831	9	11.546156059772796
832	1832	2832	9	11.307856843624862
833	1833	2833	9	29.589545344731462
834	1834	2834	9	10.598133594131017
835	1835	2835	9	9.76932393869647
836	1836	2836	9	32.81895714816858
837	1837	2837	9	11.439976668273413
838	1838	2838	9	7.864578644700286
839	1839	2839	9	11.25488105930151
840	1840	2840	9	8.898860007675182
841	1841	2841	9	11.067044609448521
842	1842	2842	9	10.594655852978985
843	1843	2843	9	11.770101900648553
844	1844	2844	9	20.756996664012398
845	1845	2845	9	5.697883004857633
846	1846	2846	9	10.056757345698998
847	1847	2847	9	9.480641907518432
848	1848	2848	9	9.57438140184044
849	1849	2849	9	9.628216497471971
850	1850	2850	9	8.836968506272047
851	1851	2851	9	10.891516888325647
852	1852	2852	9	8.526137807263215
853	1853	2853	9	10.1118783436737
854	1854	2854	9	8.03349844288498
855	1855	2855	9	9.126104592748536
856	1856	2856	9	9.410560021283988
857	1857	2857	9	9.047070748108968
858	1858	2858	9	30.015788809807983
859	1859	2859	9	10.148114981704254
860	1860	2860	9	29.82253761519196
861	1861	2861	9	8.708548125267926
862	1862	2862	9	11.812019453966458
863	1863	2863	9	10.022264503088195
864	1864	2864	9	9.625222908509931
865	1865	2865	9	9.396341894967223
866	1866	2866	9	10.478599707991513
867	1867	2867	9	10.241864405328247
868	1868	2868	9	10.898507272677026
869	1869	2869	9	30.27506859856096
870	1870	2870	9	12.028704195181525
871	1871	2871	9	10.640201923110578
872	1872	2872	9	9.286587694058769
873	1873	2873	9	10.787025288539903
874	1874	2874	9	10.048080983154836
875	1875	2875	9	28.72352613915043
876	1876	2876	9	10.071113638327596
877	1877	2877	9	10.021112679457566
878	1878	2878	9	9.939249792366345
879	1879	2879	9	9.74524142900105
880	1880	2880	9	10.305133573339846
881	1881	2881	9	9.566987641944449
882	1882	2882	9	11.238829041153311
883	1883	2883	9	11.79916420528261
884	1884	2884	9	10.817984310453491
885	1885	2885	9	9.131615298433
886	1886	2886	9	8.557513063435554
887	1887	2887	9	12.891365592645759
888	1888	2888	9	9.318971618072865
889	1889	2889	9	11.376467121249798
890	1890	2890	9	10.175950120504433
891	1891	2891	9	10.001308452774973
892	1892	2892	9	13.162332866467352
893	1893	2893	9	10.56672991898622
894	1894	2894	9	7.985006080030754
895	1895	2895	9	12.09750097013622
896	1896	2896	9	10.385267674129953
897	1897	2897	9	11.365644849421656
898	1898	2898	9	10.578792038527855
899	1899	2899	9	10.381232578769437
900	1900	2900	9	11.583925365078974
901	1901	2901	9	9.137895486255985
902	1902	2902	9	11.141242044871163
903	1903	2903	9	9.784385373761204
904	1904	2904	9	9.676739075318814
905	1905	2905	9	9.423191257712336
906	1906	2906	9	11.232506514239157
907	1907	2907	9	9.653566494478879
908	1908	2908	9	11.151479329239953
909	1909	2909	9	12.439184383958452
910	1910	2910	9	9.84496647544879
911	1911	2911	9	9.962501781218208
912	1912	2912	9	8.816754488713679
913	1913	2913	9	10.290597316033363
914	1914	2914	9	28.680769745341657
915	1915	2915	9	10.046279347458713
916	1916	2916	9	29.80485894913278
917	1917	2917	9	8.83336150510797
918	1918	2918	9	9.634635060846282
919	1919	2919	9	5.7654697441884055
920	1920	2920	9	30.1206716149989
921	1921	2921	9	10.042636729794292
922	1922	2922	9	9.187797969646319
923	1923	2923	9	30.04418261572381
924	1924	2924	9	7.58744519749103
925	1925	2925	9	28.71294297255361
926	1926	2926	9	9.53110464070171
927	1927	2927	9	9.60001079662593
928	1928	2928	9	9.989786537074181
929	1929	2929	9	9.34866715817927
930	1930	2930	9	9.323549232628228
931	1931	2931	9	10.031069311902225
932	1932	2932	9	9.900753999588105
933	1933	2933	9	8.60388838305486
934	1934	2934	9	30.082527462437614
935	1935	2935	9	9.52455472832518
936	1936	2936	9	9.068129206537424
937	1937	2937	9	8.874893250406911
938	1938	2938	9	28.513300506549076
939	1939	2939	9	10.411433019066905
940	1940	2940	9	10.097832606771679
941	1941	2941	9	9.859130501171498
942	1942	2942	9	31.436590895223585
943	1943	2943	9	10.136603635738316
944	1944	2944	9	11.559575520761456
945	1945	2945	9	9.46819400925195
946	1946	2946	9	10.086607836402461
947	1947	2947	9	9.82253197698373
948	1948	2948	9	9.738425909475245
949	1949	2949	9	7.320239400373493
950	1950	2950	9	10.459797543745163
951	1951	2951	9	10.262840406690607
952	1952	2952	9	7.028678545156136
953	1953	2953	9	11.026875873743087
954	1954	2954	9	10.48611517551997
955	1955	2955	9	30.383904110598102
956	1956	2956	9	8.81671766213922
957	1957	2957	9	10.250733382485299
958	1958	2958	9	10.121996450768357
959	1959	2959	9	11.685078378015685
960	1960	2960	9	5.583993099052023
961	1961	2961	9	11.06430555364417
962	1962	2962	9	9.696226642579246
963	1963	2963	9	11.885645505936061
964	1964	2964	9	11.17534489556443
965	1965	2965	9	11.566316701010978
966	1966	2966	9	11.015633357769376
967	1967	2967	9	10.416447305226574
968	1968	2968	9	9.271337491869208
969	1969	2969	9	9.528631519245524
970	1970	2970	9	8.95420008007881
971	1971	2971	9	10.780564357030421
972	1972	2972	9	10.46862934147694
973	1973	2973	9	8.971157720606143
974	1974	2974	9	8.853711539233819
975	1975	2975	9	9.643855349413705
976	1976	2976	9	10.095635291673814
977	1977	2977	9	11.212591668858071
978	1978	2978	9	30.32750541305267
979	1979	2979	9	8.848800892664196
980	1980	2980	9	9.742951903906526
981	1981	2981	9	10.693143499070406
982	1982	2982	9	10.37941835906967
983	1983	2983	9	12.009798778802038
984	1984	2984	9	9.76722224164583
985	1985	2985	9	9.658386943003217
986	1986	2986	9	8.627913260702805
987	1987	2987	9	10.135739492633139
988	1988	2988	9	10.155437784327184
989	1989	2989	9	10.32726744929741
990	1990	2990	9	9.900436681621938
991	1991	2991	9	8.756671766520553
992	1992	2992	9	10.461445699287292
993	1993	2993	9	10.305505859585635
994	1994	2994	9	10.760125517879228
995	1995	2995	9	10.586887811652781
996	1996	2996	9	8.311021060613701
997	1997	2997	9	10.324655697824664
998	1998	2998	9	11.551656621839351
999	1999	2999	9	12.287592054884858
1000	2000	3000	9	9.106285505751897
