ind_ID	father_ID	mother_ID	Sex	Phenotype
1	1001	2001	9	29.438504263603193
2	1002	2002	9	18.05298330123992
3	1003	2003	9	8.423580039093062
4	1004	2004	9	30.01582391386518
5	1005	2005	9	30.87931156290775
6	1006	2006	9	9.494404791741301
7	1007	2007	9	11.040104876462275
8	1008	2008	9	11.600954271656148
9	1009	2009	9	8.52092072576306
10	1010	2010	9	10.275322758228368
11	1011	2011	9	9.122339488020057
12	1012	2012	9	11.766610006683408
13	1013	2013	9	11.493900215276943
14	1014	2014	9	10.492608121666937
15	1015	2015	9	18.32458702002085
16	1016	2016	9	10.771621701909064
17	1017	2017	9	61.733016751131125
18	1018	2018	9	18.687111264173907
19	1019	2019	9	59.10328355791223
20	1020	2020	9	9.116185723720436
21	1021	2021	9	40.755632283623356
22	1022	2022	9	9.362920384602404
23	1023	2023	9	10.501072630349654
24	1024	2024	9	11.054565021601945
25	1025	2025	9	30.944611475693172
26	1026	2026	9	10.979425356345441
27	1027	2027	9	18.63603604048862
28	1028	2028	9	8.338695005921245
29	1029	2029	9	10.936090515733074
30	1030	2030	9	11.755893732357913
31	1031	2031	9	8.545831640304247
32	1032	2032	9	59.684767718724345
33	1033	2033	9	9.810166866210208
34	1034	2034	9	29.902009125854224
35	1035	2035	9	10.292996952774503
36	1036	2036	9	61.206407637091935
37	1037	2037	9	10.952136944143414
38	1038	2038	9	30.044389536463743
39	1039	2039	9	11.402623664981252
40	1040	2040	9	11.390884038095061
41	1041	2041	9	9.788432508614937
42	1042	2042	9	9.65800396234618
43	1043	2043	9	20.1924447282909
44	1044	2044	9	30.75656155260616
45	1045	2045	9	28.84133964662621
46	1046	2046	9	31.262748043655186
47	1047	2047	9	9.593606831798345
48	1048	2048	9	11.27405957451476
49	1049	2049	9	10.648981875158643
50	1050	2050	9	10.27322834570003
51	1051	2051	9	31.20144489097933
52	1052	2052	9	10.886323875484042
53	1053	2053	9	11.739203089170688
54	1054	2054	9	20.30489515502047
55	1055	2055	9	30.215213387090568
56	1056	2056	9	21.143673265525912
57	1057	2057	9	29.87700095270785
58	1058	2058	9	10.283772591401815
59	1059	2059	9	10.98237394826735
60	1060	2060	9	9.646898148874202
61	1061	2061	9	30.424942557489842
62	1062	2062	9	9.120647474818016
63	1063	2063	9	11.712207461213985
64	1064	2064	9	10.925125573947877
65	1065	2065	9	59.09765235058149
66	1066	2066	9	8.7428917384839
67	1067	2067	9	10.997707437860823
68	1068	2068	9	11.765922399278187
69	1069	2069	9	20.005599250033434
70	1070	2070	9	9.319988447632916
71	1071	2071	9	10.424099211708606
72	1072	2072	9	10.528652405206499
73	1073	2073	9	21.27753442187741
74	1074	2074	9	19.003165732913967
75	1075	2075	9	29.376978236158045
76	1076	2076	9	61.77509971808481
77	1077	2077	9	9.707202792946894
78	1078	2078	9	12.031349971829542
79	1079	2079	9	30.35383442108836
80	1080	2080	9	20.377037686175356
81	1081	2081	9	8.569963261974893
82	1082	2082	9	9.693503398487014
83	1083	2083	9	20.86327840811064
84	1084	2084	9	10.102193638069336
85	1085	2085	9	9.579524530891725
86	1086	2086	9	11.852518280040286
87	1087	2087	9	9.347831877033709
88	1088	2088	9	9.816521819151292
89	1089	2089	9	27.299154092205658
90	1090	2090	9	27.881977381664104
91	1091	2091	9	7.991384730147425
92	1092	2092	9	29.128079168402323
93	1093	2093	9	8.277595201801278
94	1094	2094	9	11.216319458652157
95	1095	2095	9	19.67853388506045
96	1096	2096	9	10.162241278632235
97	1097	2097	9	30.3283553750856
98	1098	2098	9	19.42777489098362
99	1099	2099	9	28.854171960296263
100	1100	2100	9	29.761730336958404
101	1101	2101	9	19.168932817959536
102	1102	2102	9	11.334417768504327
103	1103	2103	9	8.944986528273102
104	1104	2104	9	10.696589713408917
105	1105	2105	9	19.56509781297409
106	1106	2106	9	10.609105877359678
107	1107	2107	9	10.77023815471365
108	1108	2108	9	9.743159600458869
109	1109	2109	9	10.874166945679441
110	1110	2110	9	21.80850790368636
111	1111	2111	9	9.697672140284473
112	1112	2112	9	12.096372095440152
113	1113	2113	9	9.372353058453262
114	1114	2114	9	9.011354593530903
115	1115	2115	9	11.339773211208774
116	1116	2116	9	8.653728032011037
117	1117	2117	9	9.641318252937682
118	1118	2118	9	28.996946452358095
119	1119	2119	9	11.345401747237602
120	1120	2120	9	9.106634085849988
121	1121	2121	9	20.178860365344345
122	1122	2122	9	30.844783832810567
123	1123	2123	9	9.970370642261425
124	1124	2124	9	29.950599552480142
125	1125	2125	9	9.547709050403908
126	1126	2126	9	11.592485060293024
127	1127	2127	9	11.129460296677385
128	1128	2128	9	10.695492144319827
129	1129	2129	9	9.250153850199244
130	1130	2130	9	30.700162829643894
131	1131	2131	9	10.342589250017506
132	1132	2132	9	9.349840950240917
133	1133	2133	9	60.21110455416081
134	1134	2134	9	9.963372830469867
135	1135	2135	9	10.388900455829125
136	1136	2136	9	20.48417142780323
137	1137	2137	9	9.1584433906561
138	1138	2138	9	18.74647728196944
139	1139	2139	9	21.307486377428898
140	1140	2140	9	30.66783716813744
141	1141	2141	9	31.053927431671266
142	1142	2142	9	21.878285032204598
143	1143	2143	9	21.003499372808996
144	1144	2144	9	9.613258642440217
145	1145	2145	9	9.510434796576394
146	1146	2146	9	8.493350078920633
147	1147	2147	9	9.581266754040136
148	1148	2148	9	31.196509745429285
149	1149	2149	9	11.08487469360616
150	1150	2150	9	30.218995264088583
151	1151	2151	9	9.651235203591611
152	1152	2152	9	11.122538907696482
153	1153	2153	9	18.28095045445686
154	1154	2154	9	18.91214778060541
155	1155	2155	9	10.57369051513864
156	1156	2156	9	28.96879850397525
157	1157	2157	9	20.634684641838472
158	1158	2158	9	9.37303377993164
159	1159	2159	9	10.016704160926178
160	1160	2160	9	9.64050587718428
161	1161	2161	9	21.89887731483305
162	1162	2162	9	21.45081938677137
163	1163	2163	9	8.786757086882726
164	1164	2164	9	10.115773854211744
165	1165	2165	9	11.053080528764582
166	1166	2166	9	29.82925845638204
167	1167	2167	9	20.20319905558914
168	1168	2168	9	19.951612675901625
169	1169	2169	9	10.50641966581078
170	1170	2170	9	22.211729637389475
171	1171	2171	9	10.307087033853593
172	1172	2172	9	10.571425425017484
173	1173	2173	9	11.565766926812676
174	1174	2174	9	10.769340358458438
175	1175	2175	9	9.734419522836411
176	1176	2176	9	29.21784405814173
177	1177	2177	9	29.859670066498285
178	1178	2178	9	9.482084050629668
179	1179	2179	9	59.9238306877638
180	1180	2180	9	10.319398200284425
181	1181	2181	9	30.2925808580289
182	1182	2182	9	10.29587097308925
183	1183	2183	9	9.283949482789426
184	1184	2184	9	9.833199900873977
185	1185	2185	9	10.017572835045112
186	1186	2186	9	10.72822889012129
187	1187	2187	9	11.678862350665753
188	1188	2188	9	10.22763237832577
189	1189	2189	9	11.15763510233882
190	1190	2190	9	10.777440005412094
191	1191	2191	9	9.701874248118552
192	1192	2192	9	11.228662818307038
193	1193	2193	9	30.08500916448682
194	1194	2194	9	9.291758013407888
195	1195	2195	9	8.735269071013693
196	1196	2196	9	8.290591664627168
197	1197	2197	9	9.348116356288754
198	1198	2198	9	10.76750076505921
199	1199	2199	9	12.744875240510787
200	1200	2200	9	10.692298589926287
201	1201	2201	9	8.395581303652655
202	1202	2202	9	8.65307199516075
203	1203	2203	9	8.588853021529252
204	1204	2204	9	8.448761794297939
205	1205	2205	9	10.428645069048239
206	1206	2206	9	8.228023675021623
207	1207	2207	9	9.924292512499608
208	1208	2208	9	30.684361769558446
209	1209	2209	9	19.178207174758253
210	1210	2210	9	22.042659114716326
211	1211	2211	9	9.45756652151938
212	1212	2212	9	20.01720844735978
213	1213	2213	9	8.616516818098804
214	1214	2214	9	11.024031297138299
215	1215	2215	9	10.496393136555167
216	1216	2216	9	10.711765618631498
217	1217	2217	9	29.353701080385804
218	1218	2218	9	8.603403985570553
219	1219	2219	9	11.48769470642509
220	1220	2220	9	20.592096632498606
221	1221	2221	9	19.389288502168416
222	1222	2222	9	20.07684845734974
223	1223	2223	9	10.031015140111423
224	1224	2224	9	9.783363953213902
225	1225	2225	9	10.435885687446046
226	1226	2226	9	20.462950463109966
227	1227	2227	9	8.634804753378154
228	1228	2228	9	10.409384210773414
229	1229	2229	9	18.9906007904355
230	1230	2230	9	9.816147429584559
231	1231	2231	9	19.984986386313988
232	1232	2232	9	61.14753416989719
233	1233	2233	9	9.153829582770415
234	1234	2234	9	19.681936585807396
235	1235	2235	9	60.3008808122585
236	1236	2236	9	10.355651165507187
237	1237	2237	9	20.530969532489173
238	1238	2238	9	8.775741389310353
239	1239	2239	9	10.129952425746366
240	1240	2240	9	10.630054001465894
241	1241	2241	9	9.52168705754785
242	1242	2242	9	10.79959603160747
243	1243	2243	9	10.584026863849546
244	1244	2244	9	10.188428306371408
245	1245	2245	9	20.46585895188266
246	1246	2246	9	19.490429024363287
247	1247	2247	9	11.618246702508316
248	1248	2248	9	40.02689644650769
249	1249	2249	9	29.30267990203355
250	1250	2250	9	10.148551284420833
251	1251	2251	9	10.665748579124786
252	1252	2252	9	10.596884968254278
253	1253	2253	9	30.506335823949517
254	1254	2254	9	30.356816964606004
255	1255	2255	9	29.857373662736148
256	1256	2256	9	9.420124080758397
257	1257	2257	9	31.22901761102423
258	1258	2258	9	28.48305657455099
259	1259	2259	9	18.352475235934463
260	1260	2260	9	60.73687041600314
261	1261	2261	9	10.982100942908753
262	1262	2262	9	19.30067448319391
263	1263	2263	9	59.754220888035064
264	1264	2264	9	59.136992034976295
265	1265	2265	9	10.67622496432009
266	1266	2266	9	9.377931913362296
267	1267	2267	9	9.257377191553077
268	1268	2268	9	31.897168356739318
269	1269	2269	9	10.66277858580519
270	1270	2270	9	10.20649774141397
271	1271	2271	9	9.632426133902285
272	1272	2272	9	31.26133914284452
273	1273	2273	9	7.9761838962115945
274	1274	2274	9	59.26574141960369
275	1275	2275	9	10.546709537301018
276	1276	2276	9	21.247506509346838
277	1277	2277	9	9.57602101055323
278	1278	2278	9	9.547015233516241
279	1279	2279	9	10.418061438985932
280	1280	2280	9	9.051795106296536
281	1281	2281	9	11.270288551905134
282	1282	2282	9	59.122140503021406
283	1283	2283	9	29.073519680356593
284	1284	2284	9	9.475981319950419
285	1285	2285	9	9.33506018805862
286	1286	2286	9	9.889474274721218
287	1287	2287	9	9.673560442304737
288	1288	2288	9	39.6813487531402
289	1289	2289	9	10.057710398926707
290	1290	2290	9	59.04126475551662
291	1291	2291	9	9.635261433411479
292	1292	2292	9	19.821563035430227
293	1293	2293	9	8.729440149852794
294	1294	2294	9	8.474536308951905
295	1295	2295	9	9.866159960699278
296	1296	2296	9	10.417887825290547
297	1297	2297	9	11.381605127426305
298	1298	2298	9	20.20383089035902
299	1299	2299	9	32.53839159733493
300	1300	2300	9	27.825872369866623
301	1301	2301	9	10.3779849018847
302	1302	2302	9	19.71566852835207
303	1303	2303	9	18.120830542248747
304	1304	2304	9	10.776175489224158
305	1305	2305	9	28.23315825441881
306	1306	2306	9	11.247902135371028
307	1307	2307	9	10.49317473309116
308	1308	2308	9	8.444346836278287
309	1309	2309	9	9.022831510830931
310	1310	2310	9	30.2095658827709
311	1311	2311	9	21.462642608840973
312	1312	2312	9	20.3580400345883
313	1313	2313	9	10.432318342139258
314	1314	2314	9	30.369024299806888
315	1315	2315	9	42.01161206799759
316	1316	2316	9	9.545116668902757
317	1317	2317	9	9.488421117611814
318	1318	2318	9	18.337573900209765
319	1319	2319	9	9.097940426151823
320	1320	2320	9	8.737490242760078
321	1321	2321	9	10.505288512714337
322	1322	2322	9	10.665800587783577
323	1323	2323	9	10.042376268956021
324	1324	2324	9	9.405887162842918
325	1325	2325	9	10.226166861666915
326	1326	2326	9	19.21403342635639
327	1327	2327	9	9.12641953545721
328	1328	2328	9	9.27276392172381
329	1329	2329	9	18.90594221057599
330	1330	2330	9	11.631002653496656
331	1331	2331	9	10.659189487787039
332	1332	2332	9	11.23471425218237
333	1333	2333	9	10.452977024507733
334	1334	2334	9	10.657214709349226
335	1335	2335	9	10.267304034220704
336	1336	2336	9	10.555402575526346
337	1337	2337	9	10.069967615272231
338	1338	2338	9	9.995168071335453
339	1339	2339	9	8.1966803831855
340	1340	2340	9	11.468623256126635
341	1341	2341	9	10.952746748860385
342	1342	2342	9	10.749716920022504
343	1343	2343	9	19.757402139596046
344	1344	2344	9	10.003215584114034
345	1345	2345	9	20.11565668837562
346	1346	2346	9	10.555666840798429
347	1347	2347	9	8.835001745904355
348	1348	2348	9	21.209095259879287
349	1349	2349	9	30.64241098124587
350	1350	2350	9	10.313798265488586
351	1351	2351	9	59.943992867223294
352	1352	2352	9	9.384645592707447
353	1353	2353	9	19.13577357829489
354	1354	2354	9	60.30963849477702
355	1355	2355	9	8.59791175257277
356	1356	2356	9	9.435616689045982
357	1357	2357	9	9.66025171454546
358	1358	2358	9	20.19417015124021
359	1359	2359	9	19.79206665611696
360	1360	2360	9	12.594351067659774
361	1361	2361	9	8.856701295655517
362	1362	2362	9	19.949044590907054
363	1363	2363	9	8.36508279617193
364	1364	2364	9	10.408727568385848
365	1365	2365	9	59.739390231650766
366	1366	2366	9	28.557575937593985
367	1367	2367	9	10.804183314274072
368	1368	2368	9	11.24667879195675
369	1369	2369	9	20.56457302103857
370	1370	2370	9	10.471811082245996
371	1371	2371	9	18.665503187200596
372	1372	2372	9	10.558295397521245
373	1373	2373	9	30.871665300955144
374	1374	2374	9	9.024117777658144
375	1375	2375	9	20.352149136653658
376	1376	2376	9	9.454269122124265
377	1377	2377	9	9.26440548175167
378	1378	2378	9	120.90152206897363
379	1379	2379	9	9.774325878335164
380	1380	2380	9	20.12803387806859
381	1381	2381	9	10.962205710876816
382	1382	2382	9	10.226188602706278
383	1383	2383	9	9.839304937775124
384	1384	2384	9	9.10899260318324
385	1385	2385	9	30.583599854080155
386	1386	2386	9	30.78157155007679
387	1387	2387	9	30.337078179565513
388	1388	2388	9	30.398032706707646
389	1389	2389	9	10.654308296291632
390	1390	2390	9	29.357947783326395
391	1391	2391	9	10.539381210858323
392	1392	2392	9	21.82434954788454
393	1393	2393	9	9.815386261241182
394	1394	2394	9	32.000366536454635
395	1395	2395	9	10.022408991622864
396	1396	2396	9	30.05704624591151
397	1397	2397	9	10.67058063279586
398	1398	2398	9	19.151863308218044
399	1399	2399	9	10.646803390000219
400	1400	2400	9	19.957288575412235
401	1401	2401	9	9.354236589600722
402	1402	2402	9	11.028963005185496
403	1403	2403	9	11.107355289953206
404	1404	2404	9	9.557602866103439
405	1405	2405	9	9.716677359390971
406	1406	2406	9	59.37184578284358
407	1407	2407	9	29.116865738328357
408	1408	2408	9	30.649088479218708
409	1409	2409	9	21.18953628718367
410	1410	2410	9	29.412188055506647
411	1411	2411	9	11.248017990773198
412	1412	2412	9	7.909716474066576
413	1413	2413	9	10.339324308492747
414	1414	2414	9	19.66906738768459
415	1415	2415	9	9.827634376259423
416	1416	2416	9	10.618443275525083
417	1417	2417	9	9.944094125581369
418	1418	2418	9	20.260287846376922
419	1419	2419	9	11.576223454145735
420	1420	2420	9	10.980056166214927
421	1421	2421	9	10.699506223111921
422	1422	2422	9	62.968535601505394
423	1423	2423	9	10.036425805345008
424	1424	2424	9	10.331843085750824
425	1425	2425	9	10.333903575904609
426	1426	2426	9	9.511390384012907
427	1427	2427	9	9.963459893214242
428	1428	2428	9	58.743812811067016
429	1429	2429	9	9.815127192177851
430	1430	2430	9	7.93877647112145
431	1431	2431	9	8.608313914860918
432	1432	2432	9	21.61463973964447
433	1433	2433	9	10.239347197315523
434	1434	2434	9	40.527763847419365
435	1435	2435	9	20.81181807571187
436	1436	2436	9	10.396744943908034
437	1437	2437	9	10.14289638311633
438	1438	2438	9	8.612894485738362
439	1439	2439	9	31.002027629430707
440	1440	2440	9	9.714517687387605
441	1441	2441	9	10.619961019516225
442	1442	2442	9	10.827681387246185
443	1443	2443	9	19.54533665655924
444	1444	2444	9	30.847300601333423
445	1445	2445	9	30.980540836202692
446	1446	2446	9	28.32985054092396
447	1447	2447	9	9.649886946286893
448	1448	2448	9	9.052958330288941
449	1449	2449	9	9.238758438555578
450	1450	2450	9	9.757411600278237
451	1451	2451	9	9.19331391836519
452	1452	2452	9	8.583598110548198
453	1453	2453	9	10.375904277244906
454	1454	2454	9	9.376003706145207
455	1455	2455	9	11.683207558754324
456	1456	2456	9	8.101306501661918
457	1457	2457	9	10.75116888623578
458	1458	2458	9	9.961537362603877
459	1459	2459	9	11.105447264300919
460	1460	2460	9	10.140012356117872
461	1461	2461	9	11.45247499326012
462	1462	2462	9	9.994072957422192
463	1463	2463	9	11.12274199721109
464	1464	2464	9	10.714479913198295
465	1465	2465	9	8.352000567806233
466	1466	2466	9	8.743902071655876
467	1467	2467	9	10.170054477096
468	1468	2468	9	20.868704395332088
469	1469	2469	9	11.400451289111913
470	1470	2470	9	9.294015098251412
471	1471	2471	9	60.52749629355325
472	1472	2472	9	10.078511381447791
473	1473	2473	9	30.346666399029303
474	1474	2474	9	8.545363623835481
475	1475	2475	9	9.524038643692027
476	1476	2476	9	20.561049207761087
477	1477	2477	9	10.90341939918124
478	1478	2478	9	27.727549867468653
479	1479	2479	9	9.034049810832666
480	1480	2480	9	9.26230478225782
481	1481	2481	9	29.850775877552064
482	1482	2482	9	40.264777962999986
483	1483	2483	9	9.655368049956609
484	1484	2484	9	10.321461728621232
485	1485	2485	9	19.778622319090108
486	1486	2486	9	9.011848753429014
487	1487	2487	9	30.578270134870248
488	1488	2488	9	10.015672899580053
489	1489	2489	9	10.106012321571578
490	1490	2490	9	59.44063465743151
491	1491	2491	9	11.854487384786712
492	1492	2492	9	8.900762807483607
493	1493	2493	9	10.38431731084628
494	1494	2494	9	21.23629761531105
495	1495	2495	9	10.560117326472774
496	1496	2496	9	20.013751904520003
497	1497	2497	9	39.392521396930604
498	1498	2498	9	29.594032185768075
499	1499	2499	9	28.45400633971038
500	1500	2500	9	29.560489442584142
501	1501	2501	9	18.600525994664018
502	1502	2502	9	9.96898108886318
503	1503	2503	9	8.791627169586548
504	1504	2504	9	38.58539793254051
505	1505	2505	9	20.453509362876037
506	1506	2506	9	31.047756890573954
507	1507	2507	9	11.636641662174128
508	1508	2508	9	30.5664258643202
509	1509	2509	9	21.875025869695875
510	1510	2510	9	31.620095284248528
511	1511	2511	9	9.607275672905299
512	1512	2512	9	10.635543346955748
513	1513	2513	9	10.327856377551385
514	1514	2514	9	11.98644808912861
515	1515	2515	9	9.310267294946396
516	1516	2516	9	7.622339588261773
517	1517	2517	9	10.16202211649398
518	1518	2518	9	10.012127451056413
519	1519	2519	9	9.962056806216884
520	1520	2520	9	8.655455035558823
521	1521	2521	9	20.76789924478497
522	1522	2522	9	10.11759259114216
523	1523	2523	9	9.663348444542576
524	1524	2524	9	19.84196413246784
525	1525	2525	9	9.432001329348381
526	1526	2526	9	11.352327234696846
527	1527	2527	9	9.32976785133063
528	1528	2528	9	9.296470530706884
529	1529	2529	9	23.304446469823354
530	1530	2530	9	10.251914998240913
531	1531	2531	9	10.635804951994999
532	1532	2532	9	9.690791403478825
533	1533	2533	9	9.366702459015848
534	1534	2534	9	7.97241916344549
535	1535	2535	9	10.545124988372594
536	1536	2536	9	19.734637887904334
537	1537	2537	9	10.853018161982792
538	1538	2538	9	10.913637689938437
539	1539	2539	9	20.015907488466926
540	1540	2540	9	11.236826000422116
541	1541	2541	9	11.169515404845809
542	1542	2542	9	10.234001105090071
543	1543	2543	9	9.514755980469342
544	1544	2544	9	9.521320989247627
545	1545	2545	9	9.529223031997434
546	1546	2546	9	10.567603482805051
547	1547	2547	9	31.458603837607697
548	1548	2548	9	10.844741759990823
549	1549	2549	9	60.08054860609392
550	1550	2550	9	59.653565813748486
551	1551	2551	9	9.398622857804238
552	1552	2552	9	12.826529421861022
553	1553	2553	9	9.589154699652264
554	1554	2554	9	29.947229016658163
555	1555	2555	9	10.070707458782826
556	1556	2556	9	39.827659385659985
557	1557	2557	9	10.999728494777365
558	1558	2558	9	10.434072430844664
559	1559	2559	9	8.75991922987618
560	1560	2560	9	10.43750732313751
561	1561	2561	9	11.456126425108199
562	1562	2562	9	29.705531563567362
563	1563	2563	9	18.552777379170617
564	1564	2564	9	8.99549886812859
565	1565	2565	9	9.38490333029847
566	1566	2566	9	10.193211097003644
567	1567	2567	9	18.556122444368867
568	1568	2568	9	9.725190387805615
569	1569	2569	9	29.537620374708123
570	1570	2570	9	10.175378548556708
571	1571	2571	9	10.58739456218456
572	1572	2572	9	9.211754541966622
573	1573	2573	9	8.929498077167736
574	1574	2574	9	9.704917166423684
575	1575	2575	9	9.054016979513655
576	1576	2576	9	8.142862509267845
577	1577	2577	9	9.538260492145668
578	1578	2578	9	19.067799893412392
579	1579	2579	9	29.879862578960097
580	1580	2580	9	21.86673114411326
581	1581	2581	9	20.14879501367799
582	1582	2582	9	10.369163184312153
583	1583	2583	9	19.204240109524278
584	1584	2584	9	29.44105697172687
585	1585	2585	9	10.51708988860323
586	1586	2586	9	10.917576946361942
587	1587	2587	9	19.76095382046774
588	1588	2588	9	21.282345653697732
589	1589	2589	9	10.236860362208311
590	1590	2590	9	10.129919658894309
591	1591	2591	9	20.332218495655404
592	1592	2592	9	20.664834942619407
593	1593	2593	9	31.550632685960124
594	1594	2594	9	10.70997624557178
595	1595	2595	9	9.74536725032943
596	1596	2596	9	10.812367796335911
597	1597	2597	9	9.902715841624861
598	1598	2598	9	60.8286795738251
599	1599	2599	9	19.628501261480668
600	1600	2600	9	9.578305059489491
601	1601	2601	9	9.841835092171882
602	1602	2602	9	11.074151207823688
603	1603	2603	9	31.18144428639373
604	1604	2604	9	8.678734683546555
605	1605	2605	9	10.174883889876531
606	1606	2606	9	10.580083929741978
607	1607	2607	9	10.334032457093906
608	1608	2608	9	28.894275967877526
609	1609	2609	9	9.453689435461476
610	1610	2610	9	11.023668176876278
611	1611	2611	9	9.257391738112533
612	1612	2612	9	10.229045913546871
613	1613	2613	9	10.676327810506978
614	1614	2614	9	32.01630260246483
615	1615	2615	9	29.305612403210226
616	1616	2616	9	31.27251563057234
617	1617	2617	9	8.85922227353111
618	1618	2618	9	10.593824075949078
619	1619	2619	9	8.688277296267248
620	1620	2620	9	9.476059487473659
621	1621	2621	9	30.42390811564063
622	1622	2622	9	22.80188221025257
623	1623	2623	9	20.217375014385347
624	1624	2624	9	10.168965641798522
625	1625	2625	9	29.907442845588758
626	1626	2626	9	9.966757644247101
627	1627	2627	9	20.05463651432631
628	1628	2628	9	28.674339999771956
629	1629	2629	9	9.133004530777665
630	1630	2630	9	9.38819994297599
631	1631	2631	9	7.6008968935771275
632	1632	2632	9	19.638813043505543
633	1633	2633	9	10.24796815476663
634	1634	2634	9	9.812730130516886
635	1635	2635	9	10.579091362701973
636	1636	2636	9	19.491487832390604
637	1637	2637	9	29.903464492278463
638	1638	2638	9	18.88788436504916
639	1639	2639	9	39.24746911571471
640	1640	2640	9	18.775854030331992
641	1641	2641	9	21.50710495007467
642	1642	2642	9	9.426798966927187
643	1643	2643	9	11.718642211078592
644	1644	2644	9	10.104779563917559
645	1645	2645	9	9.298606378291952
646	1646	2646	9	8.83011524728705
647	1647	2647	9	8.65754506042271
648	1648	2648	9	20.954543085941786
649	1649	2649	9	11.212919070567377
650	1650	2650	9	19.753503797809557
651	1651	2651	9	7.532350997631346
652	1652	2652	9	10.26923070989796
653	1653	2653	9	19.435325022733203
654	1654	2654	9	8.760388309690107
655	1655	2655	9	61.89816082046479
656	1656	2656	9	9.886059540268459
657	1657	2657	9	19.230051187729472
658	1658	2658	9	19.79982702108018
659	1659	2659	9	9.365428737715371
660	1660	2660	9	10.022325747222276
661	1661	2661	9	20.167379761936868
662	1662	2662	9	60.72102759881299
663	1663	2663	9	20.273082555299546
664	1664	2664	9	8.918114616719368
665	1665	2665	9	29.05991749980293
666	1666	2666	9	18.854544138112
667	1667	2667	9	8.379664465456774
668	1668	2668	9	28.540038785823153
669	1669	2669	9	10.458379050762316
670	1670	2670	9	11.100392479504267
671	1671	2671	9	9.546929881811172
672	1672	2672	9	18.500433279603424
673	1673	2673	9	30.350857553511457
674	1674	2674	9	11.096130830465466
675	1675	2675	9	30.81392491120334
676	1676	2676	9	8.67131496492915
677	1677	2677	9	10.370820944167065
678	1678	2678	9	20.652356758455934
679	1679	2679	9	31.319395130854875
680	1680	2680	9	9.795050168678662
681	1681	2681	9	30.330557711480076
682	1682	2682	9	31.7310089399578
683	1683	2683	9	10.273477638889362
684	1684	2684	9	18.74869083378898
685	1685	2685	9	20.361772979271556
686	1686	2686	9	10.138684175149953
687	1687	2687	9	10.956411493240877
688	1688	2688	9	8.363745955720368
689	1689	2689	9	9.327352907435051
690	1690	2690	9	8.741227330008012
691	1691	2691	9	21.975418435294493
692	1692	2692	9	10.30345550905042
693	1693	2693	9	28.214229836505062
694	1694	2694	9	9.889825135814245
695	1695	2695	9	9.51698569130946
696	1696	2696	9	30.41586371835226
697	1697	2697	9	10.29915061204777
698	1698	2698	9	20.270444027644743
699	1699	2699	9	9.622654279364804
700	1700	2700	9	10.81658061229187
701	1701	2701	9	31.48160137351874
702	1702	2702	9	9.377183833006024
703	1703	2703	9	19.348423344321088
704	1704	2704	9	29.887552265494556
705	1705	2705	9	18.411938975032218
706	1706	2706	9	10.450152428758479
707	1707	2707	9	59.83392520815085
708	1708	2708	9	10.858923420071637
709	1709	2709	9	31.32622199834718
710	1710	2710	9	10.359571677316243
711	1711	2711	9	30.942675440987156
712	1712	2712	9	30.713979186311118
713	1713	2713	9	11.452977755230062
714	1714	2714	9	10.797370445788394
715	1715	2715	9	10.522422502999726
716	1716	2716	9	28.9010845736913
717	1717	2717	9	19.948858035344134
718	1718	2718	9	10.987533747176512
719	1719	2719	9	31.288686759539225
720	1720	2720	9	19.175712955003785
721	1721	2721	9	18.41037947955453
722	1722	2722	9	9.85981893314812
723	1723	2723	9	8.932684605600645
724	1724	2724	9	19.40653191594808
725	1725	2725	9	10.094317280881315
726	1726	2726	9	10.573254870458138
727	1727	2727	9	10.687761224417958
728	1728	2728	9	29.52876736499823
729	1729	2729	9	20.55063439998923
730	1730	2730	9	19.69186285919538
731	1731	2731	9	9.992624669427679
732	1732	2732	9	29.975506156231447
733	1733	2733	9	60.61693327948175
734	1734	2734	9	30.33690331035676
735	1735	2735	9	60.99259406127733
736	1736	2736	9	9.769166144152653
737	1737	2737	9	9.201327348105096
738	1738	2738	9	31.290416049690336
739	1739	2739	9	12.329277492750183
740	1740	2740	9	9.87081076744126
741	1741	2741	9	9.433564653437868
742	1742	2742	9	9.79236924289719
743	1743	2743	9	19.232622209660455
744	1744	2744	9	9.48839489915763
745	1745	2745	9	30.865533894988427
746	1746	2746	9	8.823586552811152
747	1747	2747	9	17.463076959860416
748	1748	2748	9	59.80301799103746
749	1749	2749	9	58.9888353653438
750	1750	2750	9	12.678980215987275
751	1751	2751	9	8.523479572068387
752	1752	2752	9	19.56064566631335
753	1753	2753	9	9.53728841811053
754	1754	2754	9	10.933961708476371
755	1755	2755	9	21.078477099911737
756	1756	2756	9	27.943335900663442
757	1757	2757	9	59.765860224388476
758	1758	2758	9	8.444276171923207
759	1759	2759	9	59.959354873154126
760	1760	2760	9	31.371181175564463
761	1761	2761	9	9.440162810692037
762	1762	2762	9	19.616681673297883
763	1763	2763	9	8.59931114486322
764	1764	2764	9	10.056151988692477
765	1765	2765	9	29.028536727456334
766	1766	2766	9	11.25358378755431
767	1767	2767	9	9.720807000354391
768	1768	2768	9	10.213904056360604
769	1769	2769	9	19.806665694049215
770	1770	2770	9	10.346772570412098
771	1771	2771	9	60.4197739144797
772	1772	2772	9	11.762126615294978
773	1773	2773	9	9.034940579255727
774	1774	2774	9	10.006137468364072
775	1775	2775	9	30.901901032550118
776	1776	2776	9	9.914085734487664
777	1777	2777	9	60.440838345581106
778	1778	2778	9	19.58643693905591
779	1779	2779	9	9.874461837697224
780	1780	2780	9	10.090880457112148
781	1781	2781	9	9.860329760789849
782	1782	2782	9	10.42110170912651
783	1783	2783	9	9.091993871431287
784	1784	2784	9	10.295753563302574
785	1785	2785	9	11.848911797130128
786	1786	2786	9	9.037573634393414
787	1787	2787	9	7.602185573756354
788	1788	2788	9	8.694657680836455
789	1789	2789	9	23.008762536618672
790	1790	2790	9	9.030555372356938
791	1791	2791	9	20.933741272216693
792	1792	2792	9	9.600872144358036
793	1793	2793	9	10.310638111787943
794	1794	2794	9	11.70303013547291
795	1795	2795	9	10.10008546014222
796	1796	2796	9	11.04235406455042
797	1797	2797	9	9.70738076403352
798	1798	2798	9	19.132305804666135
799	1799	2799	9	8.569000982747067
800	1800	2800	9	11.431941217327488
801	1801	2801	9	20.197616544538505
802	1802	2802	9	10.726768321883148
803	1803	2803	9	19.252656779061155
804	1804	2804	9	9.726971946405552
805	1805	2805	9	12.640194683926586
806	1806	2806	9	9.834893202036909
807	1807	2807	9	9.044318777469067
808	1808	2808	9	9.056432531715842
809	1809	2809	9	30.85122148979343
810	1810	2810	9	10.19337923608035
811	1811	2811	9	19.854619827610563
812	1812	2812	9	19.476503179706192
813	1813	2813	9	11.073525024599746
814	1814	2814	9	10.004344434589767
815	1815	2815	9	9.757535819240514
816	1816	2816	9	10.09978532488672
817	1817	2817	9	19.60187139458183
818	1818	2818	9	21.42907498096559
819	1819	2819	9	19.471182780083602
820	1820	2820	9	9.423439391713032
821	1821	2821	9	9.702446077359077
822	1822	2822	9	11.230563479511277
823	1823	2823	9	11.462524765251668
824	1824	2824	9	21.355832450170624
825	1825	2825	9	11.040442446196462
826	1826	2826	9	29.539260179132445
827	1827	2827	9	29.373362070043445
828	1828	2828	9	30.390342495152307
829	1829	2829	9	19.065146917601137
830	1830	2830	9	10.037395132942493
831	1831	2831	9	29.77378695236623
832	1832	2832	9	28.98091880676532
833	1833	2833	9	59.78004019245741
834	1834	2834	9	9.654413659917525
835	1835	2835	9	8.576728297134423
836	1836	2836	9	10.20267071970057
837	1837	2837	9	61.38233196636254
838	1838	2838	9	9.851404549551805
839	1839	2839	9	28.653719502311194
840	1840	2840	9	29.673053451288904
841	1841	2841	9	10.089280049850911
842	1842	2842	9	10.954630969707312
843	1843	2843	9	10.65794612881831
844	1844	2844	9	10.649182981122822
845	1845	2845	9	9.772891494308666
846	1846	2846	9	31.531691620339686
847	1847	2847	9	9.505916223988855
848	1848	2848	9	11.781480574007643
849	1849	2849	9	59.1726415139692
850	1850	2850	9	9.308971414643405
851	1851	2851	9	18.86299138795307
852	1852	2852	9	59.70009679817156
853	1853	2853	9	28.77898660542971
854	1854	2854	9	8.22623865483307
855	1855	2855	9	10.64396048861534
856	1856	2856	9	9.19492599968732
857	1857	2857	9	9.91820227670756
858	1858	2858	9	9.091801318576064
859	1859	2859	9	19.453770916183927
860	1860	2860	9	39.61622617768226
861	1861	2861	9	8.368835928860092
862	1862	2862	9	11.02019654199176
863	1863	2863	9	10.00265950798901
864	1864	2864	9	8.48005336573332
865	1865	2865	9	11.213991468571212
866	1866	2866	9	8.323292565413054
867	1867	2867	9	10.341282676151867
868	1868	2868	9	11.030356324394425
869	1869	2869	9	9.397153901746941
870	1870	2870	9	19.379229261957907
871	1871	2871	9	30.469685953271338
872	1872	2872	9	10.216000600647227
873	1873	2873	9	60.65400690945575
874	1874	2874	9	28.673705160971178
875	1875	2875	9	10.079716358278333
876	1876	2876	9	18.44273290932011
877	1877	2877	9	19.008784302606003
878	1878	2878	9	9.463748796846993
879	1879	2879	9	10.547985677016829
880	1880	2880	9	8.730338517052079
881	1881	2881	9	9.750862606001574
882	1882	2882	9	8.292100734954946
883	1883	2883	9	9.960435358371814
884	1884	2884	9	9.973896646276996
885	1885	2885	9	29.837643590507057
886	1886	2886	9	10.471479341242624
887	1887	2887	9	9.481441287476216
888	1888	2888	9	20.5737893054492
889	1889	2889	9	9.146678105337037
890	1890	2890	9	11.519940061643915
891	1891	2891	9	59.74727441802145
892	1892	2892	9	8.907621386545083
893	1893	2893	9	10.627959051772239
894	1894	2894	9	12.063725257100423
895	1895	2895	9	31.23579103373559
896	1896	2896	9	9.700076859960896
897	1897	2897	9	10.020366355486656
898	1898	2898	9	8.602887427194746
899	1899	2899	9	29.475539947402144
900	1900	2900	9	19.822626089165038
901	1901	2901	9	11.27355572761889
902	1902	2902	9	10.507895706618903
903	1903	2903	9	9.30734278194632
904	1904	2904	9	60.65892194887879
905	1905	2905	9	39.84753869391267
906	1906	2906	9	21.090718631131793
907	1907	2907	9	8.379158379008302
908	1908	2908	9	8.66471814148809
909	1909	2909	9	18.995657970091152
910	1910	2910	9	19.092629640228246
911	1911	2911	9	9.352564565791612
912	1912	2912	9	10.857620755084495
913	1913	2913	9	9.347798830411932
914	1914	2914	9	59.55776251637276
915	1915	2915	9	10.55434414309316
916	1916	2916	9	10.128345838561705
917	1917	2917	9	9.392713398789983
918	1918	2918	9	10.376741319879228
919	1919	2919	9	11.143119531760686
920	1920	2920	9	8.104597503560322
921	1921	2921	9	9.946252350922599
922	1922	2922	9	18.9437541133733
923	1923	2923	9	30.269985116306835
924	1924	2924	9	8.946319581988892
925	1925	2925	9	10.0327977086758
926	1926	2926	9	20.565816301549212
927	1927	2927	9	8.624574741235811
928	1928	2928	9	9.255220838654026
929	1929	2929	9	20.306283802914823
930	1930	2930	9	8.828794384426281
931	1931	2931	9	9.617439896795181
932	1932	2932	9	32.227153621433054
933	1933	2933	9	10.973784049049025
934	1934	2934	9	28.758163061296187
935	1935	2935	9	19.90999974535941
936	1936	2936	9	10.170772109630724
937	1937	2937	9	28.39237912029115
938	1938	2938	9	10.131063751599125
939	1939	2939	9	19.538902606205976
940	1940	2940	9	21.195051302813702
941	1941	2941	9	10.681989064167885
942	1942	2942	9	10.378547477864739
943	1943	2943	9	9.97406498614927
944	1944	2944	9	30.177097795474943
945	1945	2945	9	10.528432646730117
946	1946	2946	9	20.355862814229226
947	1947	2947	9	31.04638927437677
948	1948	2948	9	11.330386944849955
949	1949	2949	9	10.783051062991746
950	1950	2950	9	9.437455477814789
951	1951	2951	9	10.262457218238987
952	1952	2952	9	20.08729026713804
953	1953	2953	9	9.896118132251651
954	1954	2954	9	18.812182275096777
955	1955	2955	9	10.453059305175712
956	1956	2956	9	41.54502073015192
957	1957	2957	9	8.572976254776808
958	1958	2958	9	8.545122606608006
959	1959	2959	9	10.530866742428529
960	1960	2960	9	9.91060366877416
961	1961	2961	9	10.244288412434472
962	1962	2962	9	60.97927307043122
963	1963	2963	9	10.66983132578818
964	1964	2964	9	30.229782187370443
965	1965	2965	9	31.648694694628777
966	1966	2966	9	10.678812886165616
967	1967	2967	9	18.78107158281459
968	1968	2968	9	9.607780462295507
969	1969	2969	9	28.54509663604939
970	1970	2970	9	11.095647522487976
971	1971	2971	9	20.28641208426743
972	1972	2972	9	10.551749454338447
973	1973	2973	9	8.343156174112934
974	1974	2974	9	9.44835530263402
975	1975	2975	9	10.561332830870688
976	1976	2976	9	19.468056677970797
977	1977	2977	9	10.191571348825116
978	1978	2978	9	11.381925245161721
979	1979	2979	9	11.412109652411502
980	1980	2980	9	10.726311674804556
981	1981	2981	9	10.488518114281359
982	1982	2982	9	29.62582532852188
983	1983	2983	9	8.336589243582944
984	1984	2984	9	9.105625321167667
985	1985	2985	9	11.181870291658445
986	1986	2986	9	20.353028196538734
987	1987	2987	9	7.872509145285074
988	1988	2988	9	19.271248601076262
989	1989	2989	9	9.873262290856276
990	1990	2990	9	19.594721871849988
991	1991	2991	9	40.13522303996665
992	1992	2992	9	7.028724853060243
993	1993	2993	9	29.89407926575488
994	1994	2994	9	19.55445228015334
995	1995	2995	9	8.911380838567714
996	1996	2996	9	10.729530374412445
997	1997	2997	9	30.839738386155908
998	1998	2998	9	59.13752835210521
999	1999	2999	9	9.45332201371428
1000	2000	3000	9	20.61379280061413
