ind_ID	father_ID	mother_ID	Sex	Phenotype
1	1001	2001	9	14.233661960036233
2	1002	2002	9	13.931782351229785
3	1003	2003	9	8.576799993740792
4	1004	2004	9	10.278785758944839
5	1005	2005	9	16.111528596470745
6	1006	2006	9	10.540681784771861
7	1007	2007	9	9.962143994660222
8	1008	2008	9	6.963546977251114
9	1009	2009	9	10.019002890427231
10	1010	2010	9	45.20356524047128
11	1011	2011	9	9.16775983837155
12	1012	2012	9	10.203960683806848
13	1013	2013	9	11.856986568910395
14	1014	2014	9	12.74830607997922
15	1015	2015	9	9.864579954449745
16	1016	2016	9	8.754709942479174
17	1017	2017	9	8.668775003136771
18	1018	2018	9	13.027224924190058
19	1019	2019	9	9.181209038717645
20	1020	2020	9	9.584843784752273
21	1021	2021	9	8.235601797011611
22	1022	2022	9	9.118358431594187
23	1023	2023	9	14.684495399765472
24	1024	2024	9	10.082803619150724
25	1025	2025	9	8.981030847401723
26	1026	2026	9	8.899911803452547
27	1027	2027	9	9.342325663353428
28	1028	2028	9	9.447460061375324
29	1029	2029	9	9.527509283781592
30	1030	2030	9	10.483401360759691
31	1031	2031	9	20.588269010089444
32	1032	2032	9	14.919303451943168
33	1033	2033	9	10.72397869707401
34	1034	2034	9	11.051638129392865
35	1035	2035	9	9.954752711542282
36	1036	2036	9	29.916765884300784
37	1037	2037	9	10.36296918327654
38	1038	2038	9	23.629733172579698
39	1039	2039	9	16.620642866696425
40	1040	2040	9	20.684411507256755
41	1041	2041	9	29.32274404949055
42	1042	2042	9	14.030195970981158
43	1043	2043	9	12.162701344503468
44	1044	2044	9	8.649361116333804
45	1045	2045	9	9.645774824712237
46	1046	2046	9	10.00142906312321
47	1047	2047	9	10.550740825058687
48	1048	2048	9	15.779266828995198
49	1049	2049	9	10.289889947485646
50	1050	2050	9	45.1969657271852
51	1051	2051	9	10.803404242082765
52	1052	2052	9	10.792706201759449
53	1053	2053	9	15.869456119810666
54	1054	2054	9	28.87097085749127
55	1055	2055	9	31.274690335233643
56	1056	2056	9	9.00500190036796
57	1057	2057	9	8.892974576847646
58	1058	2058	9	13.949410330828922
59	1059	2059	9	29.20236891418556
60	1060	2060	9	9.201160840463334
61	1061	2061	9	9.488341495759483
62	1062	2062	9	15.83764795824246
63	1063	2063	9	14.873543935951538
64	1064	2064	9	14.44076323001478
65	1065	2065	9	29.827169220035582
66	1066	2066	9	30.512818104854023
67	1067	2067	9	11.484717585868614
68	1068	2068	9	11.462426541884321
69	1069	2069	9	9.09574925325331
70	1070	2070	9	10.299102918744175
71	1071	2071	9	11.569538385424762
72	1072	2072	9	9.253473370294442
73	1073	2073	9	13.604935569618096
74	1074	2074	9	11.226423203469578
75	1075	2075	9	10.225550691952387
76	1076	2076	9	22.28694039050455
77	1077	2077	9	9.928915406830546
78	1078	2078	9	9.824594770956915
79	1079	2079	9	9.033743071009145
80	1080	2080	9	8.778226489498731
81	1081	2081	9	12.978935920501957
82	1082	2082	9	10.469037606536723
83	1083	2083	9	8.932525244979358
84	1084	2084	9	29.661922766006885
85	1085	2085	9	15.826006767358693
86	1086	2086	9	10.10642993491217
87	1087	2087	9	10.50324197584465
88	1088	2088	9	9.606581567843865
89	1089	2089	9	11.035134605482968
90	1090	2090	9	12.180361182861708
91	1091	2091	9	15.168472157872806
92	1092	2092	9	16.031232152476054
93	1093	2093	9	9.076286340638852
94	1094	2094	9	9.045196819871444
95	1095	2095	9	15.643918580312866
96	1096	2096	9	9.582079218302965
97	1097	2097	9	11.753019825287199
98	1098	2098	9	19.37637404241309
99	1099	2099	9	9.228628496424458
100	1100	2100	9	14.651281891232228
101	1101	2101	9	9.661340487237553
102	1102	2102	9	10.87551949377906
103	1103	2103	9	9.772582853096333
104	1104	2104	9	14.016316370675975
105	1105	2105	9	15.74080190899203
106	1106	2106	9	11.263543027901886
107	1107	2107	9	10.754982603149447
108	1108	2108	9	10.732203926800507
109	1109	2109	9	30.31870875851392
110	1110	2110	9	10.180376545550427
111	1111	2111	9	11.239248776443928
112	1112	2112	9	10.05270971056154
113	1113	2113	9	13.200288824667822
114	1114	2114	9	30.686732511470307
115	1115	2115	9	9.488804615730496
116	1116	2116	9	45.35449591664725
117	1117	2117	9	14.927029685169787
118	1118	2118	9	15.187859418314389
119	1119	2119	9	9.703320665658648
120	1120	2120	9	12.669489280418027
121	1121	2121	9	8.593476389963254
122	1122	2122	9	14.860544051488628
123	1123	2123	9	10.001389432176136
124	1124	2124	9	21.40067507371562
125	1125	2125	9	10.9749475374801
126	1126	2126	9	9.60680837706374
127	1127	2127	9	10.350439319661362
128	1128	2128	9	8.71401778639434
129	1129	2129	9	10.257489682958306
130	1130	2130	9	9.913661222164
131	1131	2131	9	15.46528438814147
132	1132	2132	9	8.92798466567691
133	1133	2133	9	9.221992440562188
134	1134	2134	9	12.654129279824344
135	1135	2135	9	10.664759519652815
136	1136	2136	9	10.820259422858364
137	1137	2137	9	10.516798457895145
138	1138	2138	9	9.643088500950968
139	1139	2139	9	11.967275093492244
140	1140	2140	9	29.53353768194888
141	1141	2141	9	16.03834933097258
142	1142	2142	9	9.189315044802196
143	1143	2143	9	14.977263290087565
144	1144	2144	9	9.664902612091568
145	1145	2145	9	11.058901916764958
146	1146	2146	9	15.359835577112246
147	1147	2147	9	13.05527098090756
148	1148	2148	9	14.673598687373863
149	1149	2149	9	14.166328191005196
150	1150	2150	9	14.712796178480747
151	1151	2151	9	11.713048431848213
152	1152	2152	9	8.808450061680428
153	1153	2153	9	10.47722922056941
154	1154	2154	9	10.865863233670158
155	1155	2155	9	10.957116460791125
156	1156	2156	9	11.816515556427776
157	1157	2157	9	31.44121007402439
158	1158	2158	9	8.981755473921943
159	1159	2159	9	12.54607187737739
160	1160	2160	9	14.0138275101945
161	1161	2161	9	10.007058820528053
162	1162	2162	9	11.723760251006686
163	1163	2163	9	13.164213356308807
164	1164	2164	9	14.113330403495649
165	1165	2165	9	10.243027501808157
166	1166	2166	9	10.792362113596944
167	1167	2167	9	15.326191212229906
168	1168	2168	9	10.075405569393558
169	1169	2169	9	10.370193612361643
170	1170	2170	9	9.569670016763196
171	1171	2171	9	11.582441476575228
172	1172	2172	9	9.279902353384832
173	1173	2173	9	10.399419495992765
174	1174	2174	9	13.54567473050427
175	1175	2175	9	9.739405072501242
176	1176	2176	9	12.160281984586176
177	1177	2177	9	7.582015173931822
178	1178	2178	9	15.051596789143286
179	1179	2179	9	10.567583371133205
180	1180	2180	9	8.617262157665323
181	1181	2181	9	28.890376752491417
182	1182	2182	9	15.321715483688294
183	1183	2183	9	14.755644094698184
184	1184	2184	9	14.141314251262099
185	1185	2185	9	14.56252304139797
186	1186	2186	9	16.467400827302804
187	1187	2187	9	8.759631577131179
188	1188	2188	9	10.086513313392334
189	1189	2189	9	9.25008605428292
190	1190	2190	9	10.662420669274749
191	1191	2191	9	9.777012028704473
192	1192	2192	9	16.67626891608767
193	1193	2193	9	8.89722043751708
194	1194	2194	9	10.64042621550436
195	1195	2195	9	7.342676184112904
196	1196	2196	9	7.716423180342737
197	1197	2197	9	10.655475728089975
198	1198	2198	9	9.947243809895584
199	1199	2199	9	10.47816014359905
200	1200	2200	9	29.42763694874275
201	1201	2201	9	10.950701862594403
202	1202	2202	9	15.018259900654465
203	1203	2203	9	28.704051665487885
204	1204	2204	9	9.100017551424445
205	1205	2205	9	22.46076252683091
206	1206	2206	9	8.964062676036818
207	1207	2207	9	9.658992679638477
208	1208	2208	9	9.156807199900271
209	1209	2209	9	7.605437242122651
210	1210	2210	9	9.267418451291341
211	1211	2211	9	13.600760898206767
212	1212	2212	9	14.824750569514249
213	1213	2213	9	14.388521873620544
214	1214	2214	9	9.624319186668957
215	1215	2215	9	11.180726982109157
216	1216	2216	9	15.950189224153949
217	1217	2217	9	8.8007677706291
218	1218	2218	9	10.191522703433337
219	1219	2219	9	11.50464019273765
220	1220	2220	9	10.758616640373273
221	1221	2221	9	9.011924925294075
222	1222	2222	9	16.873864949313933
223	1223	2223	9	9.699013239249334
224	1224	2224	9	9.044474029650958
225	1225	2225	9	12.743440362488922
226	1226	2226	9	11.608870501551985
227	1227	2227	9	10.774234418933714
228	1228	2228	9	9.982333347138468
229	1229	2229	9	10.10164153397257
230	1230	2230	9	7.697352844491809
231	1231	2231	9	14.231258152814872
232	1232	2232	9	8.959849609492418
233	1233	2233	9	9.514172295171756
234	1234	2234	9	9.822333463148304
235	1235	2235	9	9.455171547588025
236	1236	2236	9	11.953015751186973
237	1237	2237	9	9.333956819248055
238	1238	2238	9	14.914436931303655
239	1239	2239	9	10.226527958725436
240	1240	2240	9	14.812915859889067
241	1241	2241	9	9.67639798082156
242	1242	2242	9	10.331150845488068
243	1243	2243	9	14.274151491692379
244	1244	2244	9	8.853983883059135
245	1245	2245	9	14.50764010765295
246	1246	2246	9	21.935901678458645
247	1247	2247	9	9.327193793928103
248	1248	2248	9	14.582690063335363
249	1249	2249	9	9.69319811214243
250	1250	2250	9	10.186655158029154
251	1251	2251	9	10.048516582131079
252	1252	2252	9	13.746323702668407
253	1253	2253	9	8.43577753258783
254	1254	2254	9	11.079678163052078
255	1255	2255	9	9.807187182200634
256	1256	2256	9	14.916364644805217
257	1257	2257	9	32.33998438109009
258	1258	2258	9	9.77516465085368
259	1259	2259	9	9.716212499276631
260	1260	2260	9	11.08738349259833
261	1261	2261	9	8.530731360627597
262	1262	2262	9	11.266243962758638
263	1263	2263	9	8.557696286042766
264	1264	2264	9	9.551127768384399
265	1265	2265	9	9.470330816665445
266	1266	2266	9	9.873208529584454
267	1267	2267	9	11.33954148459736
268	1268	2268	9	11.117256857446113
269	1269	2269	9	10.811930434797986
270	1270	2270	9	10.474738645508854
271	1271	2271	9	8.318471379210889
272	1272	2272	9	14.3605835122723
273	1273	2273	9	9.34165710245497
274	1274	2274	9	10.801631169451246
275	1275	2275	9	9.282215434169826
276	1276	2276	9	12.512476155489951
277	1277	2277	9	10.122291359061618
278	1278	2278	9	13.285755145086387
279	1279	2279	9	11.833518834482467
280	1280	2280	9	15.387162918754392
281	1281	2281	9	10.442449873943144
282	1282	2282	9	43.899613219817546
283	1283	2283	9	10.778252632482861
284	1284	2284	9	9.459154155552461
285	1285	2285	9	9.345704696219014
286	1286	2286	9	9.809664018498752
287	1287	2287	9	10.519233354843134
288	1288	2288	9	10.361441430935326
289	1289	2289	9	9.23531128865952
290	1290	2290	9	14.409908419620818
291	1291	2291	9	9.844767404355883
292	1292	2292	9	8.164920093281808
293	1293	2293	9	16.25726395798853
294	1294	2294	9	15.369616995186204
295	1295	2295	9	10.455860971086611
296	1296	2296	9	9.002787586200045
297	1297	2297	9	11.210172525053633
298	1298	2298	9	9.66862082033441
299	1299	2299	9	17.06786489171731
300	1300	2300	9	8.697288694941946
301	1301	2301	9	10.401856021412653
302	1302	2302	9	11.04615798111184
303	1303	2303	9	10.255814533636503
304	1304	2304	9	19.138897081089855
305	1305	2305	9	15.027447825652601
306	1306	2306	9	12.37423625268649
307	1307	2307	9	10.213116992514871
308	1308	2308	9	14.555746807976426
309	1309	2309	9	10.627088458209874
310	1310	2310	9	14.926331174415473
311	1311	2311	9	10.42000439192851
312	1312	2312	9	10.586495174527535
313	1313	2313	9	8.707136008145893
314	1314	2314	9	10.957626658015448
315	1315	2315	9	11.131162267370673
316	1316	2316	9	15.747642475818822
317	1317	2317	9	9.594116397759144
318	1318	2318	9	14.741199832645949
319	1319	2319	9	9.124887533703511
320	1320	2320	9	9.24829299480191
321	1321	2321	9	10.39483347497103
322	1322	2322	9	8.870162870303172
323	1323	2323	9	7.752377432231075
324	1324	2324	9	15.48669858376259
325	1325	2325	9	11.06503760083796
326	1326	2326	9	29.257972380092866
327	1327	2327	9	8.802424667883036
328	1328	2328	9	14.772244319656599
329	1329	2329	9	13.336738837807223
330	1330	2330	9	15.634214682890503
331	1331	2331	9	9.604963792693205
332	1332	2332	9	13.96931052659374
333	1333	2333	9	8.961197084657332
334	1334	2334	9	16.229246389830852
335	1335	2335	9	10.448893515536222
336	1336	2336	9	10.048535412425714
337	1337	2337	9	30.624002133542007
338	1338	2338	9	10.469340328275521
339	1339	2339	9	8.824100437301967
340	1340	2340	9	15.96800955240467
341	1341	2341	9	9.131998136930068
342	1342	2342	9	9.57659694348316
343	1343	2343	9	11.014578071154084
344	1344	2344	9	9.495494414930969
345	1345	2345	9	10.662462096444205
346	1346	2346	9	23.738412329045
347	1347	2347	9	10.499056734580027
348	1348	2348	9	9.318529511385199
349	1349	2349	9	10.30288529425041
350	1350	2350	9	9.882447680259355
351	1351	2351	9	11.041074885709637
352	1352	2352	9	9.024574306901142
353	1353	2353	9	30.09553340966335
354	1354	2354	9	8.1156522004792
355	1355	2355	9	15.918368512762786
356	1356	2356	9	10.602134562584645
357	1357	2357	9	9.089251555889991
358	1358	2358	9	13.614854204321666
359	1359	2359	9	10.118350434398787
360	1360	2360	9	9.18639859996309
361	1361	2361	9	15.265966962079249
362	1362	2362	9	11.154991740169303
363	1363	2363	9	12.035087116816548
364	1364	2364	9	10.520790397385984
365	1365	2365	9	16.344016415427397
366	1366	2366	9	9.209329994082719
367	1367	2367	9	9.83145129338243
368	1368	2368	9	28.361375461080648
369	1369	2369	9	14.47821214991526
370	1370	2370	9	9.194002402815169
371	1371	2371	9	11.20418850827166
372	1372	2372	9	15.897089925681858
373	1373	2373	9	11.936833531407187
374	1374	2374	9	10.210806083847505
375	1375	2375	9	13.544715649522407
376	1376	2376	9	10.047766983480678
377	1377	2377	9	7.670785528377715
378	1378	2378	9	10.910499129504943
379	1379	2379	9	28.93168581039207
380	1380	2380	9	23.388849323931904
381	1381	2381	9	9.318470122113528
382	1382	2382	9	10.13611090093726
383	1383	2383	9	29.90817280430293
384	1384	2384	9	7.896838456094773
385	1385	2385	9	15.369522280485944
386	1386	2386	9	14.874956857974276
387	1387	2387	9	14.491405402871564
388	1388	2388	9	10.743252819169758
389	1389	2389	9	10.907538198778166
390	1390	2390	9	13.64115988861607
391	1391	2391	9	9.101090376872067
392	1392	2392	9	8.576115563246663
393	1393	2393	9	11.693016053707247
394	1394	2394	9	9.951468203766785
395	1395	2395	9	10.301803086407439
396	1396	2396	9	10.5087771660413
397	1397	2397	9	15.216088215276269
398	1398	2398	9	10.143857414636296
399	1399	2399	9	7.674393497382433
400	1400	2400	9	9.127752372488626
401	1401	2401	9	16.54355306913052
402	1402	2402	9	9.105049224917465
403	1403	2403	9	11.233837727268352
404	1404	2404	9	10.384272784665308
405	1405	2405	9	11.48462413116921
406	1406	2406	9	16.858440893486872
407	1407	2407	9	16.1591125061217
408	1408	2408	9	9.874978501855493
409	1409	2409	9	9.814084131416521
410	1410	2410	9	10.13830499341276
411	1411	2411	9	15.737947268847746
412	1412	2412	9	29.970014739877563
413	1413	2413	9	21.401146438745567
414	1414	2414	9	32.029246522572855
415	1415	2415	9	9.617614950232042
416	1416	2416	9	8.96720574488269
417	1417	2417	9	10.87356097333314
418	1418	2418	9	10.838243538623164
419	1419	2419	9	10.791566878269022
420	1420	2420	9	9.922809251770008
421	1421	2421	9	10.122477041096358
422	1422	2422	9	10.528526160250888
423	1423	2423	9	10.073499330453929
424	1424	2424	9	8.58581195384293
425	1425	2425	9	8.959493695736796
426	1426	2426	9	9.703978331626464
427	1427	2427	9	10.884224819216932
428	1428	2428	9	10.610950782356134
429	1429	2429	9	9.2186094393561
430	1430	2430	9	8.686404352727736
431	1431	2431	9	8.600966508751416
432	1432	2432	9	10.133795635362763
433	1433	2433	9	14.12032619117079
434	1434	2434	9	7.791767379925017
435	1435	2435	9	16.48900867003992
436	1436	2436	9	14.969415996255908
437	1437	2437	9	12.027359776846795
438	1438	2438	9	28.77829525706894
439	1439	2439	9	10.331382627961943
440	1440	2440	9	14.612299291942671
441	1441	2441	9	14.22670663149413
442	1442	2442	9	10.049908522340477
443	1443	2443	9	9.571024774569098
444	1444	2444	9	16.494261490104755
445	1445	2445	9	9.621734480291275
446	1446	2446	9	11.87730132271868
447	1447	2447	9	9.348235634364025
448	1448	2448	9	14.572919875831836
449	1449	2449	9	9.64541151997354
450	1450	2450	9	10.17116386621366
451	1451	2451	9	7.715070557478384
452	1452	2452	9	10.25517909971683
453	1453	2453	9	14.405697757366081
454	1454	2454	9	10.262197016605478
455	1455	2455	9	13.579476192006702
456	1456	2456	9	15.213515846072582
457	1457	2457	9	45.049708012810214
458	1458	2458	9	11.055972377313227
459	1459	2459	9	8.831077375164861
460	1460	2460	9	16.045738290678536
461	1461	2461	9	67.11653219567545
462	1462	2462	9	9.937344385321284
463	1463	2463	9	10.228083673668884
464	1464	2464	9	9.474286811592275
465	1465	2465	9	14.413066778845653
466	1466	2466	9	8.845861775843186
467	1467	2467	9	15.767263821090857
468	1468	2468	9	9.586646602154898
469	1469	2469	9	10.175198386764691
470	1470	2470	9	9.790778245707669
471	1471	2471	9	9.313140527280451
472	1472	2472	9	29.289000524222303
473	1473	2473	9	10.16665849663502
474	1474	2474	9	8.960943450127644
475	1475	2475	9	11.377550988034734
476	1476	2476	9	19.607972405437323
477	1477	2477	9	10.142940250956356
478	1478	2478	9	9.437804368390672
479	1479	2479	9	13.854285389507705
480	1480	2480	9	10.808699158862133
481	1481	2481	9	15.708100393873307
482	1482	2482	9	13.572513297803013
483	1483	2483	9	11.299533086446807
484	1484	2484	9	9.795825840484358
485	1485	2485	9	9.306941453024873
486	1486	2486	9	14.510729318836562
487	1487	2487	9	10.253934924101285
488	1488	2488	9	8.93830429193665
489	1489	2489	9	31.071588177007072
490	1490	2490	9	15.039960804362343
491	1491	2491	9	10.228215267582817
492	1492	2492	9	46.16729336086069
493	1493	2493	9	10.90059832471465
494	1494	2494	9	14.76263880634469
495	1495	2495	9	16.598926583022116
496	1496	2496	9	11.599389880315526
497	1497	2497	9	8.702828958335267
498	1498	2498	9	8.644902855492125
499	1499	2499	9	11.091293848551723
500	1500	2500	9	9.079716461060762
501	1501	2501	9	8.827847599075016
502	1502	2502	9	8.01674406470284
503	1503	2503	9	9.27446728455245
504	1504	2504	9	14.914548292068146
505	1505	2505	9	10.37410602526282
506	1506	2506	9	9.385828225022602
507	1507	2507	9	9.284837688015227
508	1508	2508	9	14.798630831889087
509	1509	2509	9	9.311469988177084
510	1510	2510	9	12.674399649448835
511	1511	2511	9	10.26268041249101
512	1512	2512	9	9.830266151860075
513	1513	2513	9	9.775893747781074
514	1514	2514	9	9.58075542525885
515	1515	2515	9	15.298346673669524
516	1516	2516	9	15.6774411474439
517	1517	2517	9	12.426586351968488
518	1518	2518	9	28.60886418301515
519	1519	2519	9	8.536770658271022
520	1520	2520	9	30.237999138418747
521	1521	2521	9	10.632741119610563
522	1522	2522	9	10.01369011854405
523	1523	2523	9	13.269201839577647
524	1524	2524	9	10.652501682880665
525	1525	2525	9	10.28060984439495
526	1526	2526	9	15.356024210095073
527	1527	2527	9	9.783569500413446
528	1528	2528	9	11.832336615660202
529	1529	2529	9	19.673891596097235
530	1530	2530	9	13.820614222736124
531	1531	2531	9	9.877318700984253
532	1532	2532	9	10.45839066523904
533	1533	2533	9	10.356619936280108
534	1534	2534	9	9.178102349658827
535	1535	2535	9	10.229629236235636
536	1536	2536	9	28.869381091656503
537	1537	2537	9	15.534481870141095
538	1538	2538	9	30.274197780392743
539	1539	2539	9	11.014615713301795
540	1540	2540	9	13.133029284945499
541	1541	2541	9	9.124499812849514
542	1542	2542	9	9.011442685110342
543	1543	2543	9	15.901630250455062
544	1544	2544	9	11.179528555511753
545	1545	2545	9	8.733931712047948
546	1546	2546	9	15.351867797068458
547	1547	2547	9	15.07585224124838
548	1548	2548	9	8.211486747834785
549	1549	2549	9	14.84331885075081
550	1550	2550	9	8.21898250939434
551	1551	2551	9	11.31953791757375
552	1552	2552	9	28.907215961711152
553	1553	2553	9	10.891917233306575
554	1554	2554	9	15.359383120700986
555	1555	2555	9	10.784509317596584
556	1556	2556	9	10.149915365952339
557	1557	2557	9	9.67276327500514
558	1558	2558	9	10.054322570783937
559	1559	2559	9	10.558838084676134
560	1560	2560	9	9.695395057872004
561	1561	2561	9	9.600618252886719
562	1562	2562	9	14.90193352422175
563	1563	2563	9	13.571502348471103
564	1564	2564	9	10.101733621432977
565	1565	2565	9	9.912858662007247
566	1566	2566	9	10.71592836857737
567	1567	2567	9	8.977284186158618
568	1568	2568	9	7.921302388770004
569	1569	2569	9	9.371170098706065
570	1570	2570	9	16.051009309443316
571	1571	2571	9	11.464023139226013
572	1572	2572	9	11.622345459163721
573	1573	2573	9	14.661957491055704
574	1574	2574	9	10.478607887447803
575	1575	2575	9	8.751715037338407
576	1576	2576	9	10.599620524243583
577	1577	2577	9	9.278141552609748
578	1578	2578	9	10.926284170226145
579	1579	2579	9	22.935619313155186
580	1580	2580	9	11.623908393043648
581	1581	2581	9	14.185595845327708
582	1582	2582	9	10.840220921308957
583	1583	2583	9	9.119953165722661
584	1584	2584	9	15.912334716496476
585	1585	2585	9	11.782880384022826
586	1586	2586	9	10.375317315390788
587	1587	2587	9	11.038826015097442
588	1588	2588	9	9.204599013760639
589	1589	2589	9	10.336002135062541
590	1590	2590	9	9.338044780476402
591	1591	2591	9	10.349061912477266
592	1592	2592	9	14.270545242215377
593	1593	2593	9	29.32928937848925
594	1594	2594	9	10.317772894846694
595	1595	2595	9	16.376718389453494
596	1596	2596	9	8.909555390138628
597	1597	2597	9	9.489335701743368
598	1598	2598	9	15.335873044336198
599	1599	2599	9	10.291873268826878
600	1600	2600	9	20.761102058640482
601	1601	2601	9	14.91284320704067
602	1602	2602	9	7.955923670920716
603	1603	2603	9	16.11101531632906
604	1604	2604	9	10.389810512018054
605	1605	2605	9	15.214577768463219
606	1606	2606	9	9.021235627875573
607	1607	2607	9	59.45231084942732
608	1608	2608	9	11.06978107856616
609	1609	2609	9	14.252393932951755
610	1610	2610	9	13.65463806706945
611	1611	2611	9	9.920430903704736
612	1612	2612	9	14.874976034588874
613	1613	2613	9	11.13160376399556
614	1614	2614	9	9.483963694950692
615	1615	2615	9	9.848626887732268
616	1616	2616	9	30.385024124695057
617	1617	2617	9	12.841898127922681
618	1618	2618	9	8.456381904185783
619	1619	2619	9	8.08554242116926
620	1620	2620	9	15.546741476217331
621	1621	2621	9	14.705537198440487
622	1622	2622	9	13.028617665089897
623	1623	2623	9	15.242429286311562
624	1624	2624	9	10.940347166866827
625	1625	2625	9	8.55380150752903
626	1626	2626	9	30.735497775259436
627	1627	2627	9	9.648698308844589
628	1628	2628	9	10.467498764655105
629	1629	2629	9	11.98808652899759
630	1630	2630	9	9.890659879992695
631	1631	2631	9	10.445509913670612
632	1632	2632	9	11.4755464608985
633	1633	2633	9	14.862239392142065
634	1634	2634	9	8.808894714203284
635	1635	2635	9	17.26808488783438
636	1636	2636	9	10.850308166264158
637	1637	2637	9	9.8907830701798
638	1638	2638	9	9.82824425774625
639	1639	2639	9	22.29726422063067
640	1640	2640	9	15.152745923780884
641	1641	2641	9	44.920252994625436
642	1642	2642	9	9.936372557287134
643	1643	2643	9	9.761622741043874
644	1644	2644	9	8.802191986920397
645	1645	2645	9	9.97333409124256
646	1646	2646	9	10.448381626273063
647	1647	2647	9	15.833610744334166
648	1648	2648	9	14.943390092533448
649	1649	2649	9	45.43520393575416
650	1650	2650	9	45.72252812923796
651	1651	2651	9	14.806955534194994
652	1652	2652	9	9.070555648124902
653	1653	2653	9	30.58656272847443
654	1654	2654	9	15.83441530144
655	1655	2655	9	14.513496473581332
656	1656	2656	9	11.291417977168432
657	1657	2657	9	15.561941733182694
658	1658	2658	9	14.918991277211626
659	1659	2659	9	10.82860858454762
660	1660	2660	9	8.570939563688155
661	1661	2661	9	10.331149788109522
662	1662	2662	9	8.854806347339192
663	1663	2663	9	10.064959006958425
664	1664	2664	9	15.10105331465533
665	1665	2665	9	15.43782139242512
666	1666	2666	9	13.230861915677195
667	1667	2667	9	10.886194848735613
668	1668	2668	9	9.350787685559736
669	1669	2669	9	10.591795344803252
670	1670	2670	9	11.356813292334357
671	1671	2671	9	11.394519126642097
672	1672	2672	9	9.942167503558549
673	1673	2673	9	16.59008538393047
674	1674	2674	9	11.398558656139182
675	1675	2675	9	15.280497281127085
676	1676	2676	9	8.060164501925234
677	1677	2677	9	11.211989538166357
678	1678	2678	9	9.86330162535884
679	1679	2679	9	13.848381077915459
680	1680	2680	9	9.941379275927265
681	1681	2681	9	12.617822891665751
682	1682	2682	9	9.096582761066584
683	1683	2683	9	10.629683957924046
684	1684	2684	9	11.184354678334758
685	1685	2685	9	9.961627424109956
686	1686	2686	9	10.715370603578219
687	1687	2687	9	9.3502867204629
688	1688	2688	9	8.358720262598737
689	1689	2689	9	10.858513985287576
690	1690	2690	9	9.35355285972118
691	1691	2691	9	10.263586017052312
692	1692	2692	9	9.505479701867461
693	1693	2693	9	16.39787701879145
694	1694	2694	9	15.643224606251996
695	1695	2695	9	14.298606096044022
696	1696	2696	9	47.506036889734915
697	1697	2697	9	16.13813851358649
698	1698	2698	9	9.212504024512223
699	1699	2699	9	10.331845014708785
700	1700	2700	9	30.105277658816977
701	1701	2701	9	11.590968055591116
702	1702	2702	9	12.77689214504181
703	1703	2703	9	10.100817329949574
704	1704	2704	9	10.335940992580396
705	1705	2705	9	18.346493026481042
706	1706	2706	9	15.868120002039419
707	1707	2707	9	10.691681505149246
708	1708	2708	9	14.183677297638326
709	1709	2709	9	10.833746485519018
710	1710	2710	9	14.105679508321407
711	1711	2711	9	9.029324951754063
712	1712	2712	9	7.89828716398589
713	1713	2713	9	9.5913207363313
714	1714	2714	9	10.311079168637596
715	1715	2715	9	9.64027508412983
716	1716	2716	9	9.928651353246755
717	1717	2717	9	10.758059997530385
718	1718	2718	9	9.671103393706646
719	1719	2719	9	9.363469473055758
720	1720	2720	9	9.91787873113896
721	1721	2721	9	15.896548735576959
722	1722	2722	9	10.582907048808709
723	1723	2723	9	9.742185689515848
724	1724	2724	9	15.457717417457845
725	1725	2725	9	9.886771522205658
726	1726	2726	9	15.72699328464271
727	1727	2727	9	9.28994791392202
728	1728	2728	9	30.733341377998045
729	1729	2729	9	10.718394934354817
730	1730	2730	9	14.64104034427718
731	1731	2731	9	9.498453802948944
732	1732	2732	9	10.730786520143917
733	1733	2733	9	11.631359723035844
734	1734	2734	9	16.918843352104126
735	1735	2735	9	9.60624299911553
736	1736	2736	9	10.215747217680411
737	1737	2737	9	8.665214848906652
738	1738	2738	9	15.455718323708757
739	1739	2739	9	17.615488915659412
740	1740	2740	9	7.997401644094582
741	1741	2741	9	11.240382458741138
742	1742	2742	9	14.91936157425433
743	1743	2743	9	18.518998785742752
744	1744	2744	9	43.0635919267961
745	1745	2745	9	10.964925427218326
746	1746	2746	9	11.807310217251585
747	1747	2747	9	9.894560854064611
748	1748	2748	9	15.937063489336895
749	1749	2749	9	9.517194159381425
750	1750	2750	9	15.125922472014675
751	1751	2751	9	10.37997614602601
752	1752	2752	9	9.912691884739818
753	1753	2753	9	9.439877702719562
754	1754	2754	9	10.736762980755973
755	1755	2755	9	10.45365595437613
756	1756	2756	9	8.709171679965264
757	1757	2757	9	8.885221578290198
758	1758	2758	9	15.96817484947036
759	1759	2759	9	10.544912356559427
760	1760	2760	9	10.697045616298936
761	1761	2761	9	9.97031850324021
762	1762	2762	9	11.040804769409569
763	1763	2763	9	11.293213210964423
764	1764	2764	9	9.169168797379001
765	1765	2765	9	9.931070313232285
766	1766	2766	9	10.249968963094213
767	1767	2767	9	9.711141592141423
768	1768	2768	9	9.567942488448647
769	1769	2769	9	10.958362520293498
770	1770	2770	9	10.514578706903457
771	1771	2771	9	9.546925863303231
772	1772	2772	9	15.034319017473221
773	1773	2773	9	10.228095086032006
774	1774	2774	9	9.94009821800428
775	1775	2775	9	8.62663588329026
776	1776	2776	9	10.894298661483802
777	1777	2777	9	10.101485294579051
778	1778	2778	9	10.494272450475524
779	1779	2779	9	10.493138903487063
780	1780	2780	9	12.001718044923603
781	1781	2781	9	10.3150003319555
782	1782	2782	9	8.997354545254206
783	1783	2783	9	20.1280704983533
784	1784	2784	9	10.536771572834073
785	1785	2785	9	14.875210905111754
786	1786	2786	9	9.982388238741702
787	1787	2787	9	14.57714325445878
788	1788	2788	9	21.709490493800384
789	1789	2789	9	31.023366387688736
790	1790	2790	9	8.277390244741934
791	1791	2791	9	8.652652778850289
792	1792	2792	9	16.168965503956528
793	1793	2793	9	14.534756817814596
794	1794	2794	9	11.88842777006472
795	1795	2795	9	11.991547568683497
796	1796	2796	9	11.428109088866544
797	1797	2797	9	10.045698339688842
798	1798	2798	9	9.661580248253042
799	1799	2799	9	9.606942254303172
800	1800	2800	9	11.8328671486296
801	1801	2801	9	14.383268067402005
802	1802	2802	9	10.518869903692696
803	1803	2803	9	14.745783001010341
804	1804	2804	9	19.12030022564189
805	1805	2805	9	10.453740652554215
806	1806	2806	9	16.328258348748417
807	1807	2807	9	9.932612556779272
808	1808	2808	9	10.18667130768687
809	1809	2809	9	10.786990680333322
810	1810	2810	9	23.83850262233239
811	1811	2811	9	14.416960188926486
812	1812	2812	9	9.409808329516563
813	1813	2813	9	8.007922731584905
814	1814	2814	9	42.73822407363408
815	1815	2815	9	8.67228070764776
816	1816	2816	9	9.291299685755721
817	1817	2817	9	9.483614903896141
818	1818	2818	9	43.89894501889828
819	1819	2819	9	9.267147220269818
820	1820	2820	9	9.576674332712296
821	1821	2821	9	9.483353537433471
822	1822	2822	9	9.758183680831543
823	1823	2823	9	14.814263814194886
824	1824	2824	9	10.887356638168106
825	1825	2825	9	9.15633398484489
826	1826	2826	9	10.46061372514907
827	1827	2827	9	10.1619726629232
828	1828	2828	9	9.632533290073065
829	1829	2829	9	9.926592850299128
830	1830	2830	9	15.898288784463622
831	1831	2831	9	15.203787766443824
832	1832	2832	9	20.46378363509361
833	1833	2833	9	12.348005080451934
834	1834	2834	9	15.200298726813568
835	1835	2835	9	20.713963160545557
836	1836	2836	9	19.18189248402098
837	1837	2837	9	14.745458483180883
838	1838	2838	9	14.497363526777514
839	1839	2839	9	31.47142736651591
840	1840	2840	9	32.157311514241854
841	1841	2841	9	11.058032409703122
842	1842	2842	9	11.399211394019206
843	1843	2843	9	10.572534298177851
844	1844	2844	9	10.258008519778805
845	1845	2845	9	9.571408340333969
846	1846	2846	9	16.078126550048676
847	1847	2847	9	10.990928252759366
848	1848	2848	9	10.828152148920736
849	1849	2849	9	28.977965699535922
850	1850	2850	9	7.615121026696166
851	1851	2851	9	10.779670671811896
852	1852	2852	9	13.929974207313688
853	1853	2853	9	13.070382960986626
854	1854	2854	9	11.301381062386419
855	1855	2855	9	15.117485532475815
856	1856	2856	9	8.69208914326169
857	1857	2857	9	28.22193369160686
858	1858	2858	9	10.706986588082927
859	1859	2859	9	14.109517434336198
860	1860	2860	9	10.7235073059109
861	1861	2861	9	10.344361125608705
862	1862	2862	9	11.250148428815232
863	1863	2863	9	9.35626962220392
864	1864	2864	9	9.231677478784638
865	1865	2865	9	8.83518555089934
866	1866	2866	9	10.40093952604749
867	1867	2867	9	11.962446429198092
868	1868	2868	9	15.350833986684531
869	1869	2869	9	10.143821232726596
870	1870	2870	9	8.89545972268819
871	1871	2871	9	10.243457376952101
872	1872	2872	9	10.964497845057105
873	1873	2873	9	14.29798115347377
874	1874	2874	9	13.54051605095133
875	1875	2875	9	15.601805968936116
876	1876	2876	9	11.748736034845065
877	1877	2877	9	11.035326076503772
878	1878	2878	9	10.640247106701525
879	1879	2879	9	10.477616207318421
880	1880	2880	9	9.778020181850454
881	1881	2881	9	9.945415486113594
882	1882	2882	9	9.595868256866865
883	1883	2883	9	15.259189181035817
884	1884	2884	9	10.809396442719743
885	1885	2885	9	15.87984138762998
886	1886	2886	9	15.721865810955169
887	1887	2887	9	10.015218486205063
888	1888	2888	9	9.628607538853341
889	1889	2889	9	9.75006307850481
890	1890	2890	9	11.007583138607933
891	1891	2891	9	15.667839166076858
892	1892	2892	9	9.36128269136571
893	1893	2893	9	9.50977706658147
894	1894	2894	9	8.648002194977575
895	1895	2895	9	23.769905461925553
896	1896	2896	9	30.593970682360915
897	1897	2897	9	13.777701758286764
898	1898	2898	9	15.41438866072751
899	1899	2899	9	10.670046275134514
900	1900	2900	9	9.597359415161751
901	1901	2901	9	10.17272160433731
902	1902	2902	9	20.56483379449427
903	1903	2903	9	9.830849458009038
904	1904	2904	9	9.849989898252522
905	1905	2905	9	10.659437465016795
906	1906	2906	9	10.053771886149413
907	1907	2907	9	30.948500091792326
908	1908	2908	9	8.988943923184554
909	1909	2909	9	9.37509361019321
910	1910	2910	9	16.81403327380009
911	1911	2911	9	11.222154060884582
912	1912	2912	9	7.826966201700894
913	1913	2913	9	11.088006141810649
914	1914	2914	9	14.752370921374453
915	1915	2915	9	9.972869909074966
916	1916	2916	9	15.893502239726107
917	1917	2917	9	8.877749267937332
918	1918	2918	9	8.331660445035942
919	1919	2919	9	30.38223098630416
920	1920	2920	9	10.654212532725923
921	1921	2921	9	8.99533588578995
922	1922	2922	9	14.723356981920647
923	1923	2923	9	10.147756301067787
924	1924	2924	9	12.870374253721703
925	1925	2925	9	8.332717553126338
926	1926	2926	9	31.33246347575811
927	1927	2927	9	14.01048011711372
928	1928	2928	9	15.436895889209051
929	1929	2929	9	32.487893333038166
930	1930	2930	9	9.804354447566883
931	1931	2931	9	16.222108760857306
932	1932	2932	9	15.085760491684727
933	1933	2933	9	12.295874907423933
934	1934	2934	9	10.22379741106538
935	1935	2935	9	10.07676942953187
936	1936	2936	9	12.007496637103657
937	1937	2937	9	15.784901090087056
938	1938	2938	9	30.80738470336942
939	1939	2939	9	10.623945759782112
940	1940	2940	9	15.770699647072691
941	1941	2941	9	23.356822740096387
942	1942	2942	9	9.483874700620232
943	1943	2943	9	28.13474036543531
944	1944	2944	9	11.553571178583937
945	1945	2945	9	14.652804769808293
946	1946	2946	9	10.566174067453455
947	1947	2947	9	10.168222535211576
948	1948	2948	9	8.152774785105128
949	1949	2949	9	14.961055852547693
950	1950	2950	9	9.636290293970559
951	1951	2951	9	7.988565372932747
952	1952	2952	9	14.876671940085119
953	1953	2953	9	10.330033333482714
954	1954	2954	9	30.899442267010862
955	1955	2955	9	9.911337211290437
956	1956	2956	9	9.793138041871307
957	1957	2957	9	10.792558040562996
958	1958	2958	9	11.717050675728915
959	1959	2959	9	15.628141525191943
960	1960	2960	9	28.855517187519517
961	1961	2961	9	9.299891026009414
962	1962	2962	9	14.302181473598662
963	1963	2963	9	29.213135147605072
964	1964	2964	9	9.588352018394396
965	1965	2965	9	15.723570310801632
966	1966	2966	9	9.767389127740126
967	1967	2967	9	10.774399933818973
968	1968	2968	9	9.992405477373147
969	1969	2969	9	30.777618479951677
970	1970	2970	9	16.07909990768329
971	1971	2971	9	9.558696308565242
972	1972	2972	9	9.578745476887121
973	1973	2973	9	9.710095408449723
974	1974	2974	9	10.904687302541662
975	1975	2975	9	11.440614323692808
976	1976	2976	9	10.268131923278359
977	1977	2977	9	10.46735433733923
978	1978	2978	9	11.259880584974999
979	1979	2979	9	10.825950681857835
980	1980	2980	9	9.625704610969434
981	1981	2981	9	13.118951340004745
982	1982	2982	9	8.296228790083658
983	1983	2983	9	14.995826794555875
984	1984	2984	9	22.572680603516243
985	1985	2985	9	10.406384276115551
986	1986	2986	9	14.761236093932945
987	1987	2987	9	8.77771809780367
988	1988	2988	9	9.92863285298434
989	1989	2989	9	21.210044304311193
990	1990	2990	9	11.197745102198944
991	1991	2991	9	10.63895410997403
992	1992	2992	9	15.059961084092393
993	1993	2993	9	9.133363628417058
994	1994	2994	9	10.65821905588647
995	1995	2995	9	10.579920777103682
996	1996	2996	9	10.360293327852464
997	1997	2997	9	10.331088407985547
998	1998	2998	9	10.63671776788558
999	1999	2999	9	10.023145010388486
1000	2000	3000	9	9.540177699539083
