ind_ID	father_ID	mother_ID	Sex	Phenotype
1	1001	2001	9	12.030930174584824
2	1002	2002	9	9.558959211667009
3	1003	2003	9	11.630759748144945
4	1004	2004	9	9.644860920534498
5	1005	2005	9	9.089526645861229
6	1006	2006	9	92.70579358206327
7	1007	2007	9	9.482423010629061
8	1008	2008	9	11.6032357516501
9	1009	2009	9	8.970397902578778
10	1010	2010	9	9.620467850363527
11	1011	2011	9	90.19424091330761
12	1012	2012	9	8.833452550273261
13	1013	2013	9	29.457621435934257
14	1014	2014	9	8.665572147945904
15	1015	2015	9	30.025165827290035
16	1016	2016	9	9.646168760445548
17	1017	2017	9	9.67268526119649
18	1018	2018	9	30.33738034660164
19	1019	2019	9	30.230071717315397
20	1020	2020	9	8.767619330225891
21	1021	2021	9	11.076860945835138
22	1022	2022	9	9.056508147270105
23	1023	2023	9	28.950770519644756
24	1024	2024	9	28.612065609765082
25	1025	2025	9	10.46062652515974
26	1026	2026	9	11.903425896119998
27	1027	2027	9	271.12410031734834
28	1028	2028	9	30.89931008867115
29	1029	2029	9	29.91171474674825
30	1030	2030	9	10.367409928124488
31	1031	2031	9	9.03027476268201
32	1032	2032	9	9.536628693144333
33	1033	2033	9	9.983092815647048
34	1034	2034	9	11.155477828879906
35	1035	2035	9	30.80544718994441
36	1036	2036	9	90.67422089917501
37	1037	2037	9	10.497266447680772
38	1038	2038	9	9.739275123387134
39	1039	2039	9	10.491316743758127
40	1040	2040	9	9.253253107780786
41	1041	2041	9	30.481683951082502
42	1042	2042	9	8.77817392147704
43	1043	2043	9	9.594581128208992
44	1044	2044	9	28.708572805978374
45	1045	2045	9	89.70203487700421
46	1046	2046	9	12.06000351731755
47	1047	2047	9	11.288395974181281
48	1048	2048	9	10.87433689675608
49	1049	2049	9	11.148034367371933
50	1050	2050	9	7.096472632741529
51	1051	2051	9	11.597446744020097
52	1052	2052	9	10.840242855810017
53	1053	2053	9	8.637885882127957
54	1054	2054	9	8.285399433685168
55	1055	2055	9	29.666683794969124
56	1056	2056	9	30.464639033802687
57	1057	2057	9	10.620005160928702
58	1058	2058	9	90.42033777541113
59	1059	2059	9	9.44344186772716
60	1060	2060	9	9.375416157993019
61	1061	2061	9	43.741089411973014
62	1062	2062	9	8.672086919985537
63	1063	2063	9	9.426791541763457
64	1064	2064	9	9.684696355498064
65	1065	2065	9	9.877774451445768
66	1066	2066	9	9.714872679913908
67	1067	2067	9	9.569333725079714
68	1068	2068	9	10.272960502138915
69	1069	2069	9	11.01596210853717
70	1070	2070	9	9.315672308503228
71	1071	2071	9	11.423008225273989
72	1072	2072	9	28.88263780177147
73	1073	2073	9	29.653844945055322
74	1074	2074	9	9.972157525856671
75	1075	2075	9	29.953808050608977
76	1076	2076	9	9.594573822497855
77	1077	2077	9	10.053465195908927
78	1078	2078	9	27.57773798908814
79	1079	2079	9	29.712344210223844
80	1080	2080	9	10.918875743453986
81	1081	2081	9	11.463338563372956
82	1082	2082	9	11.235561077658977
83	1083	2083	9	10.166043978119037
84	1084	2084	9	30.763245935706934
85	1085	2085	9	31.31002067042683
86	1086	2086	9	10.60140116410367
87	1087	2087	9	8.85451135040205
88	1088	2088	9	9.517596200135827
89	1089	2089	9	9.71361764630182
90	1090	2090	9	8.791177646993328
91	1091	2091	9	10.800175173854164
92	1092	2092	9	10.151450391031496
93	1093	2093	9	12.208681827409439
94	1094	2094	9	11.014615886913294
95	1095	2095	9	9.922158881435713
96	1096	2096	9	11.482078213738454
97	1097	2097	9	9.693888585207894
98	1098	2098	9	10.40470161903205
99	1099	2099	9	30.208482168957644
100	1100	2100	9	8.66183818251576
101	1101	2101	9	8.11636080177886
102	1102	2102	9	29.987088175749292
103	1103	2103	9	9.952404853775272
104	1104	2104	9	8.332526040290066
105	1105	2105	9	28.998829300586763
106	1106	2106	9	9.621423066927528
107	1107	2107	9	11.796911313491725
108	1108	2108	9	30.65478345957527
109	1109	2109	9	30.21775159681189
110	1110	2110	9	9.179354432657746
111	1111	2111	9	8.978837375071384
112	1112	2112	9	28.1930700217363
113	1113	2113	9	9.84291252157509
114	1114	2114	9	8.991510105837014
115	1115	2115	9	9.703141211542063
116	1116	2116	9	8.32438869102844
117	1117	2117	9	9.878556918595903
118	1118	2118	9	12.123065103179064
119	1119	2119	9	10.766301130587989
120	1120	2120	9	9.624202316529923
121	1121	2121	9	11.195093891347371
122	1122	2122	9	9.521342947421843
123	1123	2123	9	30.07491895694027
124	1124	2124	9	28.74335133522906
125	1125	2125	9	9.081324514817986
126	1126	2126	9	8.140663814004641
127	1127	2127	9	30.337156958215562
128	1128	2128	9	29.59133102325274
129	1129	2129	9	30.90191797651273
130	1130	2130	9	29.76771828021251
131	1131	2131	9	44.5320467652285
132	1132	2132	9	12.161786852701658
133	1133	2133	9	28.2162323949445
134	1134	2134	9	9.697878044824423
135	1135	2135	9	8.230502371664235
136	1136	2136	9	9.900913038671328
137	1137	2137	9	30.201210525731664
138	1138	2138	9	29.930305871259858
139	1139	2139	9	10.503635658855009
140	1140	2140	9	29.697557737849536
141	1141	2141	9	9.320135035898806
142	1142	2142	9	10.453999759401576
143	1143	2143	9	29.70322956969095
144	1144	2144	9	30.33807923825632
145	1145	2145	9	29.26939316920859
146	1146	2146	9	30.41787287152413
147	1147	2147	9	9.38751490946542
148	1148	2148	9	9.206527129495862
149	1149	2149	9	90.78044561104333
150	1150	2150	9	11.832237576852952
151	1151	2151	9	9.094605289937416
152	1152	2152	9	10.954204827553117
153	1153	2153	9	31.015898500871373
154	1154	2154	9	8.929449885608232
155	1155	2155	9	9.828304723687095
156	1156	2156	9	31.73086276354941
157	1157	2157	9	9.66773943691746
158	1158	2158	9	29.95409923392149
159	1159	2159	9	10.82217179490889
160	1160	2160	9	10.660253642322315
161	1161	2161	9	8.903060971921597
162	1162	2162	9	9.976925965663073
163	1163	2163	9	7.445042104684392
164	1164	2164	9	32.62678275674683
165	1165	2165	9	10.149829804707753
166	1166	2166	9	9.493171645449882
167	1167	2167	9	32.69091657111814
168	1168	2168	9	29.08793141183998
169	1169	2169	9	10.500842673907323
170	1170	2170	9	30.707721407586092
171	1171	2171	9	9.141106094420003
172	1172	2172	9	11.072882784806596
173	1173	2173	9	29.39462595011155
174	1174	2174	9	30.639945540445403
175	1175	2175	9	9.863141292347715
176	1176	2176	9	11.518524504888534
177	1177	2177	9	11.561594440634707
178	1178	2178	9	30.090434827052988
179	1179	2179	9	29.445004780098316
180	1180	2180	9	10.037060835296325
181	1181	2181	9	10.983885390501259
182	1182	2182	9	30.274980328923547
183	1183	2183	9	8.153010328778345
184	1184	2184	9	31.312197160997233
185	1185	2185	9	9.89417273889433
186	1186	2186	9	31.144778733115793
187	1187	2187	9	10.6911858239189
188	1188	2188	9	9.53116490623851
189	1189	2189	9	10.002821626494093
190	1190	2190	9	134.27466904182822
191	1191	2191	9	32.38095100827124
192	1192	2192	9	28.696243596774092
193	1193	2193	9	9.981196412968677
194	1194	2194	9	10.42774456076226
195	1195	2195	9	90.87991178761241
196	1196	2196	9	12.63098913167045
197	1197	2197	9	11.346592263937675
198	1198	2198	9	10.978440047882358
199	1199	2199	9	9.48956442703387
200	1200	2200	9	10.891227967896025
201	1201	2201	9	20.508092086142263
202	1202	2202	9	89.89279535565541
203	1203	2203	9	10.034480373703529
204	1204	2204	9	10.190599908256697
205	1205	2205	9	8.71551819171522
206	1206	2206	9	8.39168070841657
207	1207	2207	9	10.956916217137532
208	1208	2208	9	9.900041040543472
209	1209	2209	9	8.994199076884865
210	1210	2210	9	9.177611948933546
211	1211	2211	9	9.179023976640618
212	1212	2212	9	9.932634927140514
213	1213	2213	9	9.951353674071088
214	1214	2214	9	29.449550365582645
215	1215	2215	9	29.836855843558844
216	1216	2216	9	29.93283673112662
217	1217	2217	9	28.322135117080816
218	1218	2218	9	9.96043287972781
219	1219	2219	9	9.54180067061803
220	1220	2220	9	9.121648343122986
221	1221	2221	9	29.772752961636172
222	1222	2222	9	11.241873877056793
223	1223	2223	9	90.76380359112308
224	1224	2224	9	30.219381360887034
225	1225	2225	9	10.475440356344754
226	1226	2226	9	30.444060175753787
227	1227	2227	9	10.140809668420411
228	1228	2228	9	28.98807205547447
229	1229	2229	9	9.39861405335582
230	1230	2230	9	29.68295765849998
231	1231	2231	9	8.596400595589486
232	1232	2232	9	9.882576475140791
233	1233	2233	9	9.02404313229451
234	1234	2234	9	29.686072901323104
235	1235	2235	9	11.317338154371592
236	1236	2236	9	30.02123628285569
237	1237	2237	9	8.8453781401828
238	1238	2238	9	10.485320807403264
239	1239	2239	9	9.922817295168533
240	1240	2240	9	30.004296126063675
241	1241	2241	9	10.267263897850322
242	1242	2242	9	10.40586463956168
243	1243	2243	9	29.82277219842064
244	1244	2244	9	9.223633206106832
245	1245	2245	9	10.564492478358886
246	1246	2246	9	11.32054559269756
247	1247	2247	9	29.25146103320869
248	1248	2248	9	9.979598623656726
249	1249	2249	9	10.895307523414571
250	1250	2250	9	9.125073624391733
251	1251	2251	9	9.617863498885573
252	1252	2252	9	90.20485681308982
253	1253	2253	9	10.108609901538928
254	1254	2254	9	30.570759840029453
255	1255	2255	9	30.35139155446841
256	1256	2256	9	29.47524227347003
257	1257	2257	9	11.335870294529158
258	1258	2258	9	10.419135845539772
259	1259	2259	9	10.44040828675907
260	1260	2260	9	28.580904335412267
261	1261	2261	9	30.72050433060774
262	1262	2262	9	11.209005460512284
263	1263	2263	9	10.04357686197783
264	1264	2264	9	10.39058963035818
265	1265	2265	9	30.842627727977273
266	1266	2266	9	31.35820159848847
267	1267	2267	9	10.456910596841375
268	1268	2268	9	8.964692853889947
269	1269	2269	9	13.09183404515964
270	1270	2270	9	9.840474771014962
271	1271	2271	9	10.331546317210327
272	1272	2272	9	11.404012113173962
273	1273	2273	9	30.58966629641458
274	1274	2274	9	29.69222134008098
275	1275	2275	9	9.66700609809499
276	1276	2276	9	8.918575184076678
277	1277	2277	9	9.735405392053949
278	1278	2278	9	10.68253368838798
279	1279	2279	9	10.609450806762531
280	1280	2280	9	29.87534590122369
281	1281	2281	9	9.51409110947719
282	1282	2282	9	29.878656210718717
283	1283	2283	9	9.048917957782564
284	1284	2284	9	91.31009379017966
285	1285	2285	9	7.9235875677629295
286	1286	2286	9	9.811736320757353
287	1287	2287	9	9.682501332489982
288	1288	2288	9	10.20114644114215
289	1289	2289	9	8.12858917358455
290	1290	2290	9	30.566371575037735
291	1291	2291	9	29.369302332406676
292	1292	2292	9	28.881254683249036
293	1293	2293	9	9.765720354965405
294	1294	2294	9	9.144080865399525
295	1295	2295	9	8.95722978543878
296	1296	2296	9	9.447392854288303
297	1297	2297	9	8.260102840596641
298	1298	2298	9	29.57264964493515
299	1299	2299	9	11.237157936400589
300	1300	2300	9	10.369445246964826
301	1301	2301	9	10.96964384074448
302	1302	2302	9	29.815459150454295
303	1303	2303	9	9.86462867801448
304	1304	2304	9	8.88427376686142
305	1305	2305	9	30.52836313074328
306	1306	2306	9	8.5771382817598
307	1307	2307	9	10.576178322100535
308	1308	2308	9	10.29611459649951
309	1309	2309	9	8.491765884097283
310	1310	2310	9	31.88702360238742
311	1311	2311	9	28.043603427132393
312	1312	2312	9	9.599519501688224
313	1313	2313	9	29.93543492755138
314	1314	2314	9	10.76041002736055
315	1315	2315	9	8.466330661509824
316	1316	2316	9	9.542922346493459
317	1317	2317	9	9.503862586928598
318	1318	2318	9	31.59196062029872
319	1319	2319	9	9.522053997565772
320	1320	2320	9	11.116768795379596
321	1321	2321	9	9.441719770305152
322	1322	2322	9	9.231538212985136
323	1323	2323	9	7.257710525325622
324	1324	2324	9	7.966674422522668
325	1325	2325	9	11.995713428419256
326	1326	2326	9	10.11724173079623
327	1327	2327	9	7.669189122160438
328	1328	2328	9	8.676570628643574
329	1329	2329	9	10.307577105224766
330	1330	2330	9	10.779722243202505
331	1331	2331	9	8.71865823415019
332	1332	2332	9	29.730549154232474
333	1333	2333	9	9.746157240022278
334	1334	2334	9	29.48277026832448
335	1335	2335	9	9.87851200580042
336	1336	2336	9	9.781547954411607
337	1337	2337	9	9.316939684176798
338	1338	2338	9	89.24016470303353
339	1339	2339	9	44.05499047345987
340	1340	2340	9	28.532841849912195
341	1341	2341	9	28.64881142480957
342	1342	2342	9	31.0873032147959
343	1343	2343	9	10.537673329541347
344	1344	2344	9	10.380886500359985
345	1345	2345	9	9.249896468014787
346	1346	2346	9	9.250173806056557
347	1347	2347	9	30.386382435535644
348	1348	2348	9	9.776086566071426
349	1349	2349	9	9.699766299654769
350	1350	2350	9	30.383392658611427
351	1351	2351	9	10.485162787917659
352	1352	2352	9	9.928385332823472
353	1353	2353	9	9.631047224777028
354	1354	2354	9	8.936342818693534
355	1355	2355	9	9.356123398882518
356	1356	2356	9	8.89000289411591
357	1357	2357	9	9.897037071228738
358	1358	2358	9	29.436522473516767
359	1359	2359	9	29.979932726484265
360	1360	2360	9	29.460273101906626
361	1361	2361	9	9.43121282433722
362	1362	2362	9	30.054317765846587
363	1363	2363	9	10.03221732381702
364	1364	2364	9	10.274674168824
365	1365	2365	9	11.238216985913061
366	1366	2366	9	8.715919078638043
367	1367	2367	9	10.836402610388474
368	1368	2368	9	29.06784842192516
369	1369	2369	9	8.656317078394352
370	1370	2370	9	10.38797404991301
371	1371	2371	9	9.541322447438942
372	1372	2372	9	90.1220755951683
373	1373	2373	9	9.425276931140079
374	1374	2374	9	10.255043293849768
375	1375	2375	9	9.080223121808228
376	1376	2376	9	28.634399626041965
377	1377	2377	9	90.57765085976726
378	1378	2378	9	30.18960575117056
379	1379	2379	9	10.125700384513573
380	1380	2380	9	8.921093534957
381	1381	2381	9	30.325207323414386
382	1382	2382	9	9.752858249915544
383	1383	2383	9	9.584233349205368
384	1384	2384	9	9.83666378263277
385	1385	2385	9	11.637614068430358
386	1386	2386	9	10.257553106095841
387	1387	2387	9	9.963188581992975
388	1388	2388	9	10.451228062158368
389	1389	2389	9	10.441835549261619
390	1390	2390	9	11.692479425446454
391	1391	2391	9	30.057232884322204
392	1392	2392	9	9.714099330119168
393	1393	2393	9	10.869728768727365
394	1394	2394	9	92.2822543721991
395	1395	2395	9	31.021391353139123
396	1396	2396	9	9.760655135324496
397	1397	2397	9	11.155614019486512
398	1398	2398	9	7.256096689956748
399	1399	2399	9	30.768362275219186
400	1400	2400	9	89.56320537554498
401	1401	2401	9	30.72059685758435
402	1402	2402	9	11.705794532630401
403	1403	2403	9	30.02761903868889
404	1404	2404	9	10.257962434560254
405	1405	2405	9	10.15637275390607
406	1406	2406	9	31.48287029460145
407	1407	2407	9	30.496186538674092
408	1408	2408	9	11.206191495610796
409	1409	2409	9	9.586316738358438
410	1410	2410	9	9.797500639451833
411	1411	2411	9	11.561120425384823
412	1412	2412	9	10.248445605958484
413	1413	2413	9	7.521529014243504
414	1414	2414	9	11.065403190261884
415	1415	2415	9	8.775834550192814
416	1416	2416	9	9.892278407758168
417	1417	2417	9	10.079121064368763
418	1418	2418	9	11.589716199406256
419	1419	2419	9	9.498988072636699
420	1420	2420	9	9.467853972377302
421	1421	2421	9	8.274698720780597
422	1422	2422	9	20.544108577117804
423	1423	2423	9	29.498911018291
424	1424	2424	9	9.547613211301647
425	1425	2425	9	9.71579262671682
426	1426	2426	9	11.758119512748078
427	1427	2427	9	30.105998010541768
428	1428	2428	9	10.474485141935004
429	1429	2429	9	10.163964271653315
430	1430	2430	9	30.092680728904785
431	1431	2431	9	29.53473219993515
432	1432	2432	9	8.06024189024711
433	1433	2433	9	11.963061262651763
434	1434	2434	9	31.348124069113357
435	1435	2435	9	10.661530438347555
436	1436	2436	9	8.849630936207884
437	1437	2437	9	10.017786064016907
438	1438	2438	9	9.031123849667091
439	1439	2439	9	30.85961546598639
440	1440	2440	9	10.397329424559933
441	1441	2441	9	8.8369023236458
442	1442	2442	9	11.52138465510677
443	1443	2443	9	9.625107296205801
444	1444	2444	9	20.10577777402556
445	1445	2445	9	30.209501777769578
446	1446	2446	9	29.51383705571896
447	1447	2447	9	29.482536803605335
448	1448	2448	9	30.640196116772543
449	1449	2449	9	30.567769631517898
450	1450	2450	9	10.406249492992416
451	1451	2451	9	8.827938249925866
452	1452	2452	9	9.756451126945544
453	1453	2453	9	28.132801216293938
454	1454	2454	9	10.382616989070845
455	1455	2455	9	9.52697455996347
456	1456	2456	9	9.630719468728442
457	1457	2457	9	30.660227196767714
458	1458	2458	9	28.040614078183992
459	1459	2459	9	90.30111659661621
460	1460	2460	9	10.03174786576151
461	1461	2461	9	12.177449175931375
462	1462	2462	9	12.263697038266937
463	1463	2463	9	9.157064126501005
464	1464	2464	9	9.900637460188117
465	1465	2465	9	29.83550750128802
466	1466	2466	9	9.130987997949262
467	1467	2467	9	29.16500130349694
468	1468	2468	9	10.119194459812551
469	1469	2469	9	8.947602420350401
470	1470	2470	9	10.777656250538943
471	1471	2471	9	29.27567565096973
472	1472	2472	9	9.556804297464492
473	1473	2473	9	30.472253903650834
474	1474	2474	9	10.355255427381445
475	1475	2475	9	29.037432468007008
476	1476	2476	9	9.727039119133886
477	1477	2477	9	91.22106451480018
478	1478	2478	9	8.647511035563491
479	1479	2479	9	8.73279712221371
480	1480	2480	9	31.000936840873763
481	1481	2481	9	30.161953024115377
482	1482	2482	9	10.836376256755841
483	1483	2483	9	30.29464785199539
484	1484	2484	9	8.896678966106139
485	1485	2485	9	9.433282254973193
486	1486	2486	9	8.1551019741851
487	1487	2487	9	28.107335116642144
488	1488	2488	9	8.768434698827352
489	1489	2489	9	10.77441632494687
490	1490	2490	9	9.436813263174653
491	1491	2491	9	29.771181664580336
492	1492	2492	9	10.660148922690174
493	1493	2493	9	9.319635508881525
494	1494	2494	9	10.718511937766419
495	1495	2495	9	9.062584327291717
496	1496	2496	9	28.38113483753822
497	1497	2497	9	9.923923119160554
498	1498	2498	9	9.699666133841824
499	1499	2499	9	31.177050820926276
500	1500	2500	9	92.10114302430088
501	1501	2501	9	9.008359046968053
502	1502	2502	9	10.294308199111153
503	1503	2503	9	9.33203554627594
504	1504	2504	9	10.551994640216249
505	1505	2505	9	10.902822431308865
506	1506	2506	9	7.1481736200368395
507	1507	2507	9	29.52818105726468
508	1508	2508	9	11.647058810033291
509	1509	2509	9	10.213802793851425
510	1510	2510	9	29.60015712909539
511	1511	2511	9	10.894180576423524
512	1512	2512	9	30.77591305697627
513	1513	2513	9	28.248061271106376
514	1514	2514	9	10.380831900162889
515	1515	2515	9	28.321240676110985
516	1516	2516	9	8.3537368328487
517	1517	2517	9	10.711205561197627
518	1518	2518	9	31.009211554697377
519	1519	2519	9	9.512383121491895
520	1520	2520	9	9.80311622296316
521	1521	2521	9	27.886402719785465
522	1522	2522	9	10.055624658902056
523	1523	2523	9	10.934454413627629
524	1524	2524	9	18.802099289753244
525	1525	2525	9	10.70997244806124
526	1526	2526	9	10.827695896463108
527	1527	2527	9	9.353677793693043
528	1528	2528	9	28.609191492823523
529	1529	2529	9	29.17114198846908
530	1530	2530	9	31.274880644209095
531	1531	2531	9	8.969103439650853
532	1532	2532	9	11.334533017756593
533	1533	2533	9	9.9554434674167
534	1534	2534	9	89.94178146752805
535	1535	2535	9	29.887945303714414
536	1536	2536	9	8.545844733378294
537	1537	2537	9	29.30212489744558
538	1538	2538	9	88.34471407574625
539	1539	2539	9	9.886166115325452
540	1540	2540	9	10.29900985868441
541	1541	2541	9	11.10911868803294
542	1542	2542	9	8.23782771903182
543	1543	2543	9	29.376925513951292
544	1544	2544	9	9.901502532224153
545	1545	2545	9	10.255508595814538
546	1546	2546	9	10.922026550363032
547	1547	2547	9	44.372314407365366
548	1548	2548	9	10.48683653343537
549	1549	2549	9	6.867863002210015
550	1550	2550	9	9.26033106918214
551	1551	2551	9	10.082770751840883
552	1552	2552	9	32.334413599703694
553	1553	2553	9	10.485588781426406
554	1554	2554	9	8.017305841083422
555	1555	2555	9	10.979522353812383
556	1556	2556	9	29.17570526634718
557	1557	2557	9	10.29079864275164
558	1558	2558	9	9.27174503229791
559	1559	2559	9	9.980167954127225
560	1560	2560	9	7.14911003811981
561	1561	2561	9	10.611020369063226
562	1562	2562	9	9.61158046126123
563	1563	2563	9	10.633333639060586
564	1564	2564	9	9.846565019513847
565	1565	2565	9	9.382076326614165
566	1566	2566	9	9.573710628912053
567	1567	2567	9	29.211551664892273
568	1568	2568	9	10.141716246571251
569	1569	2569	9	10.295954379746126
570	1570	2570	9	9.176103113631832
571	1571	2571	9	11.1725371593342
572	1572	2572	9	29.678149007138096
573	1573	2573	9	28.36773602915876
574	1574	2574	9	29.16026142396008
575	1575	2575	9	10.058675635658268
576	1576	2576	9	10.412562271978425
577	1577	2577	9	10.251891114327274
578	1578	2578	9	9.69101899947939
579	1579	2579	9	9.251405555614898
580	1580	2580	9	9.521460213979163
581	1581	2581	9	9.345856055937858
582	1582	2582	9	9.06488725464771
583	1583	2583	9	11.729214315952476
584	1584	2584	9	9.829746947682318
585	1585	2585	9	10.125704252644612
586	1586	2586	9	8.772666764760052
587	1587	2587	9	29.943607861691127
588	1588	2588	9	29.148725258339205
589	1589	2589	9	12.09241350592021
590	1590	2590	9	9.07409449351874
591	1591	2591	9	8.478282121102195
592	1592	2592	9	8.79680619595157
593	1593	2593	9	7.749186967658801
594	1594	2594	9	90.8249253377122
595	1595	2595	9	90.07626093794815
596	1596	2596	9	8.722540491629069
597	1597	2597	9	10.54430137101418
598	1598	2598	9	31.044949634656057
599	1599	2599	9	8.013564979321588
600	1600	2600	9	9.515348302280032
601	1601	2601	9	10.759913396986168
602	1602	2602	9	31.966994547434442
603	1603	2603	9	11.478828796450792
604	1604	2604	9	29.14365652792747
605	1605	2605	9	89.25498286115312
606	1606	2606	9	12.139139699525048
607	1607	2607	9	29.713523591511077
608	1608	2608	9	9.95876503171412
609	1609	2609	9	7.708500071036879
610	1610	2610	9	7.90609866212457
611	1611	2611	9	10.559537713118608
612	1612	2612	9	29.662132832015125
613	1613	2613	9	28.72439766957489
614	1614	2614	9	90.1732622426422
615	1615	2615	9	8.855040053500414
616	1616	2616	9	30.825126308543435
617	1617	2617	9	10.891738373479543
618	1618	2618	9	28.805562495899526
619	1619	2619	9	29.426588161008333
620	1620	2620	9	11.976774502377785
621	1621	2621	9	10.529134030046842
622	1622	2622	9	9.31158722078456
623	1623	2623	9	89.40486588932342
624	1624	2624	9	10.491170466590543
625	1625	2625	9	9.236803017598579
626	1626	2626	9	91.05111422839519
627	1627	2627	9	29.7169583683789
628	1628	2628	9	9.576786610866785
629	1629	2629	9	9.15726312770483
630	1630	2630	9	45.0372119777554
631	1631	2631	9	30.707287596379437
632	1632	2632	9	9.386179810095719
633	1633	2633	9	10.174287878650459
634	1634	2634	9	29.83816681236141
635	1635	2635	9	10.571661200768562
636	1636	2636	9	11.307671604246254
637	1637	2637	9	10.563707143732442
638	1638	2638	9	10.736728498696325
639	1639	2639	9	28.708751839886048
640	1640	2640	9	10.959275638802703
641	1641	2641	9	29.40614514313516
642	1642	2642	9	30.864497042455177
643	1643	2643	9	9.21462027645478
644	1644	2644	9	9.991423335675824
645	1645	2645	9	11.256254614912903
646	1646	2646	9	10.989898033025566
647	1647	2647	9	32.32776891780023
648	1648	2648	9	43.82525413024091
649	1649	2649	9	89.10772997198454
650	1650	2650	9	10.680541042522014
651	1651	2651	9	29.403200530406064
652	1652	2652	9	10.153231091679803
653	1653	2653	9	10.59749238338914
654	1654	2654	9	10.829185440605869
655	1655	2655	9	10.512092628058225
656	1656	2656	9	10.305962610156094
657	1657	2657	9	9.994128627479734
658	1658	2658	9	7.967549087756636
659	1659	2659	9	10.148660223358382
660	1660	2660	9	9.553726559327574
661	1661	2661	9	9.19141292709911
662	1662	2662	9	8.335595800305192
663	1663	2663	9	89.50686178708033
664	1664	2664	9	8.925425732460573
665	1665	2665	9	28.202989836462685
666	1666	2666	9	10.037473580421624
667	1667	2667	9	11.39110533318397
668	1668	2668	9	11.106615264921075
669	1669	2669	9	11.428877343026391
670	1670	2670	9	10.08211586339092
671	1671	2671	9	29.620748285308316
672	1672	2672	9	9.825117187103183
673	1673	2673	9	9.346863807014852
674	1674	2674	9	31.56197075761075
675	1675	2675	9	31.100854429179336
676	1676	2676	9	9.25521014545989
677	1677	2677	9	27.862335349718215
678	1678	2678	9	31.541209386859787
679	1679	2679	9	9.097134547895251
680	1680	2680	9	30.272937801985695
681	1681	2681	9	30.37024317567406
682	1682	2682	9	29.935610081993268
683	1683	2683	9	9.37235965594099
684	1684	2684	9	9.669088923393057
685	1685	2685	9	31.948489339708917
686	1686	2686	9	30.560572545162774
687	1687	2687	9	7.047681754426048
688	1688	2688	9	29.403226552246398
689	1689	2689	9	29.205403872806624
690	1690	2690	9	11.598305559376659
691	1691	2691	9	9.82226305777087
692	1692	2692	9	9.24004395369169
693	1693	2693	9	9.005831257523628
694	1694	2694	9	10.470350499463674
695	1695	2695	9	88.62401307881701
696	1696	2696	9	11.731375194412678
697	1697	2697	9	8.382136105196468
698	1698	2698	9	10.200157723086301
699	1699	2699	9	11.187864373324471
700	1700	2700	9	7.814783767385409
701	1701	2701	9	31.32221121258262
702	1702	2702	9	30.17942886297339
703	1703	2703	9	9.121610489940162
704	1704	2704	9	30.226467157167743
705	1705	2705	9	10.267429718209998
706	1706	2706	9	11.77049778371225
707	1707	2707	9	30.565285472621166
708	1708	2708	9	31.370784580290184
709	1709	2709	9	8.889164892994103
710	1710	2710	9	11.599231820924505
711	1711	2711	9	30.017322908442225
712	1712	2712	9	11.0629387286487
713	1713	2713	9	10.278501195652305
714	1714	2714	9	7.9819058666788845
715	1715	2715	9	9.52687435808831
716	1716	2716	9	10.078508933580107
717	1717	2717	9	29.303180233299837
718	1718	2718	9	9.080352081474976
719	1719	2719	9	9.762433740126953
720	1720	2720	9	29.271189054611394
721	1721	2721	9	271.3039270815604
722	1722	2722	9	9.79245386598655
723	1723	2723	9	8.694738802208384
724	1724	2724	9	10.609747209004997
725	1725	2725	9	9.31898702377258
726	1726	2726	9	30.528542321793637
727	1727	2727	9	9.36511359180307
728	1728	2728	9	7.492984110532771
729	1729	2729	9	10.403643886378426
730	1730	2730	9	32.35017225921654
731	1731	2731	9	92.4791583956176
732	1732	2732	9	9.181906490021257
733	1733	2733	9	10.076514033945298
734	1734	2734	9	30.196916516097023
735	1735	2735	9	9.817536751056629
736	1736	2736	9	9.000431727019885
737	1737	2737	9	7.925266047212446
738	1738	2738	9	30.186058592913355
739	1739	2739	9	31.044634219009897
740	1740	2740	9	8.158645864254488
741	1741	2741	9	9.47603218746238
742	1742	2742	9	31.34427867716683
743	1743	2743	9	10.380624088098195
744	1744	2744	9	30.777497338497373
745	1745	2745	9	31.04499392026672
746	1746	2746	9	10.140028272802395
747	1747	2747	9	9.783363092080004
748	1748	2748	9	28.967803526479713
749	1749	2749	9	44.41919150047904
750	1750	2750	9	8.71338251114636
751	1751	2751	9	10.31018243380926
752	1752	2752	9	10.244543339097172
753	1753	2753	9	7.176320350151128
754	1754	2754	9	30.596491884863557
755	1755	2755	9	29.3593905606685
756	1756	2756	9	10.46829585405178
757	1757	2757	9	12.113273659010797
758	1758	2758	9	44.47242990938613
759	1759	2759	9	29.16138419841362
760	1760	2760	9	10.095370254786488
761	1761	2761	9	9.667127561924298
762	1762	2762	9	30.340753816918188
763	1763	2763	9	8.970400968252344
764	1764	2764	9	11.193046511677654
765	1765	2765	9	10.748177419281443
766	1766	2766	9	10.928419182904186
767	1767	2767	9	10.467261737874232
768	1768	2768	9	29.947590495275616
769	1769	2769	9	9.01635854736895
770	1770	2770	9	10.67151466996538
771	1771	2771	9	10.177218834975028
772	1772	2772	9	10.727926098098798
773	1773	2773	9	10.09919805483789
774	1774	2774	9	10.187741082179247
775	1775	2775	9	29.7645744668289
776	1776	2776	9	9.589313501598768
777	1777	2777	9	10.526650245191632
778	1778	2778	9	10.345232219426789
779	1779	2779	9	90.85420350029823
780	1780	2780	9	10.08109027310257
781	1781	2781	9	30.61974033127249
782	1782	2782	9	28.60719958360034
783	1783	2783	9	29.16543017357275
784	1784	2784	9	11.474228560384963
785	1785	2785	9	9.502428691310271
786	1786	2786	9	10.795031763953663
787	1787	2787	9	10.392495999503012
788	1788	2788	9	28.873715212856865
789	1789	2789	9	11.29250843518382
790	1790	2790	9	9.803277613277624
791	1791	2791	9	31.211915602631613
792	1792	2792	9	29.938694090285097
793	1793	2793	9	11.033080232511795
794	1794	2794	9	10.390152452736023
795	1795	2795	9	9.29345052653697
796	1796	2796	9	11.156642743468222
797	1797	2797	9	11.16209693378372
798	1798	2798	9	10.005812344816487
799	1799	2799	9	11.052154518147676
800	1800	2800	9	10.568821274933056
801	1801	2801	9	30.180055155299986
802	1802	2802	9	11.96951191854827
803	1803	2803	9	10.575010569048272
804	1804	2804	9	9.569604350946182
805	1805	2805	9	9.041975222662634
806	1806	2806	9	9.95454453958659
807	1807	2807	9	10.176004587970077
808	1808	2808	9	9.848731607982266
809	1809	2809	9	10.325572021911396
810	1810	2810	9	11.228969857398557
811	1811	2811	9	10.9392939203109
812	1812	2812	9	30.736727317185746
813	1813	2813	9	10.779389344418096
814	1814	2814	9	29.98007341401203
815	1815	2815	9	29.91635319447872
816	1816	2816	9	10.577112121287303
817	1817	2817	9	9.535508714805584
818	1818	2818	9	30.18037729213618
819	1819	2819	9	8.794060050362855
820	1820	2820	9	10.719907639174602
821	1821	2821	9	11.482448604151493
822	1822	2822	9	9.57569510711803
823	1823	2823	9	31.742151414540032
824	1824	2824	9	30.014803293092346
825	1825	2825	9	9.21784566944814
826	1826	2826	9	29.839071326735056
827	1827	2827	9	30.03968886928832
828	1828	2828	9	9.972067858038328
829	1829	2829	9	9.468245392852282
830	1830	2830	9	28.833262794131453
831	1831	2831	9	11.7248798935954
832	1832	2832	9	7.471618283980108
833	1833	2833	9	28.659124454699178
834	1834	2834	9	89.10608973188887
835	1835	2835	9	10.056817349969728
836	1836	2836	9	9.880529284174436
837	1837	2837	9	7.627248178364058
838	1838	2838	9	10.29766682589071
839	1839	2839	9	10.81771322322078
840	1840	2840	9	9.156592043596344
841	1841	2841	9	12.347323917119088
842	1842	2842	9	9.214218352613399
843	1843	2843	9	30.582181154688822
844	1844	2844	9	28.852145633180324
845	1845	2845	9	89.52043179499455
846	1846	2846	9	9.181697423057862
847	1847	2847	9	9.50135153236805
848	1848	2848	9	31.55224462286322
849	1849	2849	9	10.09772860201096
850	1850	2850	9	10.931322398260734
851	1851	2851	9	30.440669168653244
852	1852	2852	9	12.033273519269365
853	1853	2853	9	10.487496044498906
854	1854	2854	9	9.932220629942703
855	1855	2855	9	9.28281949333634
856	1856	2856	9	29.49957159551054
857	1857	2857	9	90.91052740324704
858	1858	2858	9	11.37904335049123
859	1859	2859	9	10.544402276832434
860	1860	2860	9	10.525472192206234
861	1861	2861	9	8.706368640143687
862	1862	2862	9	10.376552112464793
863	1863	2863	9	9.189219205973904
864	1864	2864	9	11.569884060639275
865	1865	2865	9	28.941091308378176
866	1866	2866	9	10.22033708816392
867	1867	2867	9	10.93597872454959
868	1868	2868	9	10.600361033450493
869	1869	2869	9	8.185620975732094
870	1870	2870	9	11.140859347465826
871	1871	2871	9	30.478587297868614
872	1872	2872	9	30.344735193895506
873	1873	2873	9	7.686998963326884
874	1874	2874	9	9.897418237434316
875	1875	2875	9	29.866271924844938
876	1876	2876	9	11.42264300999243
877	1877	2877	9	28.74028277996695
878	1878	2878	9	11.204032449831788
879	1879	2879	9	10.991983849200922
880	1880	2880	9	9.87877594816004
881	1881	2881	9	9.296501115388523
882	1882	2882	9	89.63255420691931
883	1883	2883	9	10.668367611592664
884	1884	2884	9	31.456770878684818
885	1885	2885	9	29.02671130816908
886	1886	2886	9	10.94274888248994
887	1887	2887	9	10.038455632263556
888	1888	2888	9	30.936821699462644
889	1889	2889	9	8.616943030135566
890	1890	2890	9	8.439137477073547
891	1891	2891	9	29.681071296102996
892	1892	2892	9	30.117253278028702
893	1893	2893	9	89.15553385700127
894	1894	2894	9	31.747077964638773
895	1895	2895	9	30.72544819672666
896	1896	2896	9	31.724507441507996
897	1897	2897	9	29.439098030048555
898	1898	2898	9	30.576936697310924
899	1899	2899	9	30.654593575299604
900	1900	2900	9	9.719344881221502
901	1901	2901	9	9.284794052494494
902	1902	2902	9	10.005914693413729
903	1903	2903	9	44.847826890576755
904	1904	2904	9	9.98751588449502
905	1905	2905	9	9.948142661957558
906	1906	2906	9	10.937458034062512
907	1907	2907	9	11.814143057134482
908	1908	2908	9	9.608234299185266
909	1909	2909	9	8.102910670148882
910	1910	2910	9	10.314261980174324
911	1911	2911	9	9.098048066568321
912	1912	2912	9	10.466189333714304
913	1913	2913	9	29.74570126728053
914	1914	2914	9	11.397235964416323
915	1915	2915	9	10.904939076958637
916	1916	2916	9	90.36780465708206
917	1917	2917	9	8.525215476134688
918	1918	2918	9	7.89266994660119
919	1919	2919	9	10.834285824816197
920	1920	2920	9	9.278533943466506
921	1921	2921	9	10.854289856553976
922	1922	2922	9	10.017187106329546
923	1923	2923	9	9.229513740235499
924	1924	2924	9	10.401006561665701
925	1925	2925	9	30.370857525121977
926	1926	2926	9	9.08170475241111
927	1927	2927	9	9.57839334588164
928	1928	2928	9	10.849823985122194
929	1929	2929	9	9.585332095891493
930	1930	2930	9	10.969063009719951
931	1931	2931	9	8.543057857768648
932	1932	2932	9	88.673469412249
933	1933	2933	9	30.64094743899067
934	1934	2934	9	28.601875599335823
935	1935	2935	9	30.284191207556272
936	1936	2936	9	11.544291343735127
937	1937	2937	9	90.0516586272832
938	1938	2938	9	11.20042046360795
939	1939	2939	9	90.78147417110134
940	1940	2940	9	11.079931493686457
941	1941	2941	9	29.66693268103899
942	1942	2942	9	29.367305821486816
943	1943	2943	9	10.469748431078312
944	1944	2944	9	11.242631040265712
945	1945	2945	9	8.916878255524242
946	1946	2946	9	30.66504883442441
947	1947	2947	9	8.710966449249662
948	1948	2948	9	10.4945923288161
949	1949	2949	9	30.13589717908431
950	1950	2950	9	8.440321326509004
951	1951	2951	9	10.591512093841096
952	1952	2952	9	10.143509830086508
953	1953	2953	9	9.619690601989253
954	1954	2954	9	10.397886648410347
955	1955	2955	9	11.049747326534964
956	1956	2956	9	29.57631895207476
957	1957	2957	9	30.314166117233654
958	1958	2958	9	9.293896540378059
959	1959	2959	9	10.02481185419041
960	1960	2960	9	10.123770246695365
961	1961	2961	9	31.398351375858926
962	1962	2962	9	10.831861467910763
963	1963	2963	9	10.964394312922074
964	1964	2964	9	10.108791221577079
965	1965	2965	9	29.44759428509463
966	1966	2966	9	91.29783926571281
967	1967	2967	9	9.638574887850305
968	1968	2968	9	29.78465518400147
969	1969	2969	9	8.639525398264016
970	1970	2970	9	12.117417496350019
971	1971	2971	9	9.89510839964359
972	1972	2972	9	10.337218950565841
973	1973	2973	9	10.926661354538407
974	1974	2974	9	10.96097654990606
975	1975	2975	9	10.5972481108346
976	1976	2976	9	10.841486507113164
977	1977	2977	9	11.343997397740095
978	1978	2978	9	10.728852164869002
979	1979	2979	9	10.5501262805673
980	1980	2980	9	9.18236291301725
981	1981	2981	9	91.05011800526226
982	1982	2982	9	10.165230613654183
983	1983	2983	9	11.4661684757175
984	1984	2984	9	178.4853915755584
985	1985	2985	9	10.726074753215052
986	1986	2986	9	90.64041476500485
987	1987	2987	9	9.317869038936323
988	1988	2988	9	10.88569462700099
989	1989	2989	9	8.188724745875467
990	1990	2990	9	8.606103431310563
991	1991	2991	9	9.89820465692553
992	1992	2992	9	10.534968100714837
993	1993	2993	9	31.732318046033914
994	1994	2994	9	9.767190987468725
995	1995	2995	9	30.450094749904142
996	1996	2996	9	134.4500597289044
997	1997	2997	9	90.51631685821766
998	1998	2998	9	10.969125299631065
999	1999	2999	9	8.890817332387408
1000	2000	3000	9	11.454378531611676
