ind_ID	father_ID	mother_ID	Sex	Phenotype
1	1001	2001	9	28.873020576048106
2	1002	2002	9	9.714763287365393
3	1003	2003	9	29.49175516210767
4	1004	2004	9	11.41118669736194
5	1005	2005	9	9.519662536956577
6	1006	2006	9	31.42149805032147
7	1007	2007	9	30.175038256245603
8	1008	2008	9	10.524446167392675
9	1009	2009	9	10.321842552796042
10	1010	2010	9	9.65158812257101
11	1011	2011	9	8.262943899812655
12	1012	2012	9	28.98225084946801
13	1013	2013	9	29.29842887864706
14	1014	2014	9	7.993222994438099
15	1015	2015	9	29.21034327006738
16	1016	2016	9	29.43847292267152
17	1017	2017	9	31.203811666154326
18	1018	2018	9	10.937252518618788
19	1019	2019	9	11.76017097715063
20	1020	2020	9	31.1464213573038
21	1021	2021	9	28.392791462142934
22	1022	2022	9	10.30451698815502
23	1023	2023	9	29.171744352295043
24	1024	2024	9	4.794854253207457
25	1025	2025	9	11.132554627416562
26	1026	2026	9	28.7013738174202
27	1027	2027	9	29.548734945347395
28	1028	2028	9	31.231859482081894
29	1029	2029	9	30.206627244443155
30	1030	2030	9	9.184876845347068
31	1031	2031	9	11.336529290529242
32	1032	2032	9	9.252070029947253
33	1033	2033	9	30.95506744009458
34	1034	2034	9	8.798403432539137
35	1035	2035	9	28.90698695337305
36	1036	2036	9	8.60202442562958
37	1037	2037	9	9.938389395274527
38	1038	2038	9	9.014068196031946
39	1039	2039	9	31.14353939597401
40	1040	2040	9	30.094415251281994
41	1041	2041	9	28.77530423550991
42	1042	2042	9	31.126583100529057
43	1043	2043	9	10.428329472883684
44	1044	2044	9	10.149732843730812
45	1045	2045	9	30.77491595433064
46	1046	2046	9	28.77105641531415
47	1047	2047	9	9.793262250841044
48	1048	2048	9	28.707827568809524
49	1049	2049	9	12.506165507733908
50	1050	2050	9	9.407537802119094
51	1051	2051	9	12.54021488600918
52	1052	2052	9	8.642212040323042
53	1053	2053	9	9.647146997444727
54	1054	2054	9	9.093237498713139
55	1055	2055	9	8.759232971476637
56	1056	2056	9	29.46018957993654
57	1057	2057	9	58.643758533583245
58	1058	2058	9	30.283291439983536
59	1059	2059	9	30.40343773902176
60	1060	2060	9	28.638656812564996
61	1061	2061	9	30.484141904918516
62	1062	2062	9	9.596503594748441
63	1063	2063	9	9.990240371524582
64	1064	2064	9	10.348407870384063
65	1065	2065	9	10.885805477227548
66	1066	2066	9	28.528369941054777
67	1067	2067	9	11.401285124112594
68	1068	2068	9	10.402660293127846
69	1069	2069	9	30.324038556571967
70	1070	2070	9	29.038086157626804
71	1071	2071	9	9.698247731066022
72	1072	2072	9	8.626055178043213
73	1073	2073	9	10.45964422847843
74	1074	2074	9	10.039219304893535
75	1075	2075	9	8.560674843661904
76	1076	2076	9	4.383837918535937
77	1077	2077	9	8.181392940707134
78	1078	2078	9	3.601905848268202
79	1079	2079	9	32.12959324751915
80	1080	2080	9	9.330688848574678
81	1081	2081	9	29.98385484611777
82	1082	2082	9	30.309172894224055
83	1083	2083	9	29.662410994111152
84	1084	2084	9	10.209913379651606
85	1085	2085	9	30.161737113390778
86	1086	2086	9	10.14732648545712
87	1087	2087	9	9.8525905043102
88	1088	2088	9	7.49325969423879
89	1089	2089	9	30.72898987616433
90	1090	2090	9	9.441332683115732
91	1091	2091	9	29.542917099531046
92	1092	2092	9	10.945191859218902
93	1093	2093	9	9.887104219665286
94	1094	2094	9	9.02373050704332
95	1095	2095	9	9.275789174518579
96	1096	2096	9	29.794526783740455
97	1097	2097	9	7.5604600519708836
98	1098	2098	9	9.83164256466072
99	1099	2099	9	10.67594225426899
100	1100	2100	9	9.710247380901839
101	1101	2101	9	8.621506182338829
102	1102	2102	9	10.483521813014596
103	1103	2103	9	10.862033812547201
104	1104	2104	9	30.970323277961537
105	1105	2105	9	10.441021329593736
106	1106	2106	9	9.944321474261692
107	1107	2107	9	10.736788726681068
108	1108	2108	9	9.117070977565682
109	1109	2109	9	29.07507238389577
110	1110	2110	9	28.199716146287802
111	1111	2111	9	30.021514454436268
112	1112	2112	9	11.50853522536373
113	1113	2113	9	28.981827747407344
114	1114	2114	9	9.228867419302716
115	1115	2115	9	5.683310877492836
116	1116	2116	9	19.80411195272108
117	1117	2117	9	29.47267805249008
118	1118	2118	9	19.590084077964754
119	1119	2119	9	9.872953341360672
120	1120	2120	9	8.338823790237479
121	1121	2121	9	8.579382759944115
122	1122	2122	9	8.898692896628313
123	1123	2123	9	29.55463898728246
124	1124	2124	9	9.094985373356588
125	1125	2125	9	12.126530832289314
126	1126	2126	9	9.733383366842569
127	1127	2127	9	16.148830218337782
128	1128	2128	9	8.230816293859565
129	1129	2129	9	31.255349542686993
130	1130	2130	9	5.666745054998053
131	1131	2131	9	3.6654808863997035
132	1132	2132	9	30.50316967434978
133	1133	2133	9	9.041619385502932
134	1134	2134	9	10.357910504835218
135	1135	2135	9	31.738076474819533
136	1136	2136	9	29.58006455400357
137	1137	2137	9	9.434906428006183
138	1138	2138	9	9.24866925822181
139	1139	2139	9	10.479520516786057
140	1140	2140	9	59.558331666937775
141	1141	2141	9	6.345194935521314
142	1142	2142	9	29.92885353770303
143	1143	2143	9	31.23261174134168
144	1144	2144	9	11.432988345377678
145	1145	2145	9	10.258965366994966
146	1146	2146	9	10.181074190298016
147	1147	2147	9	20.987516772818964
148	1148	2148	9	11.385101073963806
149	1149	2149	9	28.99404083442903
150	1150	2150	9	9.208138088302464
151	1151	2151	9	29.701959499804687
152	1152	2152	9	10.197385850532264
153	1153	2153	9	10.683182307999056
154	1154	2154	9	29.92024869667255
155	1155	2155	9	31.26156290784735
156	1156	2156	9	9.490239543151509
157	1157	2157	9	30.345303529423088
158	1158	2158	9	10.523446688163197
159	1159	2159	9	10.943660146879765
160	1160	2160	9	9.904604733443657
161	1161	2161	9	10.922932483278613
162	1162	2162	9	29.549362087405893
163	1163	2163	9	18.771943262424795
164	1164	2164	9	30.269671617631698
165	1165	2165	9	30.96080468907503
166	1166	2166	9	28.79170268280317
167	1167	2167	9	9.607341983500563
168	1168	2168	9	11.476266289596548
169	1169	2169	9	29.817731253985563
170	1170	2170	9	29.999811806751616
171	1171	2171	9	10.486848990020066
172	1172	2172	9	10.574093722799308
173	1173	2173	9	9.856008216131283
174	1174	2174	9	9.847244094629687
175	1175	2175	9	29.440135840967255
176	1176	2176	9	11.528726463330104
177	1177	2177	9	1921.374388941217
178	1178	2178	9	9.948183353284739
179	1179	2179	9	10.429418220095357
180	1180	2180	9	28.739105981438982
181	1181	2181	9	29.826403981216735
182	1182	2182	9	30.02897184614255
183	1183	2183	9	12.182876683060947
184	1184	2184	9	19.352161119471486
185	1185	2185	9	12.040994672940075
186	1186	2186	9	10.693170694384525
187	1187	2187	9	28.628577030157494
188	1188	2188	9	9.55721946684658
189	1189	2189	9	9.951391906041913
190	1190	2190	9	30.797194049419083
191	1191	2191	9	9.766529918935369
192	1192	2192	9	14.435557463117902
193	1193	2193	9	28.482774506685107
194	1194	2194	9	10.542822410149242
195	1195	2195	9	9.686186998540983
196	1196	2196	9	11.452436231188829
197	1197	2197	9	10.577032550905333
198	1198	2198	9	9.804915758073328
199	1199	2199	9	8.544748804686154
200	1200	2200	9	9.812787111099546
201	1201	2201	9	30.56423010377606
202	1202	2202	9	9.94350885013139
203	1203	2203	9	30.873516758336976
204	1204	2204	9	9.660794982172128
205	1205	2205	9	11.916306582156757
206	1206	2206	9	29.568781671824915
207	1207	2207	9	4.85776504742986
208	1208	2208	9	11.28001806343925
209	1209	2209	9	10.168837836898122
210	1210	2210	9	10.352229979660317
211	1211	2211	9	29.34810692949368
212	1212	2212	9	13.355597048259607
213	1213	2213	9	8.822497661438542
214	1214	2214	9	10.893719527188741
215	1215	2215	9	29.535905595291002
216	1216	2216	9	29.875059867512476
217	1217	2217	9	10.526220724228356
218	1218	2218	9	29.793891875195143
219	1219	2219	9	9.35749993675716
220	1220	2220	9	8.307019082582862
221	1221	2221	9	7.6042956090761145
222	1222	2222	9	9.841874571470457
223	1223	2223	9	8.876859022554711
224	1224	2224	9	8.953526124867466
225	1225	2225	9	29.73226048919544
226	1226	2226	9	30.9029599863259
227	1227	2227	9	29.2819118662556
228	1228	2228	9	30.541880075768578
229	1229	2229	9	29.045384005549014
230	1230	2230	9	14.491202696946928
231	1231	2231	9	8.994647868328416
232	1232	2232	9	10.585390092975793
233	1233	2233	9	10.658715377314799
234	1234	2234	9	9.116043803799696
235	1235	2235	9	9.369134780895761
236	1236	2236	9	29.294755516031223
237	1237	2237	9	10.808480611647033
238	1238	2238	9	10.93638031069173
239	1239	2239	9	20.17907267698944
240	1240	2240	9	10.93541230992568
241	1241	2241	9	6.149228337218281
242	1242	2242	9	11.171806074064893
243	1243	2243	9	9.707346362995674
244	1244	2244	9	28.430122728146817
245	1245	2245	9	9.178067067265813
246	1246	2246	9	9.49189602103605
247	1247	2247	9	9.519864471497408
248	1248	2248	9	30.46673026194244
249	1249	2249	9	9.697555293741386
250	1250	2250	9	11.267915930680452
251	1251	2251	9	30.24715978230965
252	1252	2252	9	30.979048335399586
253	1253	2253	9	31.021306754189844
254	1254	2254	9	10.022135841227415
255	1255	2255	9	7.31958840397803
256	1256	2256	9	60.17788220285808
257	1257	2257	9	9.572805985726884
258	1258	2258	9	31.103334595056985
259	1259	2259	9	9.806287876581589
260	1260	2260	9	11.1214590974655
261	1261	2261	9	30.591787165819326
262	1262	2262	9	10.56427104088461
263	1263	2263	9	11.973736936737474
264	1264	2264	9	32.42001018826515
265	1265	2265	9	11.41487558724887
266	1266	2266	9	10.56713828490255
267	1267	2267	9	9.983541460464057
268	1268	2268	9	28.86926420865708
269	1269	2269	9	30.174231612860062
270	1270	2270	9	11.620467524287925
271	1271	2271	9	30.579155892908286
272	1272	2272	9	9.812634406346165
273	1273	2273	9	11.10542072680181
274	1274	2274	9	8.835895236577105
275	1275	2275	9	11.135433343927362
276	1276	2276	9	29.089831211368978
277	1277	2277	9	8.711762127938437
278	1278	2278	9	29.76031155589576
279	1279	2279	9	9.624318571178186
280	1280	2280	9	31.385549698729974
281	1281	2281	9	31.01190062956337
282	1282	2282	9	30.495908334284827
283	1283	2283	9	20.59562869726606
284	1284	2284	9	6.456310459865948
285	1285	2285	9	10.061957010232748
286	1286	2286	9	10.506070878190526
287	1287	2287	9	8.965017802549585
288	1288	2288	9	9.774642846951384
289	1289	2289	9	30.41321633288472
290	1290	2290	9	11.614805909667474
291	1291	2291	9	9.547770625518867
292	1292	2292	9	10.871009877702182
293	1293	2293	9	9.40067249279647
294	1294	2294	9	30.124326986132075
295	1295	2295	9	8.955434814032287
296	1296	2296	9	9.588104055080318
297	1297	2297	9	10.003860556199987
298	1298	2298	9	10.423725748056487
299	1299	2299	9	32.33990973212036
300	1300	2300	9	10.560211786474145
301	1301	2301	9	29.61658104195432
302	1302	2302	9	8.66431788147996
303	1303	2303	9	31.01452364889427
304	1304	2304	9	21.10885896831975
305	1305	2305	9	30.014955230651815
306	1306	2306	9	9.529482638899808
307	1307	2307	9	10.666226169094548
308	1308	2308	9	30.10296762335509
309	1309	2309	9	9.709463696213636
310	1310	2310	9	29.641844466922215
311	1311	2311	9	30.259592012865177
312	1312	2312	9	29.499938515392802
313	1313	2313	9	60.41718063551758
314	1314	2314	9	8.41213941673873
315	1315	2315	9	30.543539739020144
316	1316	2316	9	19.357017048251368
317	1317	2317	9	29.147574370717315
318	1318	2318	9	29.74586595579885
319	1319	2319	9	30.74020020437194
320	1320	2320	9	9.929972629032454
321	1321	2321	9	29.129621401297246
322	1322	2322	9	9.144992295108857
323	1323	2323	9	28.555771184076658
324	1324	2324	9	9.405754730801766
325	1325	2325	9	10.001235505117299
326	1326	2326	9	30.38587432567612
327	1327	2327	9	10.426362503994364
328	1328	2328	9	10.213216726467076
329	1329	2329	9	30.16206375254437
330	1330	2330	9	10.962160574122212
331	1331	2331	9	9.842495050373499
332	1332	2332	9	30.44250780858207
333	1333	2333	9	11.616833891208074
334	1334	2334	9	30.757436849370734
335	1335	2335	9	11.133423300297753
336	1336	2336	9	9.041567431191547
337	1337	2337	9	28.707092774656672
338	1338	2338	9	7.38477104346656
339	1339	2339	9	14.930800236177337
340	1340	2340	9	9.10587720430911
341	1341	2341	9	30.90671122263321
342	1342	2342	9	8.242235513634688
343	1343	2343	9	9.378814530590056
344	1344	2344	9	11.034297183582067
345	1345	2345	9	30.691502303552422
346	1346	2346	9	9.887518862590058
347	1347	2347	9	30.15774642047133
348	1348	2348	9	9.31438721739566
349	1349	2349	9	28.6776160892006
350	1350	2350	9	9.32764020804388
351	1351	2351	9	29.172786237163216
352	1352	2352	9	10.149413899265015
353	1353	2353	9	10.103149952893368
354	1354	2354	9	8.699886835781012
355	1355	2355	9	10.807321208045432
356	1356	2356	9	31.321196573871788
357	1357	2357	9	29.87169132322002
358	1358	2358	9	8.767648461061468
359	1359	2359	9	10.403614810415476
360	1360	2360	9	28.952740679837003
361	1361	2361	9	8.932473322325082
362	1362	2362	9	28.5562573352211
363	1363	2363	9	31.34016767896342
364	1364	2364	9	10.097525106101628
365	1365	2365	9	10.192775113908924
366	1366	2366	9	9.6225345317061
367	1367	2367	9	6.359978431529228
368	1368	2368	9	2.8728864503687976
369	1369	2369	9	9.101671785541543
370	1370	2370	9	30.023748924054896
371	1371	2371	9	10.402209324929835
372	1372	2372	9	29.392341593164993
373	1373	2373	9	9.976395742448855
374	1374	2374	9	27.65091138126822
375	1375	2375	9	18.856472753116904
376	1376	2376	9	11.302823812861766
377	1377	2377	9	9.216598917717313
378	1378	2378	9	11.349811893212935
379	1379	2379	9	29.876207136779406
380	1380	2380	9	8.91102262608897
381	1381	2381	9	10.1950492258852
382	1382	2382	9	29.66196582860049
383	1383	2383	9	7.31771055910215
384	1384	2384	9	5.99587714139477
385	1385	2385	9	29.357938914923043
386	1386	2386	9	10.077819613102994
387	1387	2387	9	8.965720984435327
388	1388	2388	9	30.904702909651085
389	1389	2389	9	8.579964643435847
390	1390	2390	9	14.98766422979612
391	1391	2391	9	30.492257944576316
392	1392	2392	9	10.134999533911904
393	1393	2393	9	9.867107384183988
394	1394	2394	9	9.91592039575114
395	1395	2395	9	29.636469517814284
396	1396	2396	9	29.781909361431513
397	1397	2397	9	10.738158950824735
398	1398	2398	9	7.222164760766237
399	1399	2399	9	30.179630844461272
400	1400	2400	9	8.503128697461955
401	1401	2401	9	10.613756957789843
402	1402	2402	9	11.09876630037416
403	1403	2403	9	28.779533217113194
404	1404	2404	9	29.142503700390787
405	1405	2405	9	29.97993132318089
406	1406	2406	9	9.835074126396696
407	1407	2407	9	9.937885281338932
408	1408	2408	9	9.894187811067656
409	1409	2409	9	28.09412658992733
410	1410	2410	9	30.483064484911946
411	1411	2411	9	29.494477556031406
412	1412	2412	9	9.302139078121186
413	1413	2413	9	10.97684243244599
414	1414	2414	9	10.791816145571023
415	1415	2415	9	8.229250910614866
416	1416	2416	9	30.53090354618562
417	1417	2417	9	9.708385785985794
418	1418	2418	9	10.174013213976037
419	1419	2419	9	27.741137069289014
420	1420	2420	9	30.605101254930894
421	1421	2421	9	10.178936444674399
422	1422	2422	9	31.507993459934067
423	1423	2423	9	10.983482461685742
424	1424	2424	9	10.431982252848869
425	1425	2425	9	9.18321591278222
426	1426	2426	9	10.28404358563118
427	1427	2427	9	8.995113415747637
428	1428	2428	9	11.099889719570877
429	1429	2429	9	30.65760534401901
430	1430	2430	9	12.024250512492351
431	1431	2431	9	11.154147322587775
432	1432	2432	9	8.358890580968808
433	1433	2433	9	9.815653608964862
434	1434	2434	9	8.613464358023375
435	1435	2435	9	10.162580371863374
436	1436	2436	9	29.130120173236584
437	1437	2437	9	31.040866362615873
438	1438	2438	9	9.9899634060097
439	1439	2439	9	9.902924681531548
440	1440	2440	9	11.60601906718226
441	1441	2441	9	28.46309635951886
442	1442	2442	9	10.20291026028715
443	1443	2443	9	30.780576766706933
444	1444	2444	9	30.012820113410662
445	1445	2445	9	10.406585960913565
446	1446	2446	9	10.702059744305606
447	1447	2447	9	9.037392329456042
448	1448	2448	9	9.981632384020383
449	1449	2449	9	31.20878615656274
450	1450	2450	9	10.215888221179267
451	1451	2451	9	30.08926582178817
452	1452	2452	9	31.521658983793063
453	1453	2453	9	30.243493268262576
454	1454	2454	9	10.890982747960354
455	1455	2455	9	11.476329080323238
456	1456	2456	9	19.895925561770134
457	1457	2457	9	32.90987995941402
458	1458	2458	9	27.946713002484167
459	1459	2459	9	29.411585044313174
460	1460	2460	9	10.424363097563003
461	1461	2461	9	6.3616358564742725
462	1462	2462	9	9.112682773737061
463	1463	2463	9	31.008975535711578
464	1464	2464	9	9.745080645104554
465	1465	2465	9	29.463987907592294
466	1466	2466	9	28.481528231430122
467	1467	2467	9	9.058535654113522
468	1468	2468	9	9.256793275220685
469	1469	2469	9	9.042027147521525
470	1470	2470	9	31.21996595978844
471	1471	2471	9	12.168345146318408
472	1472	2472	9	30.465700965598124
473	1473	2473	9	9.36730587730218
474	1474	2474	9	9.490139156649843
475	1475	2475	9	29.722465433315516
476	1476	2476	9	19.961144036558583
477	1477	2477	9	31.466555833363973
478	1478	2478	9	11.644974424538628
479	1479	2479	9	9.941179847963538
480	1480	2480	9	9.918447941651403
481	1481	2481	9	9.322850252426871
482	1482	2482	9	8.302847724316523
483	1483	2483	9	10.51334545283333
484	1484	2484	9	30.7765995466472
485	1485	2485	9	28.73449274000226
486	1486	2486	9	8.671082089743503
487	1487	2487	9	29.960325774131398
488	1488	2488	9	31.571421995758893
489	1489	2489	9	11.558906269655418
490	1490	2490	9	9.757210888804321
491	1491	2491	9	9.31420130669886
492	1492	2492	9	9.102910597000546
493	1493	2493	9	4.402728484885156
494	1494	2494	9	28.048223419325062
495	1495	2495	9	8.982118535649642
496	1496	2496	9	11.048003276821504
497	1497	2497	9	10.931027323618485
498	1498	2498	9	9.432178153861457
499	1499	2499	9	30.44281165989147
500	1500	2500	9	10.42539340044366
501	1501	2501	9	29.038471544288086
502	1502	2502	9	31.637703182559832
503	1503	2503	9	10.853082300092431
504	1504	2504	9	10.787104379832806
505	1505	2505	9	60.934450451797304
506	1506	2506	9	10.849504064799394
507	1507	2507	9	8.797846573675606
508	1508	2508	9	5.078499817633054
509	1509	2509	9	9.584470138931032
510	1510	2510	9	11.527687293575902
511	1511	2511	9	19.96704981889573
512	1512	2512	9	10.331156226111728
513	1513	2513	9	28.71783169433737
514	1514	2514	9	8.520116585946797
515	1515	2515	9	11.820281926567116
516	1516	2516	9	10.593366148526759
517	1517	2517	9	29.62359339372985
518	1518	2518	9	11.690371746258275
519	1519	2519	9	8.762716239908432
520	1520	2520	9	9.224175155571134
521	1521	2521	9	29.939752126159476
522	1522	2522	9	10.39253750168901
523	1523	2523	9	28.33378291793925
524	1524	2524	9	30.998663126010847
525	1525	2525	9	28.585887639555498
526	1526	2526	9	10.5212680561254
527	1527	2527	9	10.599868439682034
528	1528	2528	9	31.376840029701686
529	1529	2529	9	11.701009451776645
530	1530	2530	9	9.13490702801771
531	1531	2531	9	11.42668135688403
532	1532	2532	9	59.57502017893901
533	1533	2533	9	19.75287565960347
534	1534	2534	9	9.958933994138642
535	1535	2535	9	7.244642258222708
536	1536	2536	9	11.427519319907566
537	1537	2537	9	11.655048205461119
538	1538	2538	9	28.72011925898427
539	1539	2539	9	31.408927715926993
540	1540	2540	9	11.417797658126759
541	1541	2541	9	12.532474601881884
542	1542	2542	9	11.184907496424584
543	1543	2543	9	9.99177548448212
544	1544	2544	9	9.936273171555774
545	1545	2545	9	9.765841280674817
546	1546	2546	9	28.29117215161986
547	1547	2547	9	31.06653456647775
548	1548	2548	9	8.484549314434224
549	1549	2549	9	8.995731310999725
550	1550	2550	9	9.511272721478528
551	1551	2551	9	29.45918756385205
552	1552	2552	9	31.541920982628405
553	1553	2553	9	29.01166203282786
554	1554	2554	9	10.073305190166687
555	1555	2555	9	11.196618961827637
556	1556	2556	9	10.919332394431612
557	1557	2557	9	9.836699312464765
558	1558	2558	9	9.932547142543308
559	1559	2559	9	9.314838806061768
560	1560	2560	9	9.78292845298118
561	1561	2561	9	29.761538831838106
562	1562	2562	9	8.766086448630896
563	1563	2563	9	11.392991320122944
564	1564	2564	9	29.72539585300271
565	1565	2565	9	8.974763174001883
566	1566	2566	9	18.494258196063058
567	1567	2567	9	30.203752185534807
568	1568	2568	9	11.701948634398521
569	1569	2569	9	29.98767695256541
570	1570	2570	9	10.449346151054602
571	1571	2571	9	10.640190932710524
572	1572	2572	9	4.160821353042674
573	1573	2573	9	10.02161858550802
574	1574	2574	9	9.40732821114955
575	1575	2575	9	10.766571609528114
576	1576	2576	9	29.700719760995252
577	1577	2577	9	30.97905450916709
578	1578	2578	9	10.912093825098506
579	1579	2579	9	9.374957111035497
580	1580	2580	9	9.992261175950764
581	1581	2581	9	29.52339104515959
582	1582	2582	9	10.156879862889376
583	1583	2583	9	28.46093552139899
584	1584	2584	9	9.340853341510796
585	1585	2585	9	9.165546805175543
586	1586	2586	9	29.81505168303429
587	1587	2587	9	10.283910161871361
588	1588	2588	9	8.505423548463273
589	1589	2589	9	10.686630713563778
590	1590	2590	9	8.763346677619548
591	1591	2591	9	29.164863018698608
592	1592	2592	9	9.713896751017147
593	1593	2593	9	9.700410925353575
594	1594	2594	9	8.432677263911668
595	1595	2595	9	29.38734622255936
596	1596	2596	9	29.864813079669453
597	1597	2597	9	10.438436473478163
598	1598	2598	9	5.69860989076401
599	1599	2599	9	9.558959740850014
600	1600	2600	9	8.733420184054133
601	1601	2601	9	31.23698740835375
602	1602	2602	9	30.768091158536436
603	1603	2603	9	9.698215707017884
604	1604	2604	9	7.9847903229366
605	1605	2605	9	28.48113686083471
606	1606	2606	9	16.11505721467855
607	1607	2607	9	10.540721077035142
608	1608	2608	9	8.763639495601021
609	1609	2609	9	30.6015928940448
610	1610	2610	9	10.765811223840155
611	1611	2611	9	9.035309265399116
612	1612	2612	9	30.90244671393264
613	1613	2613	9	10.330778131177867
614	1614	2614	9	8.19943532032813
615	1615	2615	9	8.65211929428233
616	1616	2616	9	30.86607686213585
617	1617	2617	9	9.82328111794403
618	1618	2618	9	9.425448912792774
619	1619	2619	9	19.507071461726518
620	1620	2620	9	9.161586276452633
621	1621	2621	9	10.109750070401166
622	1622	2622	9	12.033029105590607
623	1623	2623	9	9.18282753890057
624	1624	2624	9	29.583327753436837
625	1625	2625	9	10.09835049609588
626	1626	2626	9	11.011318060626555
627	1627	2627	9	10.377088981589269
628	1628	2628	9	10.044855407422288
629	1629	2629	9	9.117711690555446
630	1630	2630	9	29.77335564716799
631	1631	2631	9	27.848315651181235
632	1632	2632	9	5.077511978195122
633	1633	2633	9	10.33590786560817
634	1634	2634	9	29.871877216798392
635	1635	2635	9	10.884654235563799
636	1636	2636	9	29.493503825045902
637	1637	2637	9	29.28621603705117
638	1638	2638	9	31.0171256802881
639	1639	2639	9	9.512415611755205
640	1640	2640	9	30.46487840357337
641	1641	2641	9	29.099200162616327
642	1642	2642	9	10.320629126268084
643	1643	2643	9	9.236014329208498
644	1644	2644	9	29.546846392727442
645	1645	2645	9	30.884097208843638
646	1646	2646	9	11.682674987821244
647	1647	2647	9	8.698677169233546
648	1648	2648	9	7.787758559627782
649	1649	2649	9	58.64775863234091
650	1650	2650	9	9.243730443161105
651	1651	2651	9	29.20214094131986
652	1652	2652	9	11.93051745274538
653	1653	2653	9	8.55015530854338
654	1654	2654	9	8.593902816937664
655	1655	2655	9	8.968626762839493
656	1656	2656	9	3.5758156829350725
657	1657	2657	9	9.799010628094331
658	1658	2658	9	30.907060720426824
659	1659	2659	9	9.349163163140984
660	1660	2660	9	9.368105872157715
661	1661	2661	9	10.617264427686509
662	1662	2662	9	20.287076578487962
663	1663	2663	9	10.47937212332502
664	1664	2664	9	10.284520678815857
665	1665	2665	9	9.023198291728509
666	1666	2666	9	10.338465132299472
667	1667	2667	9	10.267010558037347
668	1668	2668	9	11.169864567867883
669	1669	2669	9	30.14354816087517
670	1670	2670	9	59.31076802612569
671	1671	2671	9	11.444480594613648
672	1672	2672	9	4.1579040112920325
673	1673	2673	9	11.482452083241288
674	1674	2674	9	30.92543515463346
675	1675	2675	9	30.8991085491966
676	1676	2676	9	8.434803506968974
677	1677	2677	9	60.89416051859004
678	1678	2678	9	10.31726295851069
679	1679	2679	9	29.49942040110144
680	1680	2680	9	30.46009892046016
681	1681	2681	9	28.75471346207446
682	1682	2682	9	14.432126213072761
683	1683	2683	9	31.2474136673003
684	1684	2684	9	9.664498921680863
685	1685	2685	9	6.091619592412195
686	1686	2686	9	11.459708568482887
687	1687	2687	9	10.12044880814555
688	1688	2688	9	31.33377112505364
689	1689	2689	9	9.612606308685285
690	1690	2690	9	10.09660961371287
691	1691	2691	9	29.33311221644069
692	1692	2692	9	9.604705020546149
693	1693	2693	9	10.294456677416308
694	1694	2694	9	39.39130025564846
695	1695	2695	9	8.793870024809136
696	1696	2696	9	10.853072564316802
697	1697	2697	9	9.59218679701372
698	1698	2698	9	30.470499091853668
699	1699	2699	9	8.805800803112037
700	1700	2700	9	10.481468686116013
701	1701	2701	9	9.777635375174505
702	1702	2702	9	28.55538783105645
703	1703	2703	9	31.938086715860152
704	1704	2704	9	9.619881532619603
705	1705	2705	9	29.39113571930484
706	1706	2706	9	9.130237983276935
707	1707	2707	9	4.437096398460765
708	1708	2708	9	31.31054051374075
709	1709	2709	9	9.804939457195673
710	1710	2710	9	29.96326389363723
711	1711	2711	9	10.689565361129405
712	1712	2712	9	9.8701544175381
713	1713	2713	9	31.16325201988869
714	1714	2714	9	29.951186867664013
715	1715	2715	9	8.111732766647185
716	1716	2716	9	29.193687991863513
717	1717	2717	9	29.100168566923607
718	1718	2718	9	10.120632173057018
719	1719	2719	9	8.896625916900371
720	1720	2720	9	9.398340006605272
721	1721	2721	9	16.18212447611856
722	1722	2722	9	9.159866142016751
723	1723	2723	9	19.606459831928422
724	1724	2724	9	9.960048879509992
725	1725	2725	9	11.652370521532925
726	1726	2726	9	29.795583694279095
727	1727	2727	9	31.17173666975781
728	1728	2728	9	10.42463393576042
729	1729	2729	9	9.143043485862409
730	1730	2730	9	29.84676379270152
731	1731	2731	9	11.02539957788709
732	1732	2732	9	10.597073411949273
733	1733	2733	9	10.890689189409171
734	1734	2734	9	29.42481701978892
735	1735	2735	9	29.08976877831149
736	1736	2736	9	9.978463418983154
737	1737	2737	9	9.714827970150283
738	1738	2738	9	29.237673849705494
739	1739	2739	9	30.451202746720107
740	1740	2740	9	29.988763984959395
741	1741	2741	9	29.95961595920379
742	1742	2742	9	5.074921365561693
743	1743	2743	9	28.83025849793563
744	1744	2744	9	10.347014377687724
745	1745	2745	9	10.504198457430473
746	1746	2746	9	10.034447362055632
747	1747	2747	9	8.82057709398737
748	1748	2748	9	9.00743615935712
749	1749	2749	9	9.196420088055326
750	1750	2750	9	29.81811662408646
751	1751	2751	9	29.320814329281212
752	1752	2752	9	9.32837469848379
753	1753	2753	9	10.795654879738274
754	1754	2754	9	5.291128723928652
755	1755	2755	9	10.678368004097788
756	1756	2756	9	10.480443380333597
757	1757	2757	9	33.168386797316515
758	1758	2758	9	31.721275587406048
759	1759	2759	9	28.200111492803767
760	1760	2760	9	29.635249038099712
761	1761	2761	9	28.80965579706215
762	1762	2762	9	30.44880640067566
763	1763	2763	9	15.493153504213454
764	1764	2764	9	8.943098330846029
765	1765	2765	9	32.631075537031066
766	1766	2766	9	19.642076036455666
767	1767	2767	9	10.961971963431049
768	1768	2768	9	28.316167763793505
769	1769	2769	9	9.214578303115783
770	1770	2770	9	8.196047180127993
771	1771	2771	9	10.939598723697559
772	1772	2772	9	9.112034882923872
773	1773	2773	9	11.527948095139115
774	1774	2774	9	9.657648981124028
775	1775	2775	9	10.056201908045763
776	1776	2776	9	8.39783591405893
777	1777	2777	9	3.61160017574779
778	1778	2778	9	9.833190581280038
779	1779	2779	9	7.80769925852181
780	1780	2780	9	14.35607639423092
781	1781	2781	9	28.534989403955922
782	1782	2782	9	7.235027475962749
783	1783	2783	9	11.638733593344318
784	1784	2784	9	31.35514745433598
785	1785	2785	9	10.077427618962423
786	1786	2786	9	30.31720312839949
787	1787	2787	9	16.59419421101525
788	1788	2788	9	10.23209413190997
789	1789	2789	9	10.290586015986552
790	1790	2790	9	29.455671867098033
791	1791	2791	9	11.53688003758401
792	1792	2792	9	30.09856401680427
793	1793	2793	9	30.27498180234827
794	1794	2794	9	29.64928147939906
795	1795	2795	9	8.73897707963861
796	1796	2796	9	9.566588987523014
797	1797	2797	9	30.820839184250712
798	1798	2798	9	31.122827821364126
799	1799	2799	9	29.99916546180172
800	1800	2800	9	10.457519864199528
801	1801	2801	9	30.35614809370319
802	1802	2802	9	10.733239662674437
803	1803	2803	9	10.213513772843422
804	1804	2804	9	30.04348551454044
805	1805	2805	9	10.676893197502299
806	1806	2806	9	11.197933443178561
807	1807	2807	9	10.217202331743028
808	1808	2808	9	11.269902777643296
809	1809	2809	9	31.24255810722552
810	1810	2810	9	10.171687356379827
811	1811	2811	9	5.800195717198781
812	1812	2812	9	11.348664066507308
813	1813	2813	9	9.436654380325738
814	1814	2814	9	10.774933021545415
815	1815	2815	9	9.019735304933757
816	1816	2816	9	8.86643011543353
817	1817	2817	9	32.12649934917381
818	1818	2818	9	9.000193378603994
819	1819	2819	9	9.506063349805322
820	1820	2820	9	31.243127606293044
821	1821	2821	9	31.255722018868493
822	1822	2822	9	10.484886609211086
823	1823	2823	9	9.691947407095958
824	1824	2824	9	8.716195364104214
825	1825	2825	9	60.19316962153125
826	1826	2826	9	59.471519089105115
827	1827	2827	9	10.482658766392875
828	1828	2828	9	14.416551064247862
829	1829	2829	9	4.456335194228891
830	1830	2830	9	9.796086970547094
831	1831	2831	9	10.998799629638771
832	1832	2832	9	4.765404386873789
833	1833	2833	9	9.060312036888092
834	1834	2834	9	11.581370204766541
835	1835	2835	9	32.35553307429298
836	1836	2836	9	29.574396812966274
837	1837	2837	9	11.518171642041764
838	1838	2838	9	11.551641190874326
839	1839	2839	9	3.6154405495216375
840	1840	2840	9	8.78697229420471
841	1841	2841	9	11.307956633563721
842	1842	2842	9	9.852916583811785
843	1843	2843	9	10.873858811060474
844	1844	2844	9	29.042535279515448
845	1845	2845	9	29.235902419844912
846	1846	2846	9	29.935493080204488
847	1847	2847	9	32.55823229736961
848	1848	2848	9	29.533335893591698
849	1849	2849	9	8.844797398768256
850	1850	2850	9	10.069802877742964
851	1851	2851	9	30.54371056404533
852	1852	2852	9	28.415179122678673
853	1853	2853	9	29.010936600170545
854	1854	2854	9	29.450209163418176
855	1855	2855	9	8.373152918118695
856	1856	2856	9	10.084764460247126
857	1857	2857	9	60.59717369766574
858	1858	2858	9	9.025496414623989
859	1859	2859	9	9.284607023028368
860	1860	2860	9	7.571764897252734
861	1861	2861	9	3.4436511651515875
862	1862	2862	9	29.80653561150049
863	1863	2863	9	29.64012496278923
864	1864	2864	9	10.93387514425413
865	1865	2865	9	28.73506762368804
866	1866	2866	9	8.644065001100447
867	1867	2867	9	9.245470302686487
868	1868	2868	9	10.424950224430185
869	1869	2869	9	9.820465845200317
870	1870	2870	9	58.514301468157
871	1871	2871	9	9.41409719394704
872	1872	2872	9	7.805894797447969
873	1873	2873	9	29.304017908125513
874	1874	2874	9	29.492170432383713
875	1875	2875	9	11.11922769549549
876	1876	2876	9	9.812076506359668
877	1877	2877	9	9.377607293696943
878	1878	2878	9	30.314710612447474
879	1879	2879	9	14.213377051575018
880	1880	2880	9	10.226088322083696
881	1881	2881	9	32.024782805714985
882	1882	2882	9	9.929339442089764
883	1883	2883	9	31.459992691730356
884	1884	2884	9	9.16202726374932
885	1885	2885	9	9.585388155239295
886	1886	2886	9	29.597701749309966
887	1887	2887	9	10.772283926933886
888	1888	2888	9	11.310010216820695
889	1889	2889	9	9.06040391352128
890	1890	2890	9	31.807883624829785
891	1891	2891	9	28.906593259122083
892	1892	2892	9	28.818079694998232
893	1893	2893	9	28.844726222314684
894	1894	2894	9	9.698088051500056
895	1895	2895	9	30.70586766409516
896	1896	2896	9	9.595527543457548
897	1897	2897	9	9.797462999961036
898	1898	2898	9	8.547407684381145
899	1899	2899	9	20.84310924377129
900	1900	2900	9	10.896574062436471
901	1901	2901	9	11.486106022694862
902	1902	2902	9	9.940614778932757
903	1903	2903	9	18.41533804152149
904	1904	2904	9	29.76822814705667
905	1905	2905	9	10.203883523565882
906	1906	2906	9	9.065180982708117
907	1907	2907	9	10.471970436476129
908	1908	2908	9	9.787425312990337
909	1909	2909	9	10.829249227929083
910	1910	2910	9	28.802298919424526
911	1911	2911	9	61.128874404358385
912	1912	2912	9	11.07794244921577
913	1913	2913	9	8.854687764289586
914	1914	2914	9	9.92039885921644
915	1915	2915	9	28.70031690098932
916	1916	2916	9	10.570945623494474
917	1917	2917	9	29.482796231205807
918	1918	2918	9	10.36785738794701
919	1919	2919	9	10.044307049283887
920	1920	2920	9	9.648816651130597
921	1921	2921	9	30.85264303566033
922	1922	2922	9	59.49230171896248
923	1923	2923	9	29.543934637419476
924	1924	2924	9	10.135084381879846
925	1925	2925	9	30.563974149927873
926	1926	2926	9	9.441548293494568
927	1927	2927	9	10.76944766027458
928	1928	2928	9	10.528390672390206
929	1929	2929	9	9.76035876264639
930	1930	2930	9	11.694546467400727
931	1931	2931	9	19.54614498496398
932	1932	2932	9	29.1688619953119
933	1933	2933	9	19.695170207534456
934	1934	2934	9	30.13785549673135
935	1935	2935	9	27.68638129633262
936	1936	2936	9	28.74929189695594
937	1937	2937	9	9.71176272269942
938	1938	2938	9	9.739882210188147
939	1939	2939	9	14.821166646298044
940	1940	2940	9	638.9489659641516
941	1941	2941	9	28.56511479420751
942	1942	2942	9	9.469489161884729
943	1943	2943	9	10.713118987115706
944	1944	2944	9	9.696325839582595
945	1945	2945	9	10.051142714908151
946	1946	2946	9	9.359180330138015
947	1947	2947	9	7.892876437500705
948	1948	2948	9	11.93803247946632
949	1949	2949	9	31.38150340918599
950	1950	2950	9	29.904243797581678
951	1951	2951	9	31.00614772550106
952	1952	2952	9	10.907499734117554
953	1953	2953	9	9.086634667626074
954	1954	2954	9	30.36361074459225
955	1955	2955	9	9.726033046361644
956	1956	2956	9	10.56050443524317
957	1957	2957	9	10.094934536417986
958	1958	2958	9	5.247101281433252
959	1959	2959	9	29.209993893934477
960	1960	2960	9	10.875269268506534
961	1961	2961	9	29.908591707623557
962	1962	2962	9	10.509987579291556
963	1963	2963	9	9.048338451766393
964	1964	2964	9	10.83234899604658
965	1965	2965	9	28.983659771778488
966	1966	2966	9	30.122011993855608
967	1967	2967	9	10.6263568864016
968	1968	2968	9	19.9048122802612
969	1969	2969	9	21.297785533657997
970	1970	2970	9	10.817280179193242
971	1971	2971	9	28.02305297601933
972	1972	2972	9	29.210503752083543
973	1973	2973	9	30.38038659434593
974	1974	2974	9	9.87533390544288
975	1975	2975	9	30.07539087693333
976	1976	2976	9	28.526118858055764
977	1977	2977	9	28.721815699266283
978	1978	2978	9	30.989254157144977
979	1979	2979	9	10.460673225195992
980	1980	2980	9	11.577269224045029
981	1981	2981	9	30.33213147958943
982	1982	2982	9	10.690642104431726
983	1983	2983	9	10.644890549098037
984	1984	2984	9	10.473089052611899
985	1985	2985	9	9.345122576318378
986	1986	2986	9	11.72484216622087
987	1987	2987	9	8.502363306034221
988	1988	2988	9	8.996099237816276
989	1989	2989	9	59.544696343607754
990	1990	2990	9	9.21754056108634
991	1991	2991	9	9.583853852716691
992	1992	2992	9	30.90409130144547
993	1993	2993	9	28.61253190214681
994	1994	2994	9	30.95840345144423
995	1995	2995	9	11.317188689064416
996	1996	2996	9	12.77837690475058
997	1997	2997	9	10.342824126424507
998	1998	2998	9	10.401314629316355
999	1999	2999	9	9.33304405167505
1000	2000	3000	9	10.780325979057842
