ind_ID	father_ID	mother_ID	Sex	Phenotype
1	1001	2001	9	800.657691639013
2	1002	2002	9	82.52275622203867
3	1003	2003	9	98.71326755508704
4	1004	2004	9	2558.8327880119186
5	1005	2005	9	358.1933742278633
6	1006	2006	9	81919.86004287611
7	1007	2007	9	10.094660812317395
8	1008	2008	9	99.93826934571085
9	1009	2009	9	79.60138457830614
10	1010	2010	9	50.296912983782754
11	1011	2011	9	640.6108767042831
12	1012	2012	9	67.98911798449771
13	1013	2013	9	15.139985312308387
14	1014	2014	9	79.05845727695753
15	1015	2015	9	80.42192714383708
16	1016	2016	9	10.495922053779525
17	1017	2017	9	8.48393669211052
18	1018	2018	9	999.4589655141685
19	1019	2019	9	639.407252461272
20	1020	2020	9	100.34344556309567
21	1021	2021	9	79.35036139152544
22	1022	2022	9	2559.7776334682258
23	1023	2023	9	271.2373800558984
24	1024	2024	9	49.88158146497035
25	1025	2025	9	10.661179062235473
26	1026	2026	9	12.655586715696497
27	1027	2027	9	81.39160246152997
28	1028	2028	9	640.514946454826
29	1029	2029	9	638.8226535987715
30	1030	2030	9	78.84285245225175
31	1031	2031	9	20479.72351949303
32	1032	2032	9	2558.817656860216
33	1033	2033	9	5442.260457102993
34	1034	2034	9	2559.3361402783357
35	1035	2035	9	100.03302432423003
36	1036	2036	9	33.00734561049499
37	1037	2037	9	80.91063273344255
38	1038	2038	9	399.94927038827177
39	1039	2039	9	82.15507280086847
40	1040	2040	9	79.11556173376128
41	1041	2041	9	39999.75792155841
42	1042	2042	9	39.447383611403424
43	1043	2043	9	80.1560934418021
44	1044	2044	9	1520.2221034351899
45	1045	2045	9	40958.849941779066
46	1046	2046	9	79.4235279161187
47	1047	2047	9	35.55132551681145
48	1048	2048	9	124.83207596467108
49	1049	2049	9	1440.3651947428898
50	1050	2050	9	11.139431666687567
51	1051	2051	9	270.4016581221947
52	1052	2052	9	272.51820357230775
53	1053	2053	9	2878.6050511819235
54	1054	2054	9	136.20027047419651
55	1055	2055	9	50.34301224356427
56	1056	2056	9	80.41747895842516
57	1057	2057	9	2559.8550113143506
58	1058	2058	9	5119.6722617209325
59	1059	2059	9	80001.11344634694
60	1060	2060	9	4864.022719039103
61	1061	2061	9	79.68053168611678
62	1062	2062	9	641.0090626842255
63	1063	2063	9	257.0531481242787
64	1064	2064	9	3199.4336260516325
65	1065	2065	9	256.19969555744814
66	1066	2066	9	100.63104055954237
67	1067	2067	9	320.2635131775263
68	1068	2068	9	640.5590066245485
69	1069	2069	9	639.578873479067
70	1070	2070	9	77.39662429821884
71	1071	2071	9	21761.406927019587
72	1072	2072	9	360.4579508758769
73	1073	2073	9	921.6027853558589
74	1074	2074	9	318.5379819452847
75	1075	2075	9	79.55165826650408
76	1076	2076	9	3135.8053067180695
77	1077	2077	9	40959.71571668207
78	1078	2078	9	99.98072790075577
79	1079	2079	9	204798.37540024743
80	1080	2080	9	11.836012600523437
81	1081	2081	9	359.7143815061533
82	1082	2082	9	133.03158733547826
83	1083	2083	9	8.3523401564503
84	1084	2084	9	288.5983514904385
85	1085	2085	9	80.74020167334365
86	1086	2086	9	798.4448015978007
87	1087	2087	9	96.2976762829819
88	1088	2088	9	100.21193711504603
89	1089	2089	9	17407.93633989071
90	1090	2090	9	99.94702078894291
91	1091	2091	9	800.1116274126158
92	1092	2092	9	2559.9300712364898
93	1093	2093	9	31.70675409966156
94	1094	2094	9	2560.8427427923903
95	1095	2095	9	80.09583375161304
96	1096	2096	9	5121.276624492024
97	1097	2097	9	1.6365639684145021
98	1098	2098	9	5119.904056724904
99	1099	2099	9	379.7919962833449
100	1100	2100	9	12.19281238314306
101	1101	2101	9	303.70005256793274
102	1102	2102	9	7.109124061474937
103	1103	2103	9	303.27631780770923
104	1104	2104	9	2559.645931973242
105	1105	2105	9	303.2580663257182
106	1106	2106	9	124.0403370643293
107	1107	2107	9	800.2987544713507
108	1108	2108	9	79.5440049692854
109	1109	2109	9	11.815641682779692
110	1110	2110	9	272.0085058302956
111	1111	2111	9	16382.062662191787
112	1112	2112	9	101.2588533269852
113	1113	2113	9	2047.8199742653476
114	1114	2114	9	8192.053469932227
115	1115	2115	9	80.13512810419152
116	1116	2116	9	110.42481035214901
117	1117	2117	9	100.31159160078012
118	1118	2118	9	5119.100632999618
119	1119	2119	9	81.27185332182415
120	1120	2120	9	99.75118897065954
121	1121	2121	9	626689.1658309667
122	1122	2122	9	73728.48457028311
123	1123	2123	9	65538.84702894211
124	1124	2124	9	383.1341053365965
125	1125	2125	9	321.0874147103946
126	1126	2126	9	119.8144916376184
127	1127	2127	9	78.82688200787538
128	1128	2128	9	100.31555781031601
129	1129	2129	9	319.5366618438728
130	1130	2130	9	9.88033025277399
131	1131	2131	9	79.22144105770835
132	1132	2132	9	40.09189052433702
133	1133	2133	9	317.94829868316646
134	1134	2134	9	24576.27662136161
135	1135	2135	9	38.337185314057734
136	1136	2136	9	12.00054140961157
137	1137	2137	9	9728.432755067168
138	1138	2138	9	101.14516735550086
139	1139	2139	9	142.34473232637123
140	1140	2140	9	32.5462361024525
141	1141	2141	9	79.81941198397237
142	1142	2142	9	383.39080220718097
143	1143	2143	9	78.20313098567011
144	1144	2144	9	20479.35010309901
145	1145	2145	9	6399.3790829268455
146	1146	2146	9	24320.306565830324
147	1147	2147	9	2879.19658223351
148	1148	2148	9	38000.703011586964
149	1149	2149	9	2047.7922901813974
150	1150	2150	9	81.21353286188726
151	1151	2151	9	289.7438071865986
152	1152	2152	9	13.968499230338995
153	1153	2153	9	11.503580205190842
154	1154	2154	9	80.6094989648412
155	1155	2155	9	80.6599552975595
156	1156	2156	9	31.305439307481013
157	1157	2157	9	11.052276520871892
158	1158	2158	9	100.14884569642314
159	1159	2159	9	640.1242675559855
160	1160	2160	9	11.955102764783568
161	1161	2161	9	10.650714271027763
162	1162	2162	9	12.124039735197178
163	1163	2163	9	321.012431908903
164	1164	2164	9	30.56617529790359
165	1165	2165	9	321.2308535174863
166	1166	2166	9	2176.3657558556006
167	1167	2167	9	8.84285407155437
168	1168	2168	9	11.281537464896587
169	1169	2169	9	17407.967145783314
170	1170	2170	9	36.55949284804057
171	1171	2171	9	147455.7967152835
172	1172	2172	9	400.1187157501968
173	1173	2173	9	10.514075160547325
174	1174	2174	9	977.895761457459
175	1175	2175	9	49.27768286537816
176	1176	2176	9	39.58604598281003
177	1177	2177	9	80.3526961862076
178	1178	2178	9	346.38656929574
179	1179	2179	9	425.96743100045694
180	1180	2180	9	100.51205653117526
181	1181	2181	9	40960.84085393677
182	1182	2182	9	37440.0652936813
183	1183	2183	9	3890.123573669599
184	1184	2184	9	8.848392913717447
185	1185	2185	9	35.028129402724566
186	1186	2186	9	32.03424010742464
187	1187	2187	9	41.84870665674628
188	1188	2188	9	2432.9759551278503
189	1189	2189	9	124.68400406951875
190	1190	2190	9	99.64062088642814
191	1191	2191	9	29491.43360158206
192	1192	2192	9	256.5636216048491
193	1193	2193	9	18432.057018398442
194	1194	2194	9	12.287012385159683
195	1195	2195	9	23038.979689772368
196	1196	2196	9	319.7744146313271
197	1197	2197	9	12.41201092361734
198	1198	2198	9	82.42634851862314
199	1199	2199	9	638.4219007846768
200	1200	2200	9	11.727544890738159
201	1201	2201	9	255.78335553955262
202	1202	2202	9	82.64488890550356
203	1203	2203	9	78.75380353841997
204	1204	2204	9	10.571678158970466
205	1205	2205	9	2047.0756299730954
206	1206	2206	9	80.5492326353907
207	1207	2207	9	7371.609373711995
208	1208	2208	9	614.6019223416971
209	1209	2209	9	9.000896802580296
210	1210	2210	9	79.41424308255155
211	1211	2211	9	79.51564001476947
212	1212	2212	9	641.7089183463223
213	1213	2213	9	125.04038611388742
214	1214	2214	9	641.4759465351193
215	1215	2215	9	2879.826646752391
216	1216	2216	9	8.897484739049958
217	1217	2217	9	79.06496577076571
218	1218	2218	9	272.64271292693894
219	1219	2219	9	800.4847654169249
220	1220	2220	9	8.819666057227714
221	1221	2221	9	1280.547228114909
222	1222	2222	9	81.28381387817147
223	1223	2223	9	639.1816275937725
224	1224	2224	9	272.6126897657286
225	1225	2225	9	258.26994302164195
226	1226	2226	9	135.43051648096548
227	1227	2227	9	9.862846877826238
228	1228	2228	9	100.17202001851435
229	1229	2229	9	17407.60998654943
230	1230	2230	9	13.770604869901472
231	1231	2231	9	360.3194447150367
232	1232	2232	9	12.178169479375873
233	1233	2233	9	100.50542536913278
234	1234	2234	9	2560.588519157083
235	1235	2235	9	125.35350437021033
236	1236	2236	9	127.18183160215972
237	1237	2237	9	1035.365574238107
238	1238	2238	9	98.38088065263103
239	1239	2239	9	1439.6218452731505
240	1240	2240	9	399.0461661042436
241	1241	2241	9	152.42485792714544
242	1242	2242	9	16.600712130313482
243	1243	2243	9	19455.488404651802
244	1244	2244	9	16.963063946245043
245	1245	2245	9	153.11090248197848
246	1246	2246	9	800.0712231750767
247	1247	2247	9	79.13862114966824
248	1248	2248	9	8.668317245548879
249	1249	2249	9	1087.9976695870262
250	1250	2250	9	79.9669236454811
251	1251	2251	9	80.50284893179484
252	1252	2252	9	2559.364178442444
253	1253	2253	9	9.148077095718282
254	1254	2254	9	151.23822207717336
255	1255	2255	9	272.3185225298374
256	1256	2256	9	15.926132276081837
257	1257	2257	9	11.259107143984592
258	1258	2258	9	800.8886086886289
259	1259	2259	9	0.9646928055315133
260	1260	2260	9	339.31120028155965
261	1261	2261	9	998.3148229937078
262	1262	2262	9	400.2001596397773
263	1263	2263	9	2047.8551843491894
264	1264	2264	9	360.4722174566849
265	1265	2265	9	273.0023770459184
266	1266	2266	9	799.0221205360313
267	1267	2267	9	2561.693604726605
268	1268	2268	9	489.29785196670986
269	1269	2269	9	152.41673926246418
270	1270	2270	9	33.54205799621492
271	1271	2271	9	769.8046867187591
272	1272	2272	9	3040.1795519606035
273	1273	2273	9	2432.7519458977754
274	1274	2274	9	100.52117784137798
275	1275	2275	9	638.4908101955173
276	1276	2276	9	13.177288559292348
277	1277	2277	9	99.57216171867351
278	1278	2278	9	80.09664352454845
279	1279	2279	9	273.74102398242917
280	1280	2280	9	1024.4952408701977
281	1281	2281	9	800.9289951023815
282	1282	2282	9	5121.405928230032
283	1283	2283	9	799.3231759846556
284	1284	2284	9	638.6523448486984
285	1285	2285	9	41.05480600486903
286	1286	2286	9	41.14496180442106
287	1287	2287	9	801.163417392448
288	1288	2288	9	272.3226956185848
289	1289	2289	9	9.952774170866645
290	1290	2290	9	641.4485047942957
291	1291	2291	9	319.3693745822821
292	1292	2292	9	101.20233710602778
293	1293	2293	9	272.23834007877394
294	1294	2294	9	3040.914645866312
295	1295	2295	9	101.21558671262747
296	1296	2296	9	303.31762312388776
297	1297	2297	9	79.46820676937105
298	1298	2298	9	256.52421425709196
299	1299	2299	9	81.04074953173597
300	1300	2300	9	99.13025763447915
301	1301	2301	9	14745.245438934211
302	1302	2302	9	802.0262582594663
303	1303	2303	9	5121.8751662657605
304	1304	2304	9	34.798251445043846
305	1305	2305	9	80.39374701450805
306	1306	2306	9	800.0292837420112
307	1307	2307	9	31.244192912842436
308	1308	2308	9	122.79104248323387
309	1309	2309	9	303.80440828881154
310	1310	2310	9	139262.71208183753
311	1311	2311	9	2303.3499595346316
312	1312	2312	9	15.604325016309332
313	1313	2313	9	288.75916906731294
314	1314	2314	9	9.296317135938404
315	1315	2315	9	306.17541392874205
316	1316	2316	9	20479.83322729393
317	1317	2317	9	639.794369902203
318	1318	2318	9	124.24991279976832
319	1319	2319	9	40.351888688492856
320	1320	2320	9	79.88574032199611
321	1321	2321	9	81.35499256273924
322	1322	2322	9	256.9847720191718
323	1323	2323	9	80.16258060175875
324	1324	2324	9	9.14946281519989
325	1325	2325	9	3201.8380678129365
326	1326	2326	9	8.568155034568722
327	1327	2327	9	5119.73025991622
328	1328	2328	9	2562.1516392396607
329	1329	2329	9	40.340757195251676
330	1330	2330	9	256.2048272784063
331	1331	2331	9	640.5707971276508
332	1332	2332	9	5120.040440232109
333	1333	2333	9	582.2587093487907
334	1334	2334	9	59.82489490910852
335	1335	2335	9	97.7452826753011
336	1336	2336	9	13.214167477133563
337	1337	2337	9	801.1505874299659
338	1338	2338	9	1658.332108628224
339	1339	2339	9	640.5308593382833
340	1340	2340	9	189.82747603059445
341	1341	2341	9	12.74360684080306
342	1342	2342	9	3598.9144333160666
343	1343	2343	9	17407.76649711337
344	1344	2344	9	24319.33180657758
345	1345	2345	9	100.18570908607478
346	1346	2346	9	256.0113582993082
347	1347	2347	9	139266.7309843933
348	1348	2348	9	46.19393848914648
349	1349	2349	9	639.3436220272544
350	1350	2350	9	640.368243514407
351	1351	2351	9	80.25429310030259
352	1352	2352	9	3200.7541731744095
353	1353	2353	9	1085.3291607701756
354	1354	2354	9	11.612090983440762
355	1355	2355	9	29.512554214246016
356	1356	2356	9	14745.469638945804
357	1357	2357	9	5121.130811303523
358	1358	2358	9	38.73616315863348
359	1359	2359	9	800.0386733553594
360	1360	2360	9	641.4989116869077
361	1361	2361	9	10.230353473911025
362	1362	2362	9	257.062975471747
363	1363	2363	9	8704.433451358109
364	1364	2364	9	78.65971686627825
365	1365	2365	9	2305.22687397861
366	1366	2366	9	15199.830159120927
367	1367	2367	9	450.63852668034184
368	1368	2368	9	639.3551425665364
369	1369	2369	9	120.13767763572866
370	1370	2370	9	79.76312911792165
371	1371	2371	9	80.68260637591594
372	1372	2372	9	160.06093129313888
373	1373	2373	9	80.94582805110262
374	1374	2374	9	8.818262932251441
375	1375	2375	9	12.736431327693955
376	1376	2376	9	13.54825375302991
377	1377	2377	9	2561.277841479619
378	1378	2378	9	100.62630151192008
379	1379	2379	9	638.4816828339375
380	1380	2380	9	47.604864991560824
381	1381	2381	9	10.15685800614427
382	1382	2382	9	319.4010820918406
383	1383	2383	9	80.73960999331497
384	1384	2384	9	5.730471583464669
385	1385	2385	9	639.0563756945922
386	1386	2386	9	318.66522406387554
387	1387	2387	9	971.9069700582227
388	1388	2388	9	920.7811268870701
389	1389	2389	9	3600.992865205461
390	1390	2390	9	399.4940514642614
391	1391	2391	9	9.089972873077963
392	1392	2392	9	321.3134629450978
393	1393	2393	9	7783.758576887889
394	1394	2394	9	78.7247466257687
395	1395	2395	9	769.4543869977956
396	1396	2396	9	1087.8292753291296
397	1397	2397	9	2303.672190723778
398	1398	2398	9	256.24579926878647
399	1399	2399	9	640.5651543281977
400	1400	2400	9	101.69603719025935
401	1401	2401	9	39.88970426269583
402	1402	2402	9	9.582600356496105
403	1403	2403	9	38.97775405792507
404	1404	2404	9	1000.2202135428737
405	1405	2405	9	640.7152645893356
406	1406	2406	9	256.07729281182077
407	1407	2407	9	32.985530979231655
408	1408	2408	9	79.84749072275193
409	1409	2409	9	100.06346567517313
410	1410	2410	9	100.23732283041774
411	1411	2411	9	81.43264302090896
412	1412	2412	9	2432.8480302038624
413	1413	2413	9	2560.8638133931013
414	1414	2414	9	638.5326895303547
415	1415	2415	9	36.018651499953556
416	1416	2416	9	799.256685378149
417	1417	2417	9	79.16170325928859
418	1418	2418	9	79.77525100524885
419	1419	2419	9	126.06613231999039
420	1420	2420	9	15.104701215843484
421	1421	2421	9	3199.5437641639855
422	1422	2422	9	32.59282209357714
423	1423	2423	9	798.3923787962215
424	1424	2424	9	15.928784727524159
425	1425	2425	9	98.50819383425576
426	1426	2426	9	41.32146282613318
427	1427	2427	9	769.3782376559096
428	1428	2428	9	10.392085936571094
429	1429	2429	9	11.176653816930312
430	1430	2430	9	137.42952544283523
431	1431	2431	9	11.379039906502342
432	1432	2432	9	36.38194004401937
433	1433	2433	9	120.20230997061694
434	1434	2434	9	80.55176236089711
435	1435	2435	9	2431.17103208311
436	1436	2436	9	639.7325730123135
437	1437	2437	9	12.076057030212489
438	1438	2438	9	11.92841268391575
439	1439	2439	9	13.85077011328634
440	1440	2440	9	150.71170467206784
441	1441	2441	9	253.54884416647826
442	1442	2442	9	9.296201844538473
443	1443	2443	9	16.22231062320458
444	1444	2444	9	55.71228529104638
445	1445	2445	9	639.1090529292206
446	1446	2446	9	13.709532973459066
447	1447	2447	9	6400.309394720125
448	1448	2448	9	6400.215541185357
449	1449	2449	9	2561.6459588437674
450	1450	2450	9	79.9302195318379
451	1451	2451	9	138239.49704555233
452	1452	2452	9	2558.2632832064864
453	1453	2453	9	77.75803475883377
454	1454	2454	9	2559.800573157823
455	1455	2455	9	320.592486746954
456	1456	2456	9	6401.120136199426
457	1457	2457	9	15.969897452284068
458	1458	2458	9	5119.36436345479
459	1459	2459	9	306.593500846014
460	1460	2460	9	1441.8383411720208
461	1461	2461	9	79.03079486090262
462	1462	2462	9	638.8490440415749
463	1463	2463	9	39.77530314708204
464	1464	2464	9	79.8222297476593
465	1465	2465	9	256.8139247947614
466	1466	2466	9	77.08439966718683
467	1467	2467	9	10.135745085111745
468	1468	2468	9	14.62488315619505
469	1469	2469	9	288.19296601868217
470	1470	2470	9	40962.03323904094
471	1471	2471	9	10.554614447848207
472	1472	2472	9	554.800838603433
473	1473	2473	9	5119.193195012743
474	1474	2474	9	480.86490439387416
475	1475	2475	9	50.79214465877825
476	1476	2476	9	321.525340316174
477	1477	2477	9	80.86397533165153
478	1478	2478	9	196.96196552362545
479	1479	2479	9	288.2372355272177
480	1480	2480	9	639.9636696763565
481	1481	2481	9	11.349176254961634
482	1482	2482	9	639.1049363996079
483	1483	2483	9	288.0625170925128
484	1484	2484	9	392.2282586679635
485	1485	2485	9	99.38009247002806
486	1486	2486	9	25600.99356882803
487	1487	2487	9	319.31696159348206
488	1488	2488	9	9.772461950910847
489	1489	2489	9	799.5930185125967
490	1490	2490	9	31.85798783145992
491	1491	2491	9	9.641553522753165
492	1492	2492	9	15.065063907604832
493	1493	2493	9	2560.406794470751
494	1494	2494	9	273.6361969165103
495	1495	2495	9	2457.7116934695214
496	1496	2496	9	302.6330366094826
497	1497	2497	9	360.92285958691156
498	1498	2498	9	10.59473518843653
499	1499	2499	9	9.52742394922007
500	1500	2500	9	125.54086412369067
501	1501	2501	9	11.212196617407198
502	1502	2502	9	1023.3851536928801
503	1503	2503	9	101.37872193325381
504	1504	2504	9	47.24053135762701
505	1505	2505	9	399.92576156627916
506	1506	2506	9	99.61789717729185
507	1507	2507	9	800.3576714679377
508	1508	2508	9	35.27324939988562
509	1509	2509	9	78.947093994547
510	1510	2510	9	318.8243756300977
511	1511	2511	9	17.839648474505953
512	1512	2512	9	13.180069660608867
513	1513	2513	9	10.444316448616181
514	1514	2514	9	255.89619136454715
515	1515	2515	9	81.32689076233494
516	1516	2516	9	799.0754239839312
517	1517	2517	9	799.3895252280901
518	1518	2518	9	2431.924268668675
519	1519	2519	9	16383.155413404827
520	1520	2520	9	45.138216453386164
521	1521	2521	9	10.512526622220147
522	1522	2522	9	31.089843296889054
523	1523	2523	9	123.70452771797899
524	1524	2524	9	31.47227899182665
525	1525	2525	9	100.97031554658798
526	1526	2526	9	639.0215320606037
527	1527	2527	9	640.1495392331548
528	1528	2528	9	3482.3954148725466
529	1529	2529	9	10.351629505577819
530	1530	2530	9	5120.829235486902
531	1531	2531	9	99.80886749543738
532	1532	2532	9	80.48251750457092
533	1533	2533	9	379.8752694574728
534	1534	2534	9	9600.379476188964
535	1535	2535	9	640.6454002336935
536	1536	2536	9	65536.76431226626
537	1537	2537	9	254.75013000027954
538	1538	2538	9	800.6256915706224
539	1539	2539	9	41.42365942597564
540	1540	2540	9	124.43748242345019
541	1541	2541	9	101.1698823494871
542	1542	2542	9	2431.2360642863973
543	1543	2543	9	8000.2142885806825
544	1544	2544	9	79.99849216094948
545	1545	2545	9	8.885976934769229
546	1546	2546	9	3197.352249731172
547	1547	2547	9	801.3051460656742
548	1548	2548	9	51.78222461884733
549	1549	2549	9	79.29974930248225
550	1550	2550	9	272.5578364792758
551	1551	2551	9	2561.185996601897
552	1552	2552	9	4353.702681562523
553	1553	2553	9	655358.6129735904
554	1554	2554	9	31334.321778660113
555	1555	2555	9	100.45842732071681
556	1556	2556	9	61.980866137682824
557	1557	2557	9	320.907325167173
558	1558	2558	9	98.66637765082722
559	1559	2559	9	2175.8126141500447
560	1560	2560	9	7167.139859003626
561	1561	2561	9	379.7887629323711
562	1562	2562	9	2561.6560973403048
563	1563	2563	9	98.86132892474032
564	1564	2564	9	3200.8580831640384
565	1565	2565	9	97.74180335921733
566	1566	2566	9	11.574473910911548
567	1567	2567	9	9.774471683625679
568	1568	2568	9	82.11630284416238
569	1569	2569	9	31.55250893686125
570	1570	2570	9	639.5458752199828
571	1571	2571	9	99.67214826257388
572	1572	2572	9	36.55137903877434
573	1573	2573	9	319.11858173580737
574	1574	2574	9	79.56455728109702
575	1575	2575	9	1440.5718002953524
576	1576	2576	9	10.108411588068769
577	1577	2577	9	79.81525654632867
578	1578	2578	9	125.51934937758546
579	1579	2579	9	800.4557384185428
580	1580	2580	9	8703.089024937251
581	1581	2581	9	6399.991211499525
582	1582	2582	9	5119.904779614769
583	1583	2583	9	100.87612316539638
584	1584	2584	9	2881.322899908105
585	1585	2585	9	3197.815096173904
586	1586	2586	9	1151.7275444017162
587	1587	2587	9	39.25849598104837
588	1588	2588	9	638.863300007146
589	1589	2589	9	98.68076822495499
590	1590	2590	9	80.51398702441001
591	1591	2591	9	73729.00179895852
592	1592	2592	9	637.1080533706679
593	1593	2593	9	256.6880950850303
594	1594	2594	9	2176.246948090258
595	1595	2595	9	256.06290311005165
596	1596	2596	9	640.0429752603634
597	1597	2597	9	5119.755105901388
598	1598	2598	9	257.1370321136655
599	1599	2599	9	800.69164259919
600	1600	2600	9	2881.83339917533
601	1601	2601	9	39.53878950394213
602	1602	2602	9	254.63879917732967
603	1603	2603	9	10.322584740709361
604	1604	2604	9	641.6970250766271
605	1605	2605	9	2175.8708435965877
606	1606	2606	9	79.03499383688737
607	1607	2607	9	6401.641582762388
608	1608	2608	9	2558.9822986223417
609	1609	2609	9	45.12295582741416
610	1610	2610	9	2433.15472799896
611	1611	2611	9	999.6588195359905
612	1612	2612	9	1360.657450247428
613	1613	2613	9	15.190376992774413
614	1614	2614	9	641.4826298971115
615	1615	2615	9	637.8617045273377
616	1616	2616	9	81.44910935355935
617	1617	2617	9	639.9196197845293
618	1618	2618	9	33.66724483900518
619	1619	2619	9	81.8418187187795
620	1620	2620	9	78.36924340619984
621	1621	2621	9	256.5100021357039
622	1622	2622	9	2047.8336579096253
623	1623	2623	9	10.139047517478147
624	1624	2624	9	81.28904179037254
625	1625	2625	9	2880.2584067529897
626	1626	2626	9	8194.642280529919
627	1627	2627	9	255.278239199959
628	1628	2628	9	99.70572486414855
629	1629	2629	9	64.17868207144627
630	1630	2630	9	9.364060922748557
631	1631	2631	9	153.80260190164148
632	1632	2632	9	320.02544541569796
633	1633	2633	9	8.726763113489564
634	1634	2634	9	3600.1687398525314
635	1635	2635	9	124.33913745241999
636	1636	2636	9	99.36856131851748
637	1637	2637	9	9.438099041040514
638	1638	2638	9	400.7828275731313
639	1639	2639	9	256.8629759962996
640	1640	2640	9	2561.641489372714
641	1641	2641	9	33.27680652263145
642	1642	2642	9	135.33026988060638
643	1643	2643	9	13.231541274469565
644	1644	2644	9	30.930307441765127
645	1645	2645	9	25600.915324357127
646	1646	2646	9	2432.3841562767307
647	1647	2647	9	3199.980111253307
648	1648	2648	9	271.71043201397055
649	1649	2649	9	394.4012683376071
650	1650	2650	9	39.08283779407676
651	1651	2651	9	11.698409912664587
652	1652	2652	9	255.69268832786796
653	1653	2653	9	2178.0726015551572
654	1654	2654	9	31333.534226344727
655	1655	2655	9	59.914634921591926
656	1656	2656	9	80.77265868027182
657	1657	2657	9	46.88538651670568
658	1658	2658	9	2561.68885525082
659	1659	2659	9	1094.7487901058428
660	1660	2660	9	400.0867164569918
661	1661	2661	9	5119.66790058647
662	1662	2662	9	767.862777314186
663	1663	2663	9	399.8400194109895
664	1664	2664	9	253.64470613321623
665	1665	2665	9	799.7609962544118
666	1666	2666	9	638.778885816705
667	1667	2667	9	11.623892037624604
668	1668	2668	9	639.8528702665892
669	1669	2669	9	16.330357298114496
670	1670	2670	9	5121.47529601766
671	1671	2671	9	303.5268689959561
672	1672	2672	9	11.72970126226245
673	1673	2673	9	255.76568914159614
674	1674	2674	9	2.4923557281823365
675	1675	2675	9	639.8632133327595
676	1676	2676	9	10.05264120479562
677	1677	2677	9	359.03951528291833
678	1678	2678	9	11.183587603665423
679	1679	2679	9	5121.201961855876
680	1680	2680	9	80.9922953235796
681	1681	2681	9	144.2160339246913
682	1682	2682	9	101.39299098186696
683	1683	2683	9	639.9587572778003
684	1684	2684	9	12.820657451294606
685	1685	2685	9	6400.095493574165
686	1686	2686	9	81.40181179307451
687	1687	2687	9	100.35073586744322
688	1688	2688	9	317.79744069822704
689	1689	2689	9	399.76312389581386
690	1690	2690	9	77.83678486335646
691	1691	2691	9	38.85042245490007
692	1692	2692	9	320.0113668850317
693	1693	2693	9	6399.852067375542
694	1694	2694	9	5120.0953573747265
695	1695	2695	9	2431.887386549946
696	1696	2696	9	16384.752260130415
697	1697	2697	9	400.12867355002805
698	1698	2698	9	256.62639379855585
699	1699	2699	9	272.3434603316834
700	1700	2700	9	2047.1147433509343
701	1701	2701	9	800.0106809370436
702	1702	2702	9	98.52243466957911
703	1703	2703	9	2561.0278964232402
704	1704	2704	9	799.7836913574822
705	1705	2705	9	36.19589400503639
706	1706	2706	9	44.9605099447193
707	1707	2707	9	639.209205352797
708	1708	2708	9	3400.4352231616153
709	1709	2709	9	10.603301060616657
710	1710	2710	9	101.56357976827994
711	1711	2711	9	80.04091330337137
712	1712	2712	9	1842.251046022409
713	1713	2713	9	13.726152933469189
714	1714	2714	9	80.06928822787037
715	1715	2715	9	4097.468829407565
716	1716	2716	9	2560.8304761857303
717	1717	2717	9	318.29771247531306
718	1718	2718	9	972.5582092096125
719	1719	2719	9	11.21558725231235
720	1720	2720	9	79.42036068930489
721	1721	2721	9	319.8098240551856
722	1722	2722	9	641.2302442510723
723	1723	2723	9	39.003009016031804
724	1724	2724	9	303.90255444728
725	1725	2725	9	44.81903235823823
726	1726	2726	9	124.97850370316793
727	1727	2727	9	302.18239558929355
728	1728	2728	9	80.25467472248155
729	1729	2729	9	798.6752057589661
730	1730	2730	9	15200.20322898169
731	1731	2731	9	2303.6256235807214
732	1732	2732	9	12.588827805851308
733	1733	2733	9	34.88888879454894
734	1734	2734	9	272.5443391757615
735	1735	2735	9	80.25003530812803
736	1736	2736	9	435.2801041607156
737	1737	2737	9	13.226960130728674
738	1738	2738	9	40958.65686589842
739	1739	2739	9	256.1023183698405
740	1740	2740	9	5117.881270358228
741	1741	2741	9	47.19350345069275
742	1742	2742	9	319.1263425178876
743	1743	2743	9	801.894230374796
744	1744	2744	9	800.1895269639914
745	1745	2745	9	81.28330347105819
746	1746	2746	9	10.888364768981223
747	1747	2747	9	2560.2711676962945
748	1748	2748	9	100.63934882823807
749	1749	2749	9	8190.690538563872
750	1750	2750	9	79.23700845821007
751	1751	2751	9	253.5024892993803
752	1752	2752	9	100.82538628904888
753	1753	2753	9	641.6966064913605
754	1754	2754	9	4608.0995904686015
755	1755	2755	9	25600.827359863655
756	1756	2756	9	5120.373928651918
757	1757	2757	9	1151.9488141418115
758	1758	2758	9	778240.8635710158
759	1759	2759	9	3200.259942389538
760	1760	2760	9	59.88863561678372
761	1761	2761	9	287.59358698057946
762	1762	2762	9	14.069585412824427
763	1763	2763	9	152.27713056583391
764	1764	2764	9	287.75990967168275
765	1765	2765	9	2049.2346327591276
766	1766	2766	9	359.72722438215783
767	1767	2767	9	49.98819587576481
768	1768	2768	9	1154.1461797564932
769	1769	2769	9	99.98022290016539
770	1770	2770	9	799.3303167549599
771	1771	2771	9	79.01009513826935
772	1772	2772	9	401.94611492250226
773	1773	2773	9	17.070560447997423
774	1774	2774	9	2433.7869139155905
775	1775	2775	9	25599.90637194264
776	1776	2776	9	8848.865362414472
777	1777	2777	9	80.05112707629092
778	1778	2778	9	80.01179876923965
779	1779	2779	9	38.349522982257575
780	1780	2780	9	2560.643191843929
781	1781	2781	9	79.71549137074445
782	1782	2782	9	639.63025055928
783	1783	2783	9	6400.847761253467
784	1784	2784	9	8001.363714241065
785	1785	2785	9	5118.966796072852
786	1786	2786	9	801.0962809051058
787	1787	2787	9	2303.680630325023
788	1788	2788	9	320.1910494558416
789	1789	2789	9	801.5790147095554
790	1790	2790	9	81.76945843726583
791	1791	2791	9	2304.105125434015
792	1792	2792	9	2559.3111042770606
793	1793	2793	9	800.2614772240769
794	1794	2794	9	100.31121680635452
795	1795	2795	9	6400.997417130417
796	1796	2796	9	800.7975980261598
797	1797	2797	9	81.16465075025197
798	1798	2798	9	272.4156806408335
799	1799	2799	9	998.8837790664221
800	1800	2800	9	257.38225508307846
801	1801	2801	9	159.49495010626478
802	1802	2802	9	11.258803619665855
803	1803	2803	9	14.308998467309873
804	1804	2804	9	18432.60373094932
805	1805	2805	9	481.6134411865815
806	1806	2806	9	11.98646428167822
807	1807	2807	9	2562.2422943217553
808	1808	2808	9	799.6662796691678
809	1809	2809	9	8.888966604149491
810	1810	2810	9	8702.362849041385
811	1811	2811	9	2560.7044751374415
812	1812	2812	9	12.811873420932951
813	1813	2813	9	15.76880400230494
814	1814	2814	9	79.85366846580168
815	1815	2815	9	12.980686984008537
816	1816	2816	9	637.2672695421096
817	1817	2817	9	399.6160785554955
818	1818	2818	9	10.25994801875409
819	1819	2819	9	12.935974902969795
820	1820	2820	9	99.91064748728594
821	1821	2821	9	339.8396477340728
822	1822	2822	9	6401.268826660763
823	1823	2823	9	49.77945310675088
824	1824	2824	9	799.4683236024786
825	1825	2825	9	287.71478523768207
826	1826	2826	9	2304.7045211806962
827	1827	2827	9	2880.5544585908015
828	1828	2828	9	9.636198679714743
829	1829	2829	9	1151.0440146517517
830	1830	2830	9	9.673030803780504
831	1831	2831	9	11.114276420414162
832	1832	2832	9	511.94884723385354
833	1833	2833	9	78.62022866068422
834	1834	2834	9	23040.2041755079
835	1835	2835	9	100.40404137921438
836	1836	2836	9	358.50562018977473
837	1837	2837	9	25601.324940002123
838	1838	2838	9	33.6784277998716
839	1839	2839	9	2879.881568754481
840	1840	2840	9	242.76100467017415
841	1841	2841	9	542.1376949577333
842	1842	2842	9	28.1541102565616
843	1843	2843	9	357.8391067239291
844	1844	2844	9	5121.6504050933045
845	1845	2845	9	972.8447062954483
846	1846	2846	9	489.83849352935556
847	1847	2847	9	78.15893331263236
848	1848	2848	9	319.6833796646117
849	1849	2849	9	1305.4718699998432
850	1850	2850	9	77824.93692414375
851	1851	2851	9	961.3765180336803
852	1852	2852	9	99.67403152443647
853	1853	2853	9	102.63846141044296
854	1854	2854	9	99.834237565948
855	1855	2855	9	318.7133307943782
856	1856	2856	9	80.6766544466448
857	1857	2857	9	50.85168488926952
858	1858	2858	9	1382.3741898699557
859	1859	2859	9	144.2455967512528
860	1860	2860	9	8705.63468708686
861	1861	2861	9	12.838301392919366
862	1862	2862	9	136.70391728693494
863	1863	2863	9	81.51550929441356
864	1864	2864	9	11.760344609071531
865	1865	2865	9	101.02671784391097
866	1866	2866	9	6400.45951354125
867	1867	2867	9	303.34601677906005
868	1868	2868	9	8191.857813398524
869	1869	2869	9	3040.601615218627
870	1870	2870	9	486.39078556754924
871	1871	2871	9	9.472998340691454
872	1872	2872	9	5120.123624682574
873	1873	2873	9	81.76633044816194
874	1874	2874	9	10.879215251593841
875	1875	2875	9	10.98115360912404
876	1876	2876	9	9.931235306721526
877	1877	2877	9	80.2135841639488
878	1878	2878	9	36382.88451380292
879	1879	2879	9	1151.8233979925399
880	1880	2880	9	79.82041842856255
881	1881	2881	9	92160.12218740396
882	1882	2882	9	8.182284367788759
883	1883	2883	9	360.7610343256051
884	1884	2884	9	4896.409298433534
885	1885	2885	9	38.379307032905736
886	1886	2886	9	999.3850575652218
887	1887	2887	9	799.7147314552964
888	1888	2888	9	339.41053496473876
889	1889	2889	9	1280.6755756327275
890	1890	2890	9	78.15229679163733
891	1891	2891	9	78.50407527912449
892	1892	2892	9	34.210707994415934
893	1893	2893	9	100.22661003840273
894	1894	2894	9	6397.838070281215
895	1895	2895	9	639.8518044755871
896	1896	2896	9	6399.199737324801
897	1897	2897	9	256.86521980242907
898	1898	2898	9	438.51150806134643
899	1899	2899	9	640.6041552065891
900	1900	2900	9	319.88543962792977
901	1901	2901	9	256.61379728333486
902	1902	2902	9	190513.05997197024
903	1903	2903	9	606.0762903116059
904	1904	2904	9	319.05980812596727
905	1905	2905	9	304.4568255202897
906	1906	2906	9	2878.1263969422116
907	1907	2907	9	2433.0966069712135
908	1908	2908	9	639.152676818631
909	1909	2909	9	101.19584568691583
910	1910	2910	9	32.53591705294374
911	1911	2911	9	15.366928994427509
912	1912	2912	9	9.191586579564774
913	1913	2913	9	800.0302139944076
914	1914	2914	9	13.348217109248932
915	1915	2915	9	640.8885518817938
916	1916	2916	9	11.882561871566068
917	1917	2917	9	80.34746680356474
918	1918	2918	9	3198.8248320899197
919	1919	2919	9	152.46428189637743
920	1920	2920	9	1280.9126356308007
921	1921	2921	9	2719.603240268582
922	1922	2922	9	2559.983226122538
923	1923	2923	9	3198.532329601126
924	1924	2924	9	40.670908151168355
925	1925	2925	9	5.138923450159647
926	1926	2926	9	254.43839778413482
927	1927	2927	9	78.88985187604254
928	1928	2928	9	479.71022307233335
929	1929	2929	9	21758.899465644572
930	1930	2930	9	2559.9886602627903
931	1931	2931	9	273.0264225103878
932	1932	2932	9	1153.0100734589146
933	1933	2933	9	159.9749500144506
934	1934	2934	9	8191.729454313214
935	1935	2935	9	31.312299976755437
936	1936	2936	9	16382.840467661279
937	1937	2937	9	10.63789223222658
938	1938	2938	9	77822.61999265788
939	1939	2939	9	10.036093323412262
940	1940	2940	9	40.915569707283474
941	1941	2941	9	33.105420022442345
942	1942	2942	9	1024.154324774758
943	1943	2943	9	255.4716816845969
944	1944	2944	9	5119.427199887856
945	1945	2945	9	1087.847507557944
946	1946	2946	9	2560.139744237855
947	1947	2947	9	1216.696230853282
948	1948	2948	9	2431.4516493110664
949	1949	2949	9	99.38415286885709
950	1950	2950	9	9.894931729549116
951	1951	2951	9	48.64942863846951
952	1952	2952	9	13.34130238718867
953	1953	2953	9	256.951255161457
954	1954	2954	9	40.14905474693323
955	1955	2955	9	425.361304262262
956	1956	2956	9	82.75103475403219
957	1957	2957	9	10.58604565107558
958	1958	2958	9	80.3680163138296
959	1959	2959	9	9.658352283860415
960	1960	2960	9	36.196344438956395
961	1961	2961	9	13601.36794162145
962	1962	2962	9	80.51503884452738
963	1963	2963	9	318.7380837678915
964	1964	2964	9	799.3371032429843
965	1965	2965	9	31.95959899528193
966	1966	2966	9	799.2327693693272
967	1967	2967	9	2046.6241549162019
968	1968	2968	9	35.591052796277765
969	1969	2969	9	800.4013081780245
970	1970	2970	9	50.43190433665544
971	1971	2971	9	161.37317032829233
972	1972	2972	9	2175.913642840247
973	1973	2973	9	36.094501712639946
974	1974	2974	9	256.67892588327516
975	1975	2975	9	462.06977264569844
976	1976	2976	9	801.5695064697283
977	1977	2977	9	20480.656470149384
978	1978	2978	9	99.55574195703518
979	1979	2979	9	98.37167063511562
980	1980	2980	9	5120.501261368623
981	1981	2981	9	798.7635899994249
982	1982	2982	9	1519.5371416265675
983	1983	2983	9	30.52843421047386
984	1984	2984	9	401.06817080213426
985	1985	2985	9	363.664929526313
986	1986	2986	9	639.3341307287901
987	1987	2987	9	12.43498710948082
988	1988	2988	9	80.75390189636522
989	1989	2989	9	101.08310146262652
990	1990	2990	9	100.46072064119042
991	1991	2991	9	798.9371657747504
992	1992	2992	9	16385.520150690383
993	1993	2993	9	359.43358400210064
994	1994	2994	9	10.27014419140973
995	1995	2995	9	1298.4151725644645
996	1996	2996	9	1002.4260814695958
997	1997	2997	9	45.739209435675114
998	1998	2998	9	326.31419384619943
999	1999	2999	9	81.48950193306132
1000	2000	3000	9	79.52700914437027
