ind_ID	father_ID	mother_ID	Sex	Phenotype
1	1001	2001	9	10.64822113414211
2	1002	2002	9	10.983528921257154
3	1003	2003	9	12.53172790407364
4	1004	2004	9	9.641836672642095
5	1005	2005	9	9.167429867798537
6	1006	2006	9	10.8745693218647
7	1007	2007	9	9.338593923813653
8	1008	2008	9	7.655599123735449
9	1009	2009	9	7.562457085648705
10	1010	2010	9	10.35354807985241
11	1011	2011	9	10.184625849110194
12	1012	2012	9	10.278427050115775
13	1013	2013	9	9.395715202439229
14	1014	2014	9	10.391684410183235
15	1015	2015	9	10.419404464937505
16	1016	2016	9	9.559158563814092
17	1017	2017	9	9.187561133594969
18	1018	2018	9	10.332677569765266
19	1019	2019	9	9.875403762195209
20	1020	2020	9	10.633185511805467
21	1021	2021	9	79.63812124659593
22	1022	2022	9	9.377191027563384
23	1023	2023	9	8.003281670559478
24	1024	2024	9	7.948927240414098
25	1025	2025	9	10.728122699079412
26	1026	2026	9	12.296511928073613
27	1027	2027	9	9.823623279993482
28	1028	2028	9	12.627812976021566
29	1029	2029	9	8.152172870880198
30	1030	2030	9	10.377298905207455
31	1031	2031	9	10.566012416949796
32	1032	2032	9	8.49271216636679
33	1033	2033	9	11.110214330295712
34	1034	2034	9	9.99442808973194
35	1035	2035	9	10.758050553752247
36	1036	2036	9	9.428524540931466
37	1037	2037	9	11.133916745729616
38	1038	2038	9	8.23662444065844
39	1039	2039	9	9.45028364674386
40	1040	2040	9	8.751918916630842
41	1041	2041	9	9.4511235420183
42	1042	2042	9	8.215794579049742
43	1043	2043	9	13.27049522260898
44	1044	2044	9	79.42191637022859
45	1045	2045	9	10.228397460097701
46	1046	2046	9	11.64381428315507
47	1047	2047	9	9.345097105934787
48	1048	2048	9	9.312423575952716
49	1049	2049	9	9.61071309314578
50	1050	2050	9	8.752697405818818
51	1051	2051	9	11.022468697305177
52	1052	2052	9	10.28090724366413
53	1053	2053	9	11.460703965514332
54	1054	2054	9	10.05649558390585
55	1055	2055	9	10.947538424203959
56	1056	2056	9	11.596679827071766
57	1057	2057	9	9.38909120038067
58	1058	2058	9	10.191077624826587
59	1059	2059	9	9.479770556282983
60	1060	2060	9	11.250405915778837
61	1061	2061	9	10.597471371864414
62	1062	2062	9	10.194925607280565
63	1063	2063	9	11.208751148219005
64	1064	2064	9	9.104770359644496
65	1065	2065	9	10.271385231606208
66	1066	2066	9	10.512875686133528
67	1067	2067	9	8.496682071889948
68	1068	2068	9	11.76950156422531
69	1069	2069	9	8.974183037947778
70	1070	2070	9	10.89209054917899
71	1071	2071	9	9.821655888946491
72	1072	2072	9	11.817228262371867
73	1073	2073	9	8.86371516659818
74	1074	2074	9	10.052214274796071
75	1075	2075	9	10.209040546369637
76	1076	2076	9	80.72142835659663
77	1077	2077	9	11.286507260586053
78	1078	2078	9	8.564940717111442
79	1079	2079	9	10.44871880660236
80	1080	2080	9	9.975777093287531
81	1081	2081	9	11.276203768641546
82	1082	2082	9	9.020894642687566
83	1083	2083	9	10.11518323967797
84	1084	2084	9	10.592534734589863
85	1085	2085	9	10.12334557519778
86	1086	2086	9	8.232165707027761
87	1087	2087	9	11.378841362053365
88	1088	2088	9	9.841503089189446
89	1089	2089	9	10.178336129305968
90	1090	2090	9	9.38882629664534
91	1091	2091	9	9.823382275834339
92	1092	2092	9	9.781132345875392
93	1093	2093	9	9.443928884459481
94	1094	2094	9	8.935037327300616
95	1095	2095	9	11.599851950895177
96	1096	2096	9	9.774911188045216
97	1097	2097	9	10.519261809530514
98	1098	2098	9	8.652409136448428
99	1099	2099	9	11.56030678749184
100	1100	2100	9	10.601756721168613
101	1101	2101	9	12.42640254863072
102	1102	2102	9	9.789326524059241
103	1103	2103	9	9.23046980190329
104	1104	2104	9	10.679913674838087
105	1105	2105	9	8.167387797595474
106	1106	2106	9	10.57144532240068
107	1107	2107	9	9.440589440205887
108	1108	2108	9	10.387828781702012
109	1109	2109	9	9.069883908923579
110	1110	2110	9	12.60046251528706
111	1111	2111	9	8.544927167708561
112	1112	2112	9	9.799843534925133
113	1113	2113	9	9.393587643144059
114	1114	2114	9	9.861288675706525
115	1115	2115	9	8.865796229547806
116	1116	2116	9	9.334102800635815
117	1117	2117	9	10.494496139405243
118	1118	2118	9	10.15670091845338
119	1119	2119	9	10.606281853159745
120	1120	2120	9	9.12334049137301
121	1121	2121	9	11.223851079244868
122	1122	2122	9	8.121290048524477
123	1123	2123	9	11.535264615435455
124	1124	2124	9	9.135598632139889
125	1125	2125	9	8.855828724065313
126	1126	2126	9	9.905239553417697
127	1127	2127	9	11.463113168559664
128	1128	2128	9	9.782818603228607
129	1129	2129	9	9.281302185062096
130	1130	2130	9	8.793589771089
131	1131	2131	9	9.042602476159887
132	1132	2132	9	79.95788605700602
133	1133	2133	9	10.084431522176414
134	1134	2134	9	10.943275808532901
135	1135	2135	9	9.632758812696796
136	1136	2136	9	10.656691948274366
137	1137	2137	9	9.527679196702852
138	1138	2138	9	10.027899703166625
139	1139	2139	9	11.273752448998387
140	1140	2140	9	10.715242484277205
141	1141	2141	9	7.443213979257061
142	1142	2142	9	8.730639679091341
143	1143	2143	9	11.191396197103824
144	1144	2144	9	10.12728348538326
145	1145	2145	9	9.851954130666382
146	1146	2146	9	9.29023052647569
147	1147	2147	9	9.21397250668697
148	1148	2148	9	10.237419670305488
149	1149	2149	9	7.916681414993306
150	1150	2150	9	10.049601337200661
151	1151	2151	9	10.616364422841588
152	1152	2152	9	7.652593043646334
153	1153	2153	9	11.603612693164242
154	1154	2154	9	9.999939609757016
155	1155	2155	9	11.019988351501677
156	1156	2156	9	11.086966584554084
157	1157	2157	9	9.257562620827791
158	1158	2158	9	10.609613939003019
159	1159	2159	9	9.414267420298565
160	1160	2160	9	10.750892353424925
161	1161	2161	9	9.098205856797833
162	1162	2162	9	11.88667352923121
163	1163	2163	9	10.124278886614848
164	1164	2164	9	10.130312997391743
165	1165	2165	9	10.889037284124583
166	1166	2166	9	7.939858761468757
167	1167	2167	9	10.509623234664211
168	1168	2168	9	9.060518267444838
169	1169	2169	9	8.676761662219672
170	1170	2170	9	9.712182223862957
171	1171	2171	9	10.378076118242205
172	1172	2172	9	10.316196695146433
173	1173	2173	9	8.35419645347701
174	1174	2174	9	9.71925026755427
175	1175	2175	9	9.944401838309837
176	1176	2176	9	10.196147508546456
177	1177	2177	9	11.264608313948557
178	1178	2178	9	10.109807287051144
179	1179	2179	9	10.31235961058795
180	1180	2180	9	11.333496432995153
181	1181	2181	9	9.253989607815978
182	1182	2182	9	11.54303274671345
183	1183	2183	9	9.551918942302471
184	1184	2184	9	7.923250121200153
185	1185	2185	9	9.218152629522947
186	1186	2186	9	11.118239230939421
187	1187	2187	9	8.976366680709912
188	1188	2188	9	11.149096433328282
189	1189	2189	9	10.540463775293844
190	1190	2190	9	10.939049056657323
191	1191	2191	9	9.302102063670777
192	1192	2192	9	9.515228320406129
193	1193	2193	9	9.670253727705118
194	1194	2194	9	12.088610473557067
195	1195	2195	9	10.26708159981544
196	1196	2196	9	9.901994455392565
197	1197	2197	9	11.330533061702283
198	1198	2198	9	9.157636840949843
199	1199	2199	9	9.46984096100851
200	1200	2200	9	10.136215021451553
201	1201	2201	9	8.387923645242964
202	1202	2202	9	9.139562884550434
203	1203	2203	9	11.09740720914358
204	1204	2204	9	10.122755895451466
205	1205	2205	9	10.785557796490943
206	1206	2206	9	9.273666691462603
207	1207	2207	9	9.037338059193948
208	1208	2208	9	9.979598079106003
209	1209	2209	9	10.233159105174643
210	1210	2210	9	9.020748806566901
211	1211	2211	9	9.259709840719731
212	1212	2212	9	9.292674225020107
213	1213	2213	9	9.018310130842274
214	1214	2214	9	10.64716337650125
215	1215	2215	9	9.162086263161633
216	1216	2216	9	8.353625962589845
217	1217	2217	9	10.335142024848965
218	1218	2218	9	11.394915648050024
219	1219	2219	9	10.717560978405547
220	1220	2220	9	11.027052510881418
221	1221	2221	9	8.446050377989863
222	1222	2222	9	11.238128914878404
223	1223	2223	9	9.173077701139269
224	1224	2224	9	8.291820404892976
225	1225	2225	9	8.486997387171247
226	1226	2226	9	8.61352560149278
227	1227	2227	9	11.131630112246581
228	1228	2228	9	9.329988379359683
229	1229	2229	9	8.806069037479972
230	1230	2230	9	10.224026352562975
231	1231	2231	9	10.796680691519908
232	1232	2232	9	10.348894547221077
233	1233	2233	9	9.245169495116196
234	1234	2234	9	10.522620940032843
235	1235	2235	9	9.6279989479663
236	1236	2236	9	7.923503051996761
237	1237	2237	9	10.225978098906273
238	1238	2238	9	10.21867877123343
239	1239	2239	9	11.584145740709745
240	1240	2240	9	8.431376295025421
241	1241	2241	9	11.53108488564742
242	1242	2242	9	11.585616113234419
243	1243	2243	9	9.211475136619343
244	1244	2244	9	10.165010177451057
245	1245	2245	9	10.120145878385259
246	1246	2246	9	10.566599315637129
247	1247	2247	9	9.869868405233966
248	1248	2248	9	10.202138508916617
249	1249	2249	9	9.96786260773471
250	1250	2250	9	10.621610590485622
251	1251	2251	9	9.647768067283298
252	1252	2252	9	9.976928890994415
253	1253	2253	9	9.012225316264992
254	1254	2254	9	8.492209200349308
255	1255	2255	9	11.351296652222736
256	1256	2256	9	9.962489100871844
257	1257	2257	9	9.346141955848957
258	1258	2258	9	9.62838855269142
259	1259	2259	9	12.170607381262196
260	1260	2260	9	10.583813569510172
261	1261	2261	9	8.33033402820374
262	1262	2262	9	11.07150579370252
263	1263	2263	9	8.779618315382812
264	1264	2264	9	12.21682580879765
265	1265	2265	9	10.399874770175186
266	1266	2266	9	9.348449285795542
267	1267	2267	9	9.58559693106814
268	1268	2268	9	9.991403913589222
269	1269	2269	9	10.688058237226599
270	1270	2270	9	9.832323231404411
271	1271	2271	9	9.993815078361708
272	1272	2272	9	10.162702781543073
273	1273	2273	9	9.65222906674783
274	1274	2274	9	11.065904013564124
275	1275	2275	9	11.013820772925149
276	1276	2276	9	11.560515833301633
277	1277	2277	9	9.512646690880853
278	1278	2278	9	10.564319595920027
279	1279	2279	9	9.432017477575599
280	1280	2280	9	8.882293101395913
281	1281	2281	9	8.622710542876742
282	1282	2282	9	10.50642824202394
283	1283	2283	9	10.771503463459037
284	1284	2284	9	9.680170896091123
285	1285	2285	9	9.486631719862917
286	1286	2286	9	8.922961733663792
287	1287	2287	9	11.085564098282441
288	1288	2288	9	10.67114833155354
289	1289	2289	9	10.619711238194931
290	1290	2290	9	9.509363371343062
291	1291	2291	9	10.150330248694432
292	1292	2292	9	10.102443221914939
293	1293	2293	9	12.050720451565063
294	1294	2294	9	10.261035691256069
295	1295	2295	9	10.410418722593066
296	1296	2296	9	9.513958051254129
297	1297	2297	9	9.061606052896812
298	1298	2298	9	9.396646014559433
299	1299	2299	9	10.037447254130399
300	1300	2300	9	9.667167806124453
301	1301	2301	9	9.785763333044331
302	1302	2302	9	10.449932152702106
303	1303	2303	9	11.02686277174982
304	1304	2304	9	10.759043356619483
305	1305	2305	9	10.021342469809895
306	1306	2306	9	11.671251175444493
307	1307	2307	9	10.160364683779495
308	1308	2308	9	8.78616401757846
309	1309	2309	9	6.891132624815405
310	1310	2310	9	9.395976055321421
311	1311	2311	9	9.94701697259734
312	1312	2312	9	79.7350062222134
313	1313	2313	9	10.088454075361422
314	1314	2314	9	8.707710682084848
315	1315	2315	9	8.563292835055048
316	1316	2316	9	10.113161131154001
317	1317	2317	9	10.274586556396393
318	1318	2318	9	8.285889218851477
319	1319	2319	9	10.67967222544429
320	1320	2320	9	9.11207207965444
321	1321	2321	9	11.053721874620923
322	1322	2322	9	10.054502867404713
323	1323	2323	9	10.644743160727096
324	1324	2324	9	10.114495443676294
325	1325	2325	9	8.81427106347683
326	1326	2326	9	9.450935517514766
327	1327	2327	9	10.661689867621455
328	1328	2328	9	9.79186320734647
329	1329	2329	9	9.244020193054597
330	1330	2330	9	9.484128573712319
331	1331	2331	9	9.37760046501614
332	1332	2332	9	9.387182680025717
333	1333	2333	9	9.559505954852254
334	1334	2334	9	9.539550486461374
335	1335	2335	9	10.550728188717041
336	1336	2336	9	8.691175597260084
337	1337	2337	9	10.309506245304252
338	1338	2338	9	10.164512533533484
339	1339	2339	9	9.18227098459417
340	1340	2340	9	8.246313379718396
341	1341	2341	9	9.723503854829127
342	1342	2342	9	9.341042425222858
343	1343	2343	9	11.332408667790446
344	1344	2344	9	11.047238419859772
345	1345	2345	9	79.48825658587842
346	1346	2346	9	10.699026533587098
347	1347	2347	9	9.191561008443061
348	1348	2348	9	9.108525485220632
349	1349	2349	9	9.823396567756625
350	1350	2350	9	10.78162845986225
351	1351	2351	9	9.470025680068936
352	1352	2352	9	9.713991487280373
353	1353	2353	9	10.005492744304515
354	1354	2354	9	79.1265524875248
355	1355	2355	9	9.978648895084136
356	1356	2356	9	10.900629837346681
357	1357	2357	9	9.841746985815451
358	1358	2358	9	9.552749439136397
359	1359	2359	9	10.835677224220378
360	1360	2360	9	10.755990612606132
361	1361	2361	9	9.453245902585534
362	1362	2362	9	10.525309957640907
363	1363	2363	9	12.830547668801039
364	1364	2364	9	9.212112443645603
365	1365	2365	9	9.353479226103182
366	1366	2366	9	12.791090869769615
367	1367	2367	9	9.027123903369198
368	1368	2368	9	9.644689894917985
369	1369	2369	9	10.85526095385196
370	1370	2370	9	9.54860784696522
371	1371	2371	9	9.586102766057415
372	1372	2372	9	9.920561767860123
373	1373	2373	9	9.966044261135915
374	1374	2374	9	9.541662808316769
375	1375	2375	9	9.578389876930936
376	1376	2376	9	11.643591865264437
377	1377	2377	9	9.575731050680456
378	1378	2378	9	8.501952898120003
379	1379	2379	9	6.503282371222054
380	1380	2380	9	8.54656642419814
381	1381	2381	9	10.864483091942652
382	1382	2382	9	10.195024879229265
383	1383	2383	9	7.387027360703598
384	1384	2384	9	80.92250534545737
385	1385	2385	9	8.86344902380148
386	1386	2386	9	11.946790116248007
387	1387	2387	9	10.0479056062927
388	1388	2388	9	9.473419718787863
389	1389	2389	9	10.633481584142322
390	1390	2390	9	10.642587759635646
391	1391	2391	9	8.683461657893263
392	1392	2392	9	8.676342040950761
393	1393	2393	9	8.819535736314426
394	1394	2394	9	9.594423347123257
395	1395	2395	9	10.484119638104204
396	1396	2396	9	9.814446287729925
397	1397	2397	9	9.119064813191722
398	1398	2398	9	10.073113427137232
399	1399	2399	9	10.720824486793859
400	1400	2400	9	9.597637109215327
401	1401	2401	9	8.665874932058022
402	1402	2402	9	11.681853453014423
403	1403	2403	9	8.334732399189555
404	1404	2404	9	8.691571769847688
405	1405	2405	9	10.390758954523408
406	1406	2406	9	11.027221649709842
407	1407	2407	9	9.733101992782
408	1408	2408	9	9.171958910133048
409	1409	2409	9	8.87401583025943
410	1410	2410	9	9.328069953233264
411	1411	2411	9	9.888910966854867
412	1412	2412	9	9.693223610611437
413	1413	2413	9	10.592351939117336
414	1414	2414	9	9.15972630157888
415	1415	2415	9	9.775919480797077
416	1416	2416	9	10.125610317197944
417	1417	2417	9	8.376574715916348
418	1418	2418	9	10.300354581916611
419	1419	2419	9	9.60987229737372
420	1420	2420	9	11.815475708144168
421	1421	2421	9	9.91473191576075
422	1422	2422	9	12.735794940988686
423	1423	2423	9	8.771125804512275
424	1424	2424	9	10.451104691905908
425	1425	2425	9	10.365901560010162
426	1426	2426	9	9.974098926441199
427	1427	2427	9	9.350811122052338
428	1428	2428	9	8.922809835373036
429	1429	2429	9	8.557525035315656
430	1430	2430	9	11.070803531045577
431	1431	2431	9	12.228597744687963
432	1432	2432	9	9.583100290864365
433	1433	2433	9	9.264255704644372
434	1434	2434	9	8.787161621887082
435	1435	2435	9	10.31936952967734
436	1436	2436	9	79.83814731204905
437	1437	2437	9	11.40370895511174
438	1438	2438	9	10.76792181636996
439	1439	2439	9	12.196884137506434
440	1440	2440	9	10.707132846075588
441	1441	2441	9	8.920783359444673
442	1442	2442	9	10.758323455329624
443	1443	2443	9	10.599551517758192
444	1444	2444	9	9.142079660624004
445	1445	2445	9	9.867774238815814
446	1446	2446	9	9.241519898886152
447	1447	2447	9	9.020494439289084
448	1448	2448	9	10.421684723707724
449	1449	2449	9	8.677711501339132
450	1450	2450	9	10.709027423560567
451	1451	2451	9	11.67190432190211
452	1452	2452	9	10.497739664819127
453	1453	2453	9	7.687642528017326
454	1454	2454	9	10.229955071010957
455	1455	2455	9	10.540503969648393
456	1456	2456	9	8.138969888934925
457	1457	2457	9	10.062682477164614
458	1458	2458	9	10.146086678374969
459	1459	2459	9	79.04732841117762
460	1460	2460	9	10.673610181806202
461	1461	2461	9	10.852264132571932
462	1462	2462	9	9.769390858223627
463	1463	2463	9	11.473835444638398
464	1464	2464	9	9.247516514298102
465	1465	2465	9	9.876316364826176
466	1466	2466	9	9.489192049106641
467	1467	2467	9	9.973798904938866
468	1468	2468	9	9.386192779505636
469	1469	2469	9	9.666768822049175
470	1470	2470	9	9.83491394297996
471	1471	2471	9	9.135032380166786
472	1472	2472	9	9.624656558016532
473	1473	2473	9	9.467257040693152
474	1474	2474	9	80.49850459886571
475	1475	2475	9	10.019824658289439
476	1476	2476	9	10.128942164664833
477	1477	2477	9	10.826475979554148
478	1478	2478	9	8.82676079592133
479	1479	2479	9	11.359895404978271
480	1480	2480	9	11.12052110283518
481	1481	2481	9	11.919638298603038
482	1482	2482	9	10.745413598582983
483	1483	2483	9	10.317333148208771
484	1484	2484	9	10.52354837912822
485	1485	2485	9	9.861500958384324
486	1486	2486	9	10.119095791951027
487	1487	2487	9	10.045877588793221
488	1488	2488	9	11.38087622533629
489	1489	2489	9	8.081306493216768
490	1490	2490	9	11.063559471193559
491	1491	2491	9	9.782721156977816
492	1492	2492	9	10.144146424390097
493	1493	2493	9	10.162436264159952
494	1494	2494	9	10.136346233026684
495	1495	2495	9	9.684828180726027
496	1496	2496	9	9.44875683764932
497	1497	2497	9	13.19866000432088
498	1498	2498	9	11.491649042515684
499	1499	2499	9	11.658867777674725
500	1500	2500	9	9.256305387978223
501	1501	2501	9	10.237793982410317
502	1502	2502	9	9.504760261476006
503	1503	2503	9	9.428576038654803
504	1504	2504	9	9.267956829938692
505	1505	2505	9	13.003678239287328
506	1506	2506	9	9.314908819341253
507	1507	2507	9	10.1560165516324
508	1508	2508	9	10.149820218668522
509	1509	2509	9	9.348388566131998
510	1510	2510	9	9.186156394007742
511	1511	2511	9	8.466301797815174
512	1512	2512	9	9.02875604836094
513	1513	2513	9	10.284250832306231
514	1514	2514	9	11.658334620295973
515	1515	2515	9	9.768698568056337
516	1516	2516	9	12.941328852962677
517	1517	2517	9	9.017073465951215
518	1518	2518	9	9.974317314429861
519	1519	2519	9	9.682722323424738
520	1520	2520	9	11.178392966633172
521	1521	2521	9	9.216328840452777
522	1522	2522	9	9.423989620064871
523	1523	2523	9	11.321359908682144
524	1524	2524	9	11.392007701583907
525	1525	2525	9	11.117716178394838
526	1526	2526	9	8.10138013488084
527	1527	2527	9	10.321501141019763
528	1528	2528	9	9.727677688839957
529	1529	2529	9	9.640710956392743
530	1530	2530	9	10.498585519042614
531	1531	2531	9	11.88538906698506
532	1532	2532	9	7.799422238744234
533	1533	2533	9	8.967841585628701
534	1534	2534	9	10.417468258005314
535	1535	2535	9	10.373406332114294
536	1536	2536	9	9.387105196543898
537	1537	2537	9	11.559042440885687
538	1538	2538	9	8.321002930402418
539	1539	2539	9	11.648985090971534
540	1540	2540	9	9.40748796543558
541	1541	2541	9	8.508183799755772
542	1542	2542	9	10.009671682427387
543	1543	2543	9	8.007239964208893
544	1544	2544	9	9.481756178500351
545	1545	2545	9	9.549789985496918
546	1546	2546	9	10.943506715504975
547	1547	2547	9	10.445941363453112
548	1548	2548	9	8.662891633313498
549	1549	2549	9	7.6793017587954875
550	1550	2550	9	7.543669708278413
551	1551	2551	9	10.92177627387249
552	1552	2552	9	10.389733569709971
553	1553	2553	9	9.082806302497856
554	1554	2554	9	11.177896088515704
555	1555	2555	9	12.2418854823076
556	1556	2556	9	8.294210773326114
557	1557	2557	9	11.28293357576022
558	1558	2558	9	10.693876139652561
559	1559	2559	9	9.000266920592786
560	1560	2560	9	10.350698530263369
561	1561	2561	9	10.281365628109809
562	1562	2562	9	9.043270531096498
563	1563	2563	9	9.518959708524255
564	1564	2564	9	9.723443780641364
565	1565	2565	9	9.493675183351439
566	1566	2566	9	10.21763204744911
567	1567	2567	9	79.04329668772856
568	1568	2568	9	9.744143826683096
569	1569	2569	9	8.783903044750659
570	1570	2570	9	9.951314661336319
571	1571	2571	9	80.5033645587252
572	1572	2572	9	10.676549657637816
573	1573	2573	9	8.844622418640895
574	1574	2574	9	9.63180839452322
575	1575	2575	9	10.853441608740804
576	1576	2576	9	10.632980905224349
577	1577	2577	9	8.858345289687117
578	1578	2578	9	10.821065823719385
579	1579	2579	9	10.07113462326788
580	1580	2580	9	10.50188582637088
581	1581	2581	9	11.444641162466763
582	1582	2582	9	10.043174293199526
583	1583	2583	9	10.269273985348626
584	1584	2584	9	9.84030737625144
585	1585	2585	9	9.85170377687921
586	1586	2586	9	9.546065462565942
587	1587	2587	9	9.698348810320155
588	1588	2588	9	10.25301268728974
589	1589	2589	9	8.464110140164884
590	1590	2590	9	8.832796824440898
591	1591	2591	9	11.532134140824297
592	1592	2592	9	12.683197661904074
593	1593	2593	9	10.55229464458251
594	1594	2594	9	9.174463267868992
595	1595	2595	9	10.377331732704373
596	1596	2596	9	8.949791892926015
597	1597	2597	9	10.522750861392744
598	1598	2598	9	9.314758640340765
599	1599	2599	9	10.940872471621311
600	1600	2600	9	9.76320141815158
601	1601	2601	9	9.281297535987601
602	1602	2602	9	8.933388500878939
603	1603	2603	9	10.048947712665646
604	1604	2604	9	10.570588567015946
605	1605	2605	9	7.2751240099770556
606	1606	2606	9	9.669361748860561
607	1607	2607	9	10.4016194974131
608	1608	2608	9	9.345634356139449
609	1609	2609	9	11.285835730023358
610	1610	2610	9	11.697997814527703
611	1611	2611	9	10.516121528580774
612	1612	2612	9	10.223097896702487
613	1613	2613	9	9.890787475837291
614	1614	2614	9	9.57702414845109
615	1615	2615	9	10.439592975407619
616	1616	2616	9	9.658520358679576
617	1617	2617	9	10.695920330692381
618	1618	2618	9	10.590550925527165
619	1619	2619	9	11.119882731300551
620	1620	2620	9	11.177331220740314
621	1621	2621	9	9.982734810234257
622	1622	2622	9	9.060542432307875
623	1623	2623	9	10.609116624296535
624	1624	2624	9	9.32882102934301
625	1625	2625	9	10.23721244843841
626	1626	2626	9	10.082471104705661
627	1627	2627	9	8.782195165032231
628	1628	2628	9	9.956502934604217
629	1629	2629	9	7.528796114404928
630	1630	2630	9	10.264116645861648
631	1631	2631	9	8.674894076987044
632	1632	2632	9	9.962754656323611
633	1633	2633	9	8.752741687828214
634	1634	2634	9	12.811135516387326
635	1635	2635	9	9.04738828882954
636	1636	2636	9	10.761206714617938
637	1637	2637	9	8.703479397274588
638	1638	2638	9	8.365833311191006
639	1639	2639	9	10.074612106692868
640	1640	2640	9	7.994017790915616
641	1641	2641	9	77.23859774710695
642	1642	2642	9	10.652423885531567
643	1643	2643	9	9.324843175464267
644	1644	2644	9	8.120288033001698
645	1645	2645	9	8.994663845550065
646	1646	2646	9	10.595417095387893
647	1647	2647	9	9.213762992216974
648	1648	2648	9	11.424834607346616
649	1649	2649	9	8.982854827757226
650	1650	2650	9	9.413641797559091
651	1651	2651	9	10.636383500542452
652	1652	2652	9	7.761207982286349
653	1653	2653	9	10.461830911693346
654	1654	2654	9	10.792947294922476
655	1655	2655	9	9.195342327314538
656	1656	2656	9	8.7556496593275
657	1657	2657	9	10.534588522086224
658	1658	2658	9	10.100643960046854
659	1659	2659	9	9.589975988632073
660	1660	2660	9	9.924285970938035
661	1661	2661	9	9.634046536546748
662	1662	2662	9	9.556565175863794
663	1663	2663	9	9.925097235264944
664	1664	2664	9	78.89520012373835
665	1665	2665	9	8.937958247554242
666	1666	2666	9	10.554746708945538
667	1667	2667	9	10.642106439683944
668	1668	2668	9	10.974659847094507
669	1669	2669	9	10.887063624991947
670	1670	2670	9	10.431466753732652
671	1671	2671	9	11.158772690133723
672	1672	2672	9	9.773164184747268
673	1673	2673	9	10.023838245088221
674	1674	2674	9	9.774882222373565
675	1675	2675	9	8.959978665520413
676	1676	2676	9	11.116947673766106
677	1677	2677	9	10.657890574239238
678	1678	2678	9	8.508901059123994
679	1679	2679	9	10.168912174428272
680	1680	2680	9	10.359442916279269
681	1681	2681	9	9.834547547898264
682	1682	2682	9	10.917890713692465
683	1683	2683	9	9.31090647778102
684	1684	2684	9	8.14004430586053
685	1685	2685	9	9.463712879182909
686	1686	2686	9	8.638689492972647
687	1687	2687	9	10.87675865976597
688	1688	2688	9	10.173634169890832
689	1689	2689	9	9.744045325090418
690	1690	2690	9	9.275973730159716
691	1691	2691	9	11.98406326375787
692	1692	2692	9	9.210855909999113
693	1693	2693	9	9.770182570759287
694	1694	2694	9	8.54523021532221
695	1695	2695	9	8.914671870558585
696	1696	2696	9	8.830080722904233
697	1697	2697	9	11.511158534289848
698	1698	2698	9	10.344329475230825
699	1699	2699	9	10.360007674300785
700	1700	2700	9	10.038033014504787
701	1701	2701	9	9.872741360821344
702	1702	2702	9	9.925060293841971
703	1703	2703	9	11.566372408760248
704	1704	2704	9	8.996585454368313
705	1705	2705	9	9.65031140721193
706	1706	2706	9	10.979995669398239
707	1707	2707	9	9.614274314045248
708	1708	2708	9	10.121187958109944
709	1709	2709	9	10.441246546339507
710	1710	2710	9	8.837487816326433
711	1711	2711	9	9.528028923336118
712	1712	2712	9	9.472797899541009
713	1713	2713	9	10.278616387651724
714	1714	2714	9	10.261696206685096
715	1715	2715	9	10.405734137296987
716	1716	2716	9	9.861828615728948
717	1717	2717	9	10.110336763989137
718	1718	2718	9	8.140252760462657
719	1719	2719	9	8.995123261407816
720	1720	2720	9	10.011583281177208
721	1721	2721	9	10.133907070438415
722	1722	2722	9	11.027068360628222
723	1723	2723	9	10.308905380423525
724	1724	2724	9	9.344287712037664
725	1725	2725	9	11.001104510370096
726	1726	2726	9	10.571256509018323
727	1727	2727	9	10.631970724389102
728	1728	2728	9	11.422070481628424
729	1729	2729	9	8.567548717479728
730	1730	2730	9	9.053644051413476
731	1731	2731	9	8.582350812588873
732	1732	2732	9	8.837126385088386
733	1733	2733	9	10.873565028708446
734	1734	2734	9	9.883427076738883
735	1735	2735	9	10.559280822607262
736	1736	2736	9	9.26350481087132
737	1737	2737	9	9.117082402280783
738	1738	2738	9	9.199710581229937
739	1739	2739	9	9.541072785038061
740	1740	2740	9	10.328050162137686
741	1741	2741	9	9.409044979675349
742	1742	2742	9	11.475701615551085
743	1743	2743	9	10.850064482793895
744	1744	2744	9	9.730360696339188
745	1745	2745	9	9.901532086492917
746	1746	2746	9	11.411127306973919
747	1747	2747	9	10.178623168816712
748	1748	2748	9	10.527603385976358
749	1749	2749	9	10.069693533460685
750	1750	2750	9	9.524463678472754
751	1751	2751	9	7.6251731742606355
752	1752	2752	9	9.816588660476475
753	1753	2753	9	8.845071946136178
754	1754	2754	9	8.963447026386664
755	1755	2755	9	10.419280180881467
756	1756	2756	9	9.86013559839218
757	1757	2757	9	11.065416794485857
758	1758	2758	9	9.747662288684273
759	1759	2759	9	10.947363693674134
760	1760	2760	9	9.437994627999458
761	1761	2761	9	9.30374705792325
762	1762	2762	9	9.870820481245147
763	1763	2763	9	10.683883255769128
764	1764	2764	9	9.968478875482786
765	1765	2765	9	12.012270135228452
766	1766	2766	9	10.32815985436704
767	1767	2767	9	10.862548133464243
768	1768	2768	9	10.812037330147454
769	1769	2769	9	8.643698615844645
770	1770	2770	9	9.881058068430642
771	1771	2771	9	11.24495131226938
772	1772	2772	9	9.96495825752357
773	1773	2773	9	8.540423822033556
774	1774	2774	9	9.816829035034102
775	1775	2775	9	10.626783218242192
776	1776	2776	9	10.412064255616519
777	1777	2777	9	9.006810125132196
778	1778	2778	9	11.909871608508261
779	1779	2779	9	9.587014589860484
780	1780	2780	9	11.16051930769185
781	1781	2781	9	10.42162115017877
782	1782	2782	9	8.955924830845738
783	1783	2783	9	11.282016902021146
784	1784	2784	9	11.920721035121364
785	1785	2785	9	9.712888416942537
786	1786	2786	9	10.09540582745744
787	1787	2787	9	7.952189303559077
788	1788	2788	9	9.66589060658286
789	1789	2789	9	8.861932011153433
790	1790	2790	9	10.437487679735986
791	1791	2791	9	9.534861492359727
792	1792	2792	9	9.950776863695829
793	1793	2793	9	10.04074344014679
794	1794	2794	9	9.442509360998242
795	1795	2795	9	10.525948371303166
796	1796	2796	9	9.157848820557707
797	1797	2797	9	8.826820354126534
798	1798	2798	9	11.101076091255205
799	1799	2799	9	9.876103732924346
800	1800	2800	9	10.144751376263786
801	1801	2801	9	9.90751498416646
802	1802	2802	9	11.629419459329824
803	1803	2803	9	11.33046459811339
804	1804	2804	9	8.294419405124742
805	1805	2805	9	10.03445909034595
806	1806	2806	9	9.905624611301517
807	1807	2807	9	8.680066783328053
808	1808	2808	9	10.607422651139858
809	1809	2809	9	9.689924467718768
810	1810	2810	9	9.201809999674335
811	1811	2811	9	11.00676901094267
812	1812	2812	9	9.506861652922144
813	1813	2813	9	9.10628021307784
814	1814	2814	9	8.783934856240409
815	1815	2815	9	9.82969569939713
816	1816	2816	9	79.08106387802839
817	1817	2817	9	80.93020651006434
818	1818	2818	9	10.222990891927546
819	1819	2819	9	11.15437324981309
820	1820	2820	9	9.628541911457114
821	1821	2821	9	10.053623153381771
822	1822	2822	9	9.94673158832262
823	1823	2823	9	12.81445046442467
824	1824	2824	9	7.733512048154832
825	1825	2825	9	10.854460960301436
826	1826	2826	9	10.453931497030723
827	1827	2827	9	10.596956359196321
828	1828	2828	9	9.471222972402739
829	1829	2829	9	10.072591158838016
830	1830	2830	9	9.944979918527617
831	1831	2831	9	11.68745450216251
832	1832	2832	9	9.632530844675081
833	1833	2833	9	10.872909930020057
834	1834	2834	9	9.37250569611903
835	1835	2835	9	9.780102319469396
836	1836	2836	9	6.997483213952261
837	1837	2837	9	9.149995032475653
838	1838	2838	9	10.715836545002105
839	1839	2839	9	10.468851827238266
840	1840	2840	9	10.229570140134763
841	1841	2841	9	9.74985506346844
842	1842	2842	9	11.535678299666593
843	1843	2843	9	9.327008667385657
844	1844	2844	9	9.094607357560253
845	1845	2845	9	9.519594689626576
846	1846	2846	9	10.140121802675202
847	1847	2847	9	10.337147534448452
848	1848	2848	9	8.682505845736632
849	1849	2849	9	9.808048742259734
850	1850	2850	9	10.422563606991096
851	1851	2851	9	9.912752080925708
852	1852	2852	9	11.823605120064876
853	1853	2853	9	9.871990370743395
854	1854	2854	9	11.135253775275222
855	1855	2855	9	10.462893164380448
856	1856	2856	9	11.353612815930703
857	1857	2857	9	11.633628969592024
858	1858	2858	9	10.349567916369985
859	1859	2859	9	11.661759335391302
860	1860	2860	9	11.403137843978989
861	1861	2861	9	11.204519559100328
862	1862	2862	9	8.879005848864606
863	1863	2863	9	8.457247140194065
864	1864	2864	9	8.232737635184478
865	1865	2865	9	10.340554098271436
866	1866	2866	9	8.253488974401417
867	1867	2867	9	10.226730378139047
868	1868	2868	9	10.741083902634962
869	1869	2869	9	9.985646900890254
870	1870	2870	9	11.189934276445161
871	1871	2871	9	11.625470616644112
872	1872	2872	9	9.227625579240819
873	1873	2873	9	9.954777480383191
874	1874	2874	9	12.725768849013498
875	1875	2875	9	8.066706123418182
876	1876	2876	9	11.393855151957535
877	1877	2877	9	11.036679551926706
878	1878	2878	9	10.549119988554224
879	1879	2879	9	9.797546121430372
880	1880	2880	9	9.676485755985963
881	1881	2881	9	7.503288216713745
882	1882	2882	9	10.125473836436823
883	1883	2883	9	12.26791801289411
884	1884	2884	9	9.796441677062601
885	1885	2885	9	9.435773102506086
886	1886	2886	9	11.472443244303205
887	1887	2887	9	8.887943623131743
888	1888	2888	9	9.57031091492955
889	1889	2889	9	9.101957710824136
890	1890	2890	9	11.818069104503607
891	1891	2891	9	9.87363911198194
892	1892	2892	9	8.035705268325682
893	1893	2893	9	11.274898290862506
894	1894	2894	9	8.851866049649866
895	1895	2895	9	10.344557645962588
896	1896	2896	9	9.720536204431205
897	1897	2897	9	8.053956986114727
898	1898	2898	9	10.889666735831762
899	1899	2899	9	10.410606402244188
900	1900	2900	9	10.431971442926947
901	1901	2901	9	10.050596693804433
902	1902	2902	9	8.395264978717972
903	1903	2903	9	10.540539491512188
904	1904	2904	9	9.661938606652987
905	1905	2905	9	12.06674148354945
906	1906	2906	9	9.210997113131553
907	1907	2907	9	9.885925267137655
908	1908	2908	9	9.139141286479003
909	1909	2909	9	9.38625339376568
910	1910	2910	9	10.160764914169235
911	1911	2911	9	80.26478287660836
912	1912	2912	9	9.736459821440349
913	1913	2913	9	11.02337880768915
914	1914	2914	9	10.130952572816813
915	1915	2915	9	9.511033647666563
916	1916	2916	9	9.703562335813665
917	1917	2917	9	81.08567750022748
918	1918	2918	9	9.070940510973603
919	1919	2919	9	10.337282922295456
920	1920	2920	9	9.951215369240465
921	1921	2921	9	9.305081443724436
922	1922	2922	9	9.13522352167893
923	1923	2923	9	9.414773300731097
924	1924	2924	9	11.781064334949308
925	1925	2925	9	9.776495223750238
926	1926	2926	9	10.64962160412573
927	1927	2927	9	8.966104616760264
928	1928	2928	9	9.086203940850476
929	1929	2929	9	10.066632455538587
930	1930	2930	9	9.532499264282041
931	1931	2931	9	11.00763141953746
932	1932	2932	9	9.373179965066564
933	1933	2933	9	9.530575813370062
934	1934	2934	9	10.799275509069043
935	1935	2935	9	8.122271838006844
936	1936	2936	9	9.677857336749403
937	1937	2937	9	8.968990728471885
938	1938	2938	9	10.97801258634956
939	1939	2939	9	9.506686868857962
940	1940	2940	9	9.669547656477773
941	1941	2941	9	10.48780373595875
942	1942	2942	9	11.485052277498982
943	1943	2943	9	9.854845006005167
944	1944	2944	9	9.02319086170384
945	1945	2945	9	9.478684475822574
946	1946	2946	9	9.25222821082515
947	1947	2947	9	9.542456981941356
948	1948	2948	9	11.692290391742846
949	1949	2949	9	8.818092619467174
950	1950	2950	9	8.383751968329653
951	1951	2951	9	9.538963632782982
952	1952	2952	9	11.025644271729329
953	1953	2953	9	11.018506505675148
954	1954	2954	9	9.542877682795291
955	1955	2955	9	10.865625288796426
956	1956	2956	9	8.404699874562429
957	1957	2957	9	10.268053587430671
958	1958	2958	9	8.688871027584783
959	1959	2959	9	10.364427977579451
960	1960	2960	9	11.174458663726899
961	1961	2961	9	9.680929927840424
962	1962	2962	9	10.823265761754518
963	1963	2963	9	11.3471074782278
964	1964	2964	9	9.132348858210952
965	1965	2965	9	9.238307267074786
966	1966	2966	9	11.402991678855328
967	1967	2967	9	10.108569126633398
968	1968	2968	9	10.005610594976314
969	1969	2969	9	10.119918666648324
970	1970	2970	9	10.718940614015183
971	1971	2971	9	8.678445202374455
972	1972	2972	9	10.991489593152865
973	1973	2973	9	12.699204233822597
974	1974	2974	9	10.095824719833804
975	1975	2975	9	9.77272829637922
976	1976	2976	9	9.528619048047833
977	1977	2977	9	11.019732783768244
978	1978	2978	9	7.482781662258242
979	1979	2979	9	10.793656077108015
980	1980	2980	9	10.974383974094183
981	1981	2981	9	10.723663811354427
982	1982	2982	9	10.960275858397216
983	1983	2983	9	10.363100844680432
984	1984	2984	9	9.060170562120724
985	1985	2985	9	10.02840748357648
986	1986	2986	9	10.813113572036276
987	1987	2987	9	9.589746077343545
988	1988	2988	9	10.163125052111535
989	1989	2989	9	8.513020899367312
990	1990	2990	9	8.7137725677743
991	1991	2991	9	9.68462651464395
992	1992	2992	9	11.864081929232668
993	1993	2993	9	10.846333181982622
994	1994	2994	9	9.31790814714208
995	1995	2995	9	7.957981109064706
996	1996	2996	9	9.09527829119395
997	1997	2997	9	8.39371690493328
998	1998	2998	9	9.421159600243097
999	1999	2999	9	10.165971499240698
1000	2000	3000	9	8.796860476734203
