ind_ID	father_ID	mother_ID	Sex	Phenotype
1	1001	2001	9	10.66635303716126
2	1002	2002	9	10.344627362727053
3	1003	2003	9	6.497282113024499
4	1004	2004	9	9.08520498454461
5	1005	2005	9	11.12852106302909
6	1006	2006	9	7.831388482641101
7	1007	2007	9	10.693871478859041
8	1008	2008	9	10.768885225792879
9	1009	2009	9	9.54267358676088
10	1010	2010	9	9.224095720876202
11	1011	2011	9	9.172328332032734
12	1012	2012	9	9.282565158711058
13	1013	2013	9	11.656207025062375
14	1014	2014	9	9.1116746134859
15	1015	2015	9	8.848970007870987
16	1016	2016	9	15.439772213786991
17	1017	2017	9	9.19342457139752
18	1018	2018	9	15.841302320370056
19	1019	2019	9	10.342951221745961
20	1020	2020	9	9.840580893749046
21	1021	2021	9	8.6561427846458
22	1022	2022	9	8.887321044046157
23	1023	2023	9	8.864718312534942
24	1024	2024	9	14.973379524026203
25	1025	2025	9	9.700935511283083
26	1026	2026	9	9.839035097691577
27	1027	2027	9	10.27398099830274
28	1028	2028	9	10.847961362131247
29	1029	2029	9	15.287818217555367
30	1030	2030	9	10.235300017794215
31	1031	2031	9	9.16566963180632
32	1032	2032	9	20.1501685498735
33	1033	2033	9	9.397295255153702
34	1034	2034	9	8.917288711351635
35	1035	2035	9	11.181704223631028
36	1036	2036	9	10.050292925769734
37	1037	2037	9	9.100325506367847
38	1038	2038	9	9.496790070462612
39	1039	2039	9	9.399432455357129
40	1040	2040	9	11.558728683097566
41	1041	2041	9	9.745761142223625
42	1042	2042	9	8.690440517188458
43	1043	2043	9	9.3254216388287
44	1044	2044	9	10.142342114860236
45	1045	2045	9	15.10949106239767
46	1046	2046	9	9.426405167356378
47	1047	2047	9	10.63765802960683
48	1048	2048	9	10.038819850028231
49	1049	2049	9	10.847328583809999
50	1050	2050	9	15.739480089370605
51	1051	2051	9	9.970899038848271
52	1052	2052	9	10.76108663356865
53	1053	2053	9	9.465883442763722
54	1054	2054	9	9.840270342448939
55	1055	2055	9	23.019117198605063
56	1056	2056	9	14.512630178585956
57	1057	2057	9	10.205626329214077
58	1058	2058	9	8.818057206111435
59	1059	2059	9	10.156779808469881
60	1060	2060	9	8.392305158410853
61	1061	2061	9	9.442330550257617
62	1062	2062	9	9.638321196213292
63	1063	2063	9	9.143337004517631
64	1064	2064	9	12.236454391070993
65	1065	2065	9	9.862550149755142
66	1066	2066	9	10.513377875407876
67	1067	2067	9	10.678422523818249
68	1068	2068	9	11.493799568974005
69	1069	2069	9	9.7399002937329
70	1070	2070	9	11.362194241709531
71	1071	2071	9	9.323175029635497
72	1072	2072	9	10.878098856388911
73	1073	2073	9	10.378903048373816
74	1074	2074	9	10.519826513012458
75	1075	2075	9	11.20514582178861
76	1076	2076	9	10.760287144676598
77	1077	2077	9	9.489959909817347
78	1078	2078	9	9.888909030959823
79	1079	2079	9	10.888378035572673
80	1080	2080	9	12.93885937271917
81	1081	2081	9	10.153389554705846
82	1082	2082	9	14.823519793394027
83	1083	2083	9	13.80598234891111
84	1084	2084	9	9.723647650607205
85	1085	2085	9	11.72546805090358
86	1086	2086	9	9.391925012447826
87	1087	2087	9	8.63461433008545
88	1088	2088	9	10.620061637374214
89	1089	2089	9	11.222521020328454
90	1090	2090	9	9.743009066377693
91	1091	2091	9	13.996255566593257
92	1092	2092	9	9.432965160989058
93	1093	2093	9	9.423483877764498
94	1094	2094	9	9.691667412925273
95	1095	2095	9	11.100291831938224
96	1096	2096	9	8.123590696512295
97	1097	2097	9	8.446580644489757
98	1098	2098	9	9.021097447867271
99	1099	2099	9	11.330583962476759
100	1100	2100	9	11.365246566047714
101	1101	2101	9	10.594331302891286
102	1102	2102	9	9.792163595120021
103	1103	2103	9	9.58598922393677
104	1104	2104	9	8.685304588480998
105	1105	2105	9	9.743242148201826
106	1106	2106	9	10.177664564478778
107	1107	2107	9	9.669885020050407
108	1108	2108	9	9.780728762136034
109	1109	2109	9	11.268098775100803
110	1110	2110	9	9.12069116674224
111	1111	2111	9	8.967319258645219
112	1112	2112	9	12.075274982183743
113	1113	2113	9	7.713799394425058
114	1114	2114	9	10.189989988329295
115	1115	2115	9	8.942751336440795
116	1116	2116	9	11.560803622978701
117	1117	2117	9	10.161141092312125
118	1118	2118	9	11.335620536451698
119	1119	2119	9	8.980507478709919
120	1120	2120	9	10.19296285649058
121	1121	2121	9	10.886056559302414
122	1122	2122	9	7.463831640482663
123	1123	2123	9	9.609320220719532
124	1124	2124	9	11.732330511090716
125	1125	2125	9	9.467243482355991
126	1126	2126	9	11.502905722667732
127	1127	2127	9	9.730169792521465
128	1128	2128	9	14.622627633466141
129	1129	2129	9	9.74368772425983
130	1130	2130	9	10.636965566209335
131	1131	2131	9	9.028827048467798
132	1132	2132	9	10.031587892909341
133	1133	2133	9	9.488302738473877
134	1134	2134	9	8.858557364139315
135	1135	2135	9	10.354635227269172
136	1136	2136	9	10.316079711578064
137	1137	2137	9	10.220299475451462
138	1138	2138	9	8.891945537759096
139	1139	2139	9	10.38457700751052
140	1140	2140	9	9.942335763477878
141	1141	2141	9	9.833084890563478
142	1142	2142	9	9.8566850288189
143	1143	2143	9	14.627532288383515
144	1144	2144	9	17.01193898682345
145	1145	2145	9	8.344057893527337
146	1146	2146	9	10.790119487650099
147	1147	2147	9	10.547746701451176
148	1148	2148	9	8.429059935326325
149	1149	2149	9	11.071931090739753
150	1150	2150	9	9.49098786565794
151	1151	2151	9	14.463426492826622
152	1152	2152	9	10.325077381589903
153	1153	2153	9	10.30108691770523
154	1154	2154	9	11.27330402551281
155	1155	2155	9	9.480570859137128
156	1156	2156	9	11.168745090984268
157	1157	2157	9	9.36476814545443
158	1158	2158	9	9.206252525911463
159	1159	2159	9	8.802143931834948
160	1160	2160	9	9.149209017288886
161	1161	2161	9	9.399453637248248
162	1162	2162	9	11.975940617226774
163	1163	2163	9	8.965158131065262
164	1164	2164	9	8.673126255997696
165	1165	2165	9	11.054253454489574
166	1166	2166	9	11.33827249228717
167	1167	2167	9	10.518517391604224
168	1168	2168	9	14.475743662321133
169	1169	2169	9	8.354794725940476
170	1170	2170	9	9.408825899389551
171	1171	2171	9	10.022963731786334
172	1172	2172	9	8.338955647439535
173	1173	2173	9	16.031983133488545
174	1174	2174	9	9.988044419563876
175	1175	2175	9	8.70380406372147
176	1176	2176	9	12.970822484674516
177	1177	2177	9	9.047977195879696
178	1178	2178	9	9.616897856260948
179	1179	2179	9	10.387010864348705
180	1180	2180	9	8.371954552733031
181	1181	2181	9	9.14855329291816
182	1182	2182	9	8.685549015435283
183	1183	2183	9	8.993914098423962
184	1184	2184	9	10.461561405621712
185	1185	2185	9	10.816124125463618
186	1186	2186	9	9.963252678416161
187	1187	2187	9	10.915226666398173
188	1188	2188	9	9.97632529040873
189	1189	2189	9	8.618044193898298
190	1190	2190	9	12.314477681329732
191	1191	2191	9	10.445244183650283
192	1192	2192	9	10.920885994528327
193	1193	2193	9	15.577109886493808
194	1194	2194	9	10.710574776412068
195	1195	2195	9	8.577048850609215
196	1196	2196	9	10.403359007765012
197	1197	2197	9	14.866263805451496
198	1198	2198	9	9.712150666524211
199	1199	2199	9	10.542682765275694
200	1200	2200	9	9.950651142409422
201	1201	2201	9	9.286071744195304
202	1202	2202	9	9.772814699871098
203	1203	2203	9	10.792289745350605
204	1204	2204	9	10.889626420708888
205	1205	2205	9	11.110166409727093
206	1206	2206	9	9.89025903332716
207	1207	2207	9	15.034048690397803
208	1208	2208	9	21.46895367317618
209	1209	2209	9	9.51472793745642
210	1210	2210	9	10.501899692319858
211	1211	2211	9	10.329375212786143
212	1212	2212	9	9.287669221216422
213	1213	2213	9	10.755348161914958
214	1214	2214	9	10.460121398351834
215	1215	2215	9	7.916381230410424
216	1216	2216	9	14.401377663133362
217	1217	2217	9	8.765777548408332
218	1218	2218	9	15.734831694399624
219	1219	2219	9	8.76309433160546
220	1220	2220	9	11.194769106811009
221	1221	2221	9	9.673546939475644
222	1222	2222	9	14.710396026988972
223	1223	2223	9	11.768306751232185
224	1224	2224	9	9.620985309261489
225	1225	2225	9	11.103136609668061
226	1226	2226	9	9.382972376785931
227	1227	2227	9	11.272338104351544
228	1228	2228	9	8.732274418921191
229	1229	2229	9	8.69212892246703
230	1230	2230	9	11.05699422658866
231	1231	2231	9	10.670864473356534
232	1232	2232	9	11.404755191968352
233	1233	2233	9	15.131059799392267
234	1234	2234	9	11.438423427111939
235	1235	2235	9	11.114862434639216
236	1236	2236	9	9.9096728564084
237	1237	2237	9	10.284775332493021
238	1238	2238	9	9.401974847554254
239	1239	2239	9	15.21937046366089
240	1240	2240	9	10.451469892614195
241	1241	2241	9	15.674305785354761
242	1242	2242	9	16.574101515405726
243	1243	2243	9	9.428550457792266
244	1244	2244	9	8.969051500325115
245	1245	2245	9	10.302746644517303
246	1246	2246	9	9.846495311614861
247	1247	2247	9	8.269115602919785
248	1248	2248	9	15.022861248456756
249	1249	2249	9	11.213993883871543
250	1250	2250	9	11.552075335858342
251	1251	2251	9	9.06954888221343
252	1252	2252	9	10.715243120192254
253	1253	2253	9	16.32294103843855
254	1254	2254	9	10.226358217818298
255	1255	2255	9	9.821135346973682
256	1256	2256	9	9.0932075036819
257	1257	2257	9	10.14623702313094
258	1258	2258	9	10.732477827868784
259	1259	2259	9	10.278364649983768
260	1260	2260	9	9.774323895798272
261	1261	2261	9	9.670090940733756
262	1262	2262	9	10.02188600093746
263	1263	2263	9	10.59341121370948
264	1264	2264	9	9.466997002292578
265	1265	2265	9	8.51191242339877
266	1266	2266	9	9.590215201329226
267	1267	2267	9	11.251224153397926
268	1268	2268	9	9.238636831856454
269	1269	2269	9	11.78933086188179
270	1270	2270	9	11.451745444497206
271	1271	2271	9	10.091747140037478
272	1272	2272	9	9.839971078324215
273	1273	2273	9	9.1512021504307
274	1274	2274	9	15.182373059250414
275	1275	2275	9	13.996848917951423
276	1276	2276	9	8.28986913922161
277	1277	2277	9	11.045378000604169
278	1278	2278	9	10.046138054194195
279	1279	2279	9	15.664592511160144
280	1280	2280	9	8.88710842135702
281	1281	2281	9	10.156187533697501
282	1282	2282	9	9.27807025199662
283	1283	2283	9	9.495091080236952
284	1284	2284	9	10.11774180932025
285	1285	2285	9	9.991649556770616
286	1286	2286	9	11.867970029759807
287	1287	2287	9	9.477797683519782
288	1288	2288	9	9.614937302531494
289	1289	2289	9	11.128963479792457
290	1290	2290	9	9.947514355673935
291	1291	2291	9	9.75168427024083
292	1292	2292	9	9.258360923823309
293	1293	2293	9	10.26787189502337
294	1294	2294	9	10.119625293684969
295	1295	2295	9	15.80458710139323
296	1296	2296	9	9.330835800817056
297	1297	2297	9	9.252013347359195
298	1298	2298	9	10.235921602822025
299	1299	2299	9	9.444984283352547
300	1300	2300	9	8.907089129888654
301	1301	2301	9	8.064811295622304
302	1302	2302	9	10.480590173975083
303	1303	2303	9	11.077208508832882
304	1304	2304	9	9.642883771765506
305	1305	2305	9	9.96637006321877
306	1306	2306	9	11.937124409144829
307	1307	2307	9	10.844720598849348
308	1308	2308	9	10.361204147680102
309	1309	2309	9	10.015954536399493
310	1310	2310	9	10.616757168477562
311	1311	2311	9	9.57833967632313
312	1312	2312	9	9.709145419318807
313	1313	2313	9	11.516062607646655
314	1314	2314	9	13.468664105674055
315	1315	2315	9	9.47566815162721
316	1316	2316	9	10.570535737908955
317	1317	2317	9	8.958704936918288
318	1318	2318	9	8.7271373294717
319	1319	2319	9	11.172606678374208
320	1320	2320	9	10.416965142080898
321	1321	2321	9	9.040811711143965
322	1322	2322	9	10.5844859087588
323	1323	2323	9	10.599515068675725
324	1324	2324	9	9.240892494774656
325	1325	2325	9	9.755883591890957
326	1326	2326	9	9.197551604252926
327	1327	2327	9	9.432528955212677
328	1328	2328	9	10.266708462184166
329	1329	2329	9	10.511896353754548
330	1330	2330	9	11.111225552504742
331	1331	2331	9	10.738342935977114
332	1332	2332	9	8.098304722951067
333	1333	2333	9	10.410987339306516
334	1334	2334	9	14.39526334175593
335	1335	2335	9	9.155385596794375
336	1336	2336	9	10.644948766259134
337	1337	2337	9	10.838353988718152
338	1338	2338	9	10.48805722496531
339	1339	2339	9	9.858887048060268
340	1340	2340	9	9.836648472689705
341	1341	2341	9	10.778321556518486
342	1342	2342	9	9.453388347801406
343	1343	2343	9	10.84564399445181
344	1344	2344	9	10.83469145412833
345	1345	2345	9	8.251259461228111
346	1346	2346	9	10.732169752805563
347	1347	2347	9	12.016096617094775
348	1348	2348	9	9.437472152758517
349	1349	2349	9	8.909283719692365
350	1350	2350	9	9.905008249869066
351	1351	2351	9	8.624876260234299
352	1352	2352	9	11.037732992583306
353	1353	2353	9	10.591022918696275
354	1354	2354	9	8.155419844702799
355	1355	2355	9	10.686864795621455
356	1356	2356	9	10.789360096487597
357	1357	2357	9	8.677259461108976
358	1358	2358	9	9.531701628298064
359	1359	2359	9	11.250167663948833
360	1360	2360	9	10.610019985003738
361	1361	2361	9	9.234087994331206
362	1362	2362	9	7.386639706042994
363	1363	2363	9	9.142262850354388
364	1364	2364	9	9.248397087056752
365	1365	2365	9	11.155578517925989
366	1366	2366	9	11.076346260760845
367	1367	2367	9	11.07776884719779
368	1368	2368	9	10.126278063553729
369	1369	2369	9	9.373263770648123
370	1370	2370	9	10.696707086399929
371	1371	2371	9	8.19555069086664
372	1372	2372	9	7.887131706996971
373	1373	2373	9	8.180802915787082
374	1374	2374	9	11.958340602506057
375	1375	2375	9	10.507226575141159
376	1376	2376	9	16.954664608461698
377	1377	2377	9	9.144722181569367
378	1378	2378	9	10.573592106829006
379	1379	2379	9	15.767960177039546
380	1380	2380	9	8.99593669311777
381	1381	2381	9	7.5236697336038
382	1382	2382	9	11.746880093576827
383	1383	2383	9	10.431087726645758
384	1384	2384	9	10.306309978818707
385	1385	2385	9	22.918582489284436
386	1386	2386	9	9.510433706549007
387	1387	2387	9	10.362612663681606
388	1388	2388	9	11.287609486926426
389	1389	2389	9	10.749193251334674
390	1390	2390	9	9.540578502679542
391	1391	2391	9	16.02749358147194
392	1392	2392	9	9.068507960566471
393	1393	2393	9	14.369985977830565
394	1394	2394	9	9.271294250609165
395	1395	2395	9	10.21636295278805
396	1396	2396	9	10.812240810777839
397	1397	2397	9	10.439755616054272
398	1398	2398	9	10.135743112081439
399	1399	2399	9	10.10313590124999
400	1400	2400	9	10.252675324138664
401	1401	2401	9	8.490379504683542
402	1402	2402	9	9.916859329512668
403	1403	2403	9	10.530198099394221
404	1404	2404	9	16.41942546726569
405	1405	2405	9	15.869039062797
406	1406	2406	9	10.642863113681877
407	1407	2407	9	8.783534381657214
408	1408	2408	9	11.054766226708535
409	1409	2409	9	15.10847654454371
410	1410	2410	9	11.09550083509577
411	1411	2411	9	14.681872856760132
412	1412	2412	9	10.354811406586245
413	1413	2413	9	9.216024954517032
414	1414	2414	9	9.103377324014414
415	1415	2415	9	10.16748031418862
416	1416	2416	9	13.743685344303447
417	1417	2417	9	9.433126479304896
418	1418	2418	9	9.815107997399274
419	1419	2419	9	9.383223934617003
420	1420	2420	9	11.188938153655824
421	1421	2421	9	11.988507985783423
422	1422	2422	9	9.535179083175153
423	1423	2423	9	11.517789379645023
424	1424	2424	9	10.217711666939376
425	1425	2425	9	15.849090095288163
426	1426	2426	9	10.859019378892768
427	1427	2427	9	13.56154838795949
428	1428	2428	9	10.522913695993298
429	1429	2429	9	11.650645801797305
430	1430	2430	9	9.489019177906814
431	1431	2431	9	10.461173308626643
432	1432	2432	9	10.070855015935258
433	1433	2433	9	8.381516948184025
434	1434	2434	9	10.858539546123344
435	1435	2435	9	8.532201685688
436	1436	2436	9	16.89796123246219
437	1437	2437	9	8.787143956866828
438	1438	2438	9	10.061200137222158
439	1439	2439	9	10.412880048104283
440	1440	2440	9	14.961887940270682
441	1441	2441	9	10.43483670295792
442	1442	2442	9	14.971076627828733
443	1443	2443	9	9.45900717540497
444	1444	2444	9	11.324684786273979
445	1445	2445	9	10.26219912310075
446	1446	2446	9	10.021164635576643
447	1447	2447	9	16.425871611566222
448	1448	2448	9	13.37328064171608
449	1449	2449	9	9.193603606912632
450	1450	2450	9	11.715358116128451
451	1451	2451	9	8.349387951758318
452	1452	2452	9	9.029256953920983
453	1453	2453	9	13.631123423733905
454	1454	2454	9	9.940547202791482
455	1455	2455	9	10.460607157613664
456	1456	2456	9	15.373498265724825
457	1457	2457	9	10.166429278847353
458	1458	2458	9	15.036469721373978
459	1459	2459	9	9.750527197001361
460	1460	2460	9	8.61454237063458
461	1461	2461	9	11.536610471844927
462	1462	2462	9	11.009498840970695
463	1463	2463	9	8.673387107811847
464	1464	2464	9	11.083299413419482
465	1465	2465	9	10.004716382967962
466	1466	2466	9	10.824673917690204
467	1467	2467	9	10.736239430648105
468	1468	2468	9	10.920629387042034
469	1469	2469	9	10.042998642707277
470	1470	2470	9	8.390839312770364
471	1471	2471	9	11.223207183686778
472	1472	2472	9	10.361214289732448
473	1473	2473	9	9.107711998705865
474	1474	2474	9	10.356485921377521
475	1475	2475	9	9.9938005804662
476	1476	2476	9	8.901387854701595
477	1477	2477	9	8.73222168965365
478	1478	2478	9	15.618890217561287
479	1479	2479	9	9.915767192505072
480	1480	2480	9	11.604593739671792
481	1481	2481	9	9.721717185846117
482	1482	2482	9	9.683552073982225
483	1483	2483	9	9.71629271803433
484	1484	2484	9	8.467234876719736
485	1485	2485	9	10.497717585532547
486	1486	2486	9	8.485352230005585
487	1487	2487	9	11.08815885143906
488	1488	2488	9	14.578348501146943
489	1489	2489	9	11.17352186056703
490	1490	2490	9	11.40005064150845
491	1491	2491	9	9.708803846690548
492	1492	2492	9	9.55477964834745
493	1493	2493	9	8.980099738090452
494	1494	2494	9	9.637177003812287
495	1495	2495	9	9.901490186390827
496	1496	2496	9	15.567753745164431
497	1497	2497	9	10.236778018316013
498	1498	2498	9	16.67669847471962
499	1499	2499	9	10.675940001705344
500	1500	2500	9	11.05729563928669
501	1501	2501	9	10.027120741822547
502	1502	2502	9	11.476269309292553
503	1503	2503	9	9.779944275816984
504	1504	2504	9	15.36659116658004
505	1505	2505	9	8.730657761966249
506	1506	2506	9	7.705395007734264
507	1507	2507	9	10.06085083607449
508	1508	2508	9	9.01013125812477
509	1509	2509	9	9.048945181860581
510	1510	2510	9	13.95564931633127
511	1511	2511	9	11.17795611125643
512	1512	2512	9	12.063268495436219
513	1513	2513	9	9.97307508957103
514	1514	2514	9	10.8710686648111
515	1515	2515	9	9.703660892189951
516	1516	2516	9	14.95259617673846
517	1517	2517	9	9.976818765931695
518	1518	2518	9	10.549105183488974
519	1519	2519	9	10.178732597893479
520	1520	2520	9	9.59625475878152
521	1521	2521	9	10.571181700989245
522	1522	2522	9	10.390296741788099
523	1523	2523	9	10.237984896386637
524	1524	2524	9	9.74401102339214
525	1525	2525	9	11.385733730843041
526	1526	2526	9	9.63920963856584
527	1527	2527	9	10.848069390516535
528	1528	2528	9	11.273569926516682
529	1529	2529	9	11.194255619450546
530	1530	2530	9	10.301142625436409
531	1531	2531	9	10.055030925930074
532	1532	2532	9	9.753297817220565
533	1533	2533	9	9.854333820987106
534	1534	2534	9	9.877433657020296
535	1535	2535	9	15.40631749580293
536	1536	2536	9	9.792777549341594
537	1537	2537	9	10.139767044410341
538	1538	2538	9	11.650444714372536
539	1539	2539	9	10.66658597641272
540	1540	2540	9	9.92361824814648
541	1541	2541	9	9.883943123018646
542	1542	2542	9	15.505600275991885
543	1543	2543	9	10.525389302903186
544	1544	2544	9	10.320268485270125
545	1545	2545	9	10.116356169373082
546	1546	2546	9	9.271904072548477
547	1547	2547	9	9.762120526961256
548	1548	2548	9	10.599952331352066
549	1549	2549	9	11.90804786671595
550	1550	2550	9	10.570404959583003
551	1551	2551	9	15.836168495914785
552	1552	2552	9	10.251950131786776
553	1553	2553	9	17.849482637285366
554	1554	2554	9	9.382826027338108
555	1555	2555	9	11.894161182815257
556	1556	2556	9	10.711177600029703
557	1557	2557	9	13.522524499181062
558	1558	2558	9	10.600112279673667
559	1559	2559	9	10.480760438270666
560	1560	2560	9	9.5646937657525
561	1561	2561	9	11.328687612606196
562	1562	2562	9	12.436463865296245
563	1563	2563	9	8.195615841866084
564	1564	2564	9	10.181064874869552
565	1565	2565	9	8.950410037372528
566	1566	2566	9	10.168071102689293
567	1567	2567	9	9.564976921077898
568	1568	2568	9	10.077496333145818
569	1569	2569	9	16.3346238483619
570	1570	2570	9	11.350502289701115
571	1571	2571	9	9.416381217491232
572	1572	2572	9	9.748644228388871
573	1573	2573	9	9.391291951628157
574	1574	2574	9	8.873463693374903
575	1575	2575	9	8.726307176305713
576	1576	2576	9	9.910947274675184
577	1577	2577	9	8.797671632365327
578	1578	2578	9	14.272556766996063
579	1579	2579	9	11.197792068504368
580	1580	2580	9	14.540478452880578
581	1581	2581	9	9.547535423402206
582	1582	2582	9	14.192847157345046
583	1583	2583	9	8.635139855840483
584	1584	2584	9	10.292448769515087
585	1585	2585	9	15.39051006979994
586	1586	2586	9	10.337689091391075
587	1587	2587	9	9.852308743731731
588	1588	2588	9	9.086737795638141
589	1589	2589	9	10.817068186457293
590	1590	2590	9	9.058852499318691
591	1591	2591	9	8.328027359778222
592	1592	2592	9	11.361469567422379
593	1593	2593	9	11.402315726849986
594	1594	2594	9	9.97366022476395
595	1595	2595	9	8.895110066632721
596	1596	2596	9	9.986985604746897
597	1597	2597	9	11.460300855108933
598	1598	2598	9	8.866395931889354
599	1599	2599	9	9.356568123062774
600	1600	2600	9	11.648600730217094
601	1601	2601	9	11.115853835269888
602	1602	2602	9	13.1222952684545
603	1603	2603	9	10.319094652394154
604	1604	2604	9	10.407202475648534
605	1605	2605	9	8.24061733305702
606	1606	2606	9	8.319812229257838
607	1607	2607	9	10.005790198954239
608	1608	2608	9	10.479850814573267
609	1609	2609	9	9.427740230153384
610	1610	2610	9	9.683453602358982
611	1611	2611	9	15.915617938354384
612	1612	2612	9	10.561678905873059
613	1613	2613	9	8.783724282533388
614	1614	2614	9	9.200939213625484
615	1615	2615	9	11.075210304974469
616	1616	2616	9	11.208375987879537
617	1617	2617	9	10.027691922985555
618	1618	2618	9	9.737164133977103
619	1619	2619	9	10.358929514183496
620	1620	2620	9	8.785207395329651
621	1621	2621	9	13.896862743153143
622	1622	2622	9	8.321592784485047
623	1623	2623	9	10.97109326438767
624	1624	2624	9	10.384799244932328
625	1625	2625	9	12.190781489219061
626	1626	2626	9	11.165756299086784
627	1627	2627	9	10.527195850845422
628	1628	2628	9	9.311723048322584
629	1629	2629	9	9.509896348279387
630	1630	2630	9	9.871493270868651
631	1631	2631	9	10.043953710987301
632	1632	2632	9	8.524581214103641
633	1633	2633	9	11.400240211240877
634	1634	2634	9	11.460334642281014
635	1635	2635	9	9.20883281579178
636	1636	2636	9	10.00466669126258
637	1637	2637	9	9.846014833758167
638	1638	2638	9	10.041581254216256
639	1639	2639	9	9.618310010602615
640	1640	2640	9	10.221938386711155
641	1641	2641	9	8.897133365326836
642	1642	2642	9	10.781292419330326
643	1643	2643	9	9.497629653139697
644	1644	2644	9	11.637936328853662
645	1645	2645	9	8.209808098198714
646	1646	2646	9	10.137019337543597
647	1647	2647	9	10.742538172305128
648	1648	2648	9	9.973159854077227
649	1649	2649	9	9.763718043388689
650	1650	2650	9	10.483393316748352
651	1651	2651	9	10.286244136455545
652	1652	2652	9	10.725359440029049
653	1653	2653	9	9.240270608506561
654	1654	2654	9	9.38390582892955
655	1655	2655	9	10.103873943868878
656	1656	2656	9	9.223173173531318
657	1657	2657	9	8.85728359047461
658	1658	2658	9	8.629953487544046
659	1659	2659	9	9.193852959115713
660	1660	2660	9	10.657268550044646
661	1661	2661	9	10.269016320732334
662	1662	2662	9	9.832880734965052
663	1663	2663	9	10.090875028008021
664	1664	2664	9	8.345942790955279
665	1665	2665	9	15.592924040067029
666	1666	2666	9	9.954569321050238
667	1667	2667	9	9.41767244931607
668	1668	2668	9	15.569945055358314
669	1669	2669	9	11.522788058776896
670	1670	2670	9	10.303637115954318
671	1671	2671	9	14.411238044463039
672	1672	2672	9	10.395403705367842
673	1673	2673	9	10.511353968478927
674	1674	2674	9	10.574182921246958
675	1675	2675	9	9.727650660466974
676	1676	2676	9	16.208860865306235
677	1677	2677	9	9.61161955571994
678	1678	2678	9	14.790715166477378
679	1679	2679	9	9.799018095691848
680	1680	2680	9	9.835544125399982
681	1681	2681	9	12.72086756151887
682	1682	2682	9	10.6476897047668
683	1683	2683	9	14.918694794919887
684	1684	2684	9	8.51194598969556
685	1685	2685	9	7.990128882024395
686	1686	2686	9	9.908171977420723
687	1687	2687	9	15.496371279068466
688	1688	2688	9	8.721501464067535
689	1689	2689	9	9.091996238578917
690	1690	2690	9	9.671031114377012
691	1691	2691	9	7.844888580055766
692	1692	2692	9	11.374761646810578
693	1693	2693	9	7.842367535576179
694	1694	2694	9	11.867789697924405
695	1695	2695	9	9.438595182622707
696	1696	2696	9	8.845834712737027
697	1697	2697	9	11.009080490887746
698	1698	2698	9	11.501362815946553
699	1699	2699	9	10.303784225635658
700	1700	2700	9	9.422032772044838
701	1701	2701	9	9.865266275695049
702	1702	2702	9	9.88999852644674
703	1703	2703	9	9.431095358042525
704	1704	2704	9	9.63124907638276
705	1705	2705	9	16.32870393717834
706	1706	2706	9	8.543713603752398
707	1707	2707	9	9.230982343501974
708	1708	2708	9	11.174532809445033
709	1709	2709	9	15.265165685888487
710	1710	2710	9	9.398416719753683
711	1711	2711	9	10.454269227822943
712	1712	2712	9	10.419920279315908
713	1713	2713	9	10.721338484103214
714	1714	2714	9	10.365711775543614
715	1715	2715	9	11.85992198121077
716	1716	2716	9	10.175873788713409
717	1717	2717	9	8.078985236197717
718	1718	2718	9	11.488434560799435
719	1719	2719	9	13.962902293022864
720	1720	2720	9	10.023176134722958
721	1721	2721	9	9.941458797810395
722	1722	2722	9	13.91417934085364
723	1723	2723	9	9.697757208813783
724	1724	2724	9	9.063832558500547
725	1725	2725	9	8.810694188357557
726	1726	2726	9	8.757927919782132
727	1727	2727	9	20.21725030328026
728	1728	2728	9	11.237925258189966
729	1729	2729	9	7.244035076599249
730	1730	2730	9	11.167881380967405
731	1731	2731	9	11.560197383533447
732	1732	2732	9	10.571627926236406
733	1733	2733	9	10.00720913492204
734	1734	2734	9	8.991471984172588
735	1735	2735	9	11.168321845461119
736	1736	2736	9	9.248821845843226
737	1737	2737	9	9.84915132437343
738	1738	2738	9	9.66517553642528
739	1739	2739	9	10.290187647493502
740	1740	2740	9	14.694883624621784
741	1741	2741	9	10.390969216467502
742	1742	2742	9	9.249595602365854
743	1743	2743	9	9.779908453997571
744	1744	2744	9	14.569131011432848
745	1745	2745	9	9.660484190384908
746	1746	2746	9	8.423112034883248
747	1747	2747	9	11.064095318939081
748	1748	2748	9	14.59876026877221
749	1749	2749	9	8.212814476664986
750	1750	2750	9	9.497531035734074
751	1751	2751	9	8.484600690451316
752	1752	2752	9	9.925299697928445
753	1753	2753	9	10.647452710716044
754	1754	2754	9	8.725029380349856
755	1755	2755	9	15.975566155683067
756	1756	2756	9	9.837035019497915
757	1757	2757	9	10.669537579992388
758	1758	2758	9	12.368939324406021
759	1759	2759	9	10.900225967954613
760	1760	2760	9	15.201447076704785
761	1761	2761	9	11.878367396315111
762	1762	2762	9	9.398385300570546
763	1763	2763	9	9.433716297668568
764	1764	2764	9	13.54516178835221
765	1765	2765	9	9.594210261598642
766	1766	2766	9	16.083585807638975
767	1767	2767	9	10.530711231305721
768	1768	2768	9	9.464928066811819
769	1769	2769	9	8.958513330316311
770	1770	2770	9	10.576752931978644
771	1771	2771	9	8.737736616269745
772	1772	2772	9	9.499620369303887
773	1773	2773	9	9.935788327497665
774	1774	2774	9	10.315350822984804
775	1775	2775	9	11.93215779278423
776	1776	2776	9	10.258166486524098
777	1777	2777	9	9.870489430257692
778	1778	2778	9	9.159511397571313
779	1779	2779	9	11.987579930621017
780	1780	2780	9	14.667269105386012
781	1781	2781	9	11.233955694247973
782	1782	2782	9	11.720503363435535
783	1783	2783	9	10.643212952102946
784	1784	2784	9	9.050216602987545
785	1785	2785	9	11.075633222801143
786	1786	2786	9	9.0255104822352
787	1787	2787	9	8.827776517970365
788	1788	2788	9	9.247498659106842
789	1789	2789	9	10.68309595563024
790	1790	2790	9	10.930613368828029
791	1791	2791	9	10.25751614341689
792	1792	2792	9	9.684376152319624
793	1793	2793	9	10.070797521698308
794	1794	2794	9	9.429022178343189
795	1795	2795	9	9.31589033638229
796	1796	2796	9	10.304938623927313
797	1797	2797	9	8.84705842152404
798	1798	2798	9	10.437167296946091
799	1799	2799	9	9.790663373010847
800	1800	2800	9	11.561121211260499
801	1801	2801	9	8.617130767137128
802	1802	2802	9	10.39893033083637
803	1803	2803	9	8.951228527775585
804	1804	2804	9	15.341558832016986
805	1805	2805	9	9.386757031078478
806	1806	2806	9	7.634968146833836
807	1807	2807	9	13.58435683776063
808	1808	2808	9	14.094660778843826
809	1809	2809	9	10.515092432743923
810	1810	2810	9	15.658402850647146
811	1811	2811	9	11.769562575388068
812	1812	2812	9	9.402210951734903
813	1813	2813	9	10.565238913814106
814	1814	2814	9	9.912013444171944
815	1815	2815	9	10.994250301876203
816	1816	2816	9	10.01275836887235
817	1817	2817	9	11.177677031848262
818	1818	2818	9	9.325443885289044
819	1819	2819	9	10.130939505988135
820	1820	2820	9	14.522552797459301
821	1821	2821	9	11.01129577544482
822	1822	2822	9	9.140573223953982
823	1823	2823	9	14.405975013907698
824	1824	2824	9	15.401091245033133
825	1825	2825	9	9.185885026102875
826	1826	2826	9	10.122140194318657
827	1827	2827	9	9.887875654722174
828	1828	2828	9	10.859967184796162
829	1829	2829	9	7.485686481118605
830	1830	2830	9	16.11995922538984
831	1831	2831	9	16.511521468597394
832	1832	2832	9	11.899749491002554
833	1833	2833	9	15.26386339020262
834	1834	2834	9	10.99151747961046
835	1835	2835	9	13.868001452027338
836	1836	2836	9	8.323460027089022
837	1837	2837	9	10.827593062911173
838	1838	2838	9	9.66694282833746
839	1839	2839	9	15.495120324329916
840	1840	2840	9	16.570477170175494
841	1841	2841	9	9.412322810036962
842	1842	2842	9	12.467949601010575
843	1843	2843	9	11.029038318931123
844	1844	2844	9	8.332649322318806
845	1845	2845	9	9.193304208127978
846	1846	2846	9	9.357646998108667
847	1847	2847	9	15.026939601065697
848	1848	2848	9	13.330973722785252
849	1849	2849	9	12.654523601249752
850	1850	2850	9	11.384295823251792
851	1851	2851	9	10.728485085774656
852	1852	2852	9	10.311118126172557
853	1853	2853	9	9.693907719662825
854	1854	2854	9	9.482738713639336
855	1855	2855	9	11.44736935290591
856	1856	2856	9	10.734238257131446
857	1857	2857	9	11.691347242240719
858	1858	2858	9	15.196044385878634
859	1859	2859	9	8.887522573541483
860	1860	2860	9	11.202922483124286
861	1861	2861	9	9.655616467746047
862	1862	2862	9	9.573134711747944
863	1863	2863	9	10.678301572875162
864	1864	2864	9	10.222161425370373
865	1865	2865	9	10.085741810448502
866	1866	2866	9	10.565010956683425
867	1867	2867	9	11.00233973692555
868	1868	2868	9	9.321810564727397
869	1869	2869	9	9.738778948864566
870	1870	2870	9	9.883386309132375
871	1871	2871	9	9.534599967412689
872	1872	2872	9	9.225504102590332
873	1873	2873	9	9.864394845435992
874	1874	2874	9	9.284343370614474
875	1875	2875	9	10.074321659753782
876	1876	2876	9	7.998412650136212
877	1877	2877	9	11.152280614241674
878	1878	2878	9	8.582890919463196
879	1879	2879	9	8.739509210549732
880	1880	2880	9	10.315251859310491
881	1881	2881	9	13.639302571320842
882	1882	2882	9	15.684429624605784
883	1883	2883	9	8.788057099065217
884	1884	2884	9	9.925487213269925
885	1885	2885	9	10.281976312382207
886	1886	2886	9	9.29921559108001
887	1887	2887	9	10.973557760160746
888	1888	2888	9	9.692004370873283
889	1889	2889	9	15.82078396092368
890	1890	2890	9	10.31802563088198
891	1891	2891	9	7.763742572256104
892	1892	2892	9	12.478023346098059
893	1893	2893	9	10.720346030204587
894	1894	2894	9	14.937602490349132
895	1895	2895	9	16.069074586416697
896	1896	2896	9	9.781329340801655
897	1897	2897	9	10.454117198602754
898	1898	2898	9	7.923597506582706
899	1899	2899	9	15.338043532001887
900	1900	2900	9	8.707964971810675
901	1901	2901	9	9.117143053826458
902	1902	2902	9	11.336924314054336
903	1903	2903	9	10.200735262943882
904	1904	2904	9	15.602541078912747
905	1905	2905	9	9.31920632574018
906	1906	2906	9	9.137556514648994
907	1907	2907	9	9.25467034516339
908	1908	2908	9	11.508417948871704
909	1909	2909	9	9.548901827170164
910	1910	2910	9	11.343476490926246
911	1911	2911	9	13.975187559435268
912	1912	2912	9	10.564454102912112
913	1913	2913	9	10.882769783981358
914	1914	2914	9	15.99627806638471
915	1915	2915	9	12.054787360263438
916	1916	2916	9	9.435916325076695
917	1917	2917	9	10.628278625375161
918	1918	2918	9	11.40902728450989
919	1919	2919	9	10.169091319565279
920	1920	2920	9	8.533178373672664
921	1921	2921	9	9.966142450982492
922	1922	2922	9	10.272382233593943
923	1923	2923	9	24.389894427208528
924	1924	2924	9	12.20879473763213
925	1925	2925	9	10.734281017583735
926	1926	2926	9	10.536004219216299
927	1927	2927	9	10.255711843213716
928	1928	2928	9	10.484862978647548
929	1929	2929	9	11.44353078280352
930	1930	2930	9	10.254827094429494
931	1931	2931	9	9.92181717064743
932	1932	2932	9	11.349069422951455
933	1933	2933	9	9.603406124927542
934	1934	2934	9	8.232148872978296
935	1935	2935	9	12.583022704441856
936	1936	2936	9	9.398965900228301
937	1937	2937	9	6.408495045513574
938	1938	2938	9	9.029092093787227
939	1939	2939	9	7.838083288208193
940	1940	2940	9	5.936030264474654
941	1941	2941	9	10.211255073474028
942	1942	2942	9	10.321547862872917
943	1943	2943	9	10.364561435770135
944	1944	2944	9	11.168637758169771
945	1945	2945	9	20.326891189682662
946	1946	2946	9	10.708209021305162
947	1947	2947	9	9.267380216719864
948	1948	2948	9	8.2581542177662
949	1949	2949	9	9.608614664537836
950	1950	2950	9	15.131293058288417
951	1951	2951	9	9.681032859638439
952	1952	2952	9	10.470570441729413
953	1953	2953	9	8.861803588490456
954	1954	2954	9	9.873325149827686
955	1955	2955	9	10.156327922360466
956	1956	2956	9	9.71023560977275
957	1957	2957	9	10.47633652086803
958	1958	2958	9	10.020154408987466
959	1959	2959	9	9.727083860037414
960	1960	2960	9	9.274386926870008
961	1961	2961	9	10.129422568868018
962	1962	2962	9	11.44227611689752
963	1963	2963	9	9.083444966539485
964	1964	2964	9	7.90283331579069
965	1965	2965	9	9.22761719240274
966	1966	2966	9	10.71344741843982
967	1967	2967	9	23.762991187564456
968	1968	2968	9	15.108487908510279
969	1969	2969	9	14.385262321132872
970	1970	2970	9	9.364705015279805
971	1971	2971	9	10.768196659808083
972	1972	2972	9	10.371430063872673
973	1973	2973	9	9.317355953954564
974	1974	2974	9	10.585342344937986
975	1975	2975	9	9.6062758154733
976	1976	2976	9	10.427278138313989
977	1977	2977	9	23.03216255949073
978	1978	2978	9	9.649929529944199
979	1979	2979	9	10.585659254267043
980	1980	2980	9	11.18475772898684
981	1981	2981	9	11.217919765772606
982	1982	2982	9	9.503644385352324
983	1983	2983	9	9.08178091182635
984	1984	2984	9	10.311201645362297
985	1985	2985	9	8.665611209341622
986	1986	2986	9	9.186561320501408
987	1987	2987	9	10.228855916740356
988	1988	2988	9	11.085470641427905
989	1989	2989	9	10.822562215658674
990	1990	2990	9	13.109586638881765
991	1991	2991	9	9.043745786310415
992	1992	2992	9	11.381445410342979
993	1993	2993	9	15.110885257029247
994	1994	2994	9	15.38774347712399
995	1995	2995	9	10.348931112318446
996	1996	2996	9	10.570621538551254
997	1997	2997	9	11.254990671457703
998	1998	2998	9	10.165025497555316
999	1999	2999	9	9.553082923524496
1000	2000	3000	9	9.907147316271756
