0.001420455
0.002840909
0.004261364
0.005681818
0.007102273
0.008522727
0.009943182
0.011363636
0.012784091
0.014204545
0.015625
0.017045455
0.018465909
0.019886364
0.021306818
0.022727273
0.024147727
0.025568182
0.026988636
0.028409091
0.029829545
0.03125
0.032670455
0.034090909
0.035511364
0.036931818
0.038352273
0.039772727
0.041193182
0.042613636
0.044034091
0.045454545
0.046875
0.048295455
0.049715909
0.051136364
0.052556818
0.053977273
0.055397727
0.056818182
0.058238636
0.059659091
0.061079545
0.0625
0.063920455
0.065340909
0.066761364
0.068181818
0.069602273
0.071022727
0.072443182
0.073863636
0.075284091
0.076704545
0.078125
0.079545455
0.080965909
0.082386364
0.083806818
0.085227273
0.086647727
0.088068182
0.089488636
0.090909091
0.092329545
0.09375
0.095170455
0.096590909
0.098011364
0.099431818
0.100852273
0.102272727
0.103693182
0.105113636
0.106534091
0.107954545
0.109375
0.110795455
0.112215909
0.113636364
0.115056818
0.116477273
0.117897727
0.119318182
0.120738636
0.122159091
0.123579545
0.125
0.126420455
0.127840909
0.129261364
0.130681818
0.132102273
0.133522727
0.134943182
0.136363636
0.137784091
0.139204545
0.140625
0.142045455
0.143465909
0.144886364
0.146306818
0.147727273
0.149147727
0.150568182
0.151988636
0.153409091
0.154829545
0.15625
0.157670455
0.159090909
0.160511364
0.161931818
0.163352273
0.164772727
0.166193182
0.167613636
0.169034091
0.170454545
0.171875
0.173295455
0.174715909
0.176136364
0.177556818
0.178977273
0.180397727
0.181818182
0.183238636
0.184659091
0.186079545
0.1875
0.188920455
0.190340909
0.191761364
0.193181818
0.194602273
0.196022727
0.197443182
0.198863636
0.200284091
0.201704545
0.203125
0.204545455
0.205965909
0.207386364
0.208806818
0.210227273
0.211647727
0.213068182
0.214488636
0.215909091
0.217329545
0.21875
0.220170455
0.221590909
0.223011364
0.224431818
0.225852273
0.227272727
0.228693182
0.230113636
0.231534091
0.232954545
0.234375
0.235795455
0.237215909
0.238636364
0.240056818
0.241477273
0.242897727
0.244318182
0.245738636
0.247159091
0.248579545
0.25
0.251420455
0.252840909
0.254261364
0.255681818
0.257102273
0.258522727
0.259943182
0.261363636
0.262784091
0.264204545
0.265625
0.267045455
0.268465909
0.269886364
0.271306818
0.272727273
0.274147727
0.275568182
0.276988636
0.278409091
0.279829545
0.28125
0.282670455
0.284090909
0.285511364
0.286931818
0.288352273
0.289772727
0.291193182
0.292613636
0.294034091
0.295454545
0.296875
0.298295455
0.299715909
0.301136364
0.302556818
0.303977273
0.305397727
0.306818182
0.308238636
0.309659091
0.311079545
0.3125
0.313920455
0.315340909
0.316761364
0.318181818
0.319602273
0.321022727
0.322443182
0.323863636
0.325284091
0.326704545
0.328125
0.329545455
0.330965909
0.332386364
0.333806818
0.335227273
0.336647727
0.338068182
0.339488636
0.340909091
0.342329545
0.34375
0.345170455
0.346590909
0.348011364
0.349431818
0.350852273
0.352272727
0.353693182
0.355113636
0.356534091
0.357954545
0.359375
0.360795455
0.362215909
0.363636364
0.365056818
0.366477273
0.367897727
0.369318182
0.370738636
0.372159091
0.373579545
0.375
0.376420455
0.377840909
0.379261364
0.380681818
0.382102273
0.383522727
0.384943182
0.386363636
0.387784091
0.389204545
0.390625
0.392045455
0.393465909
0.394886364
0.396306818
0.397727273
0.399147727
0.400568182
0.401988636
0.403409091
0.404829545
0.40625
0.407670455
0.409090909
0.410511364
0.411931818
0.413352273
0.414772727
0.416193182
0.417613636
0.419034091
0.420454545
0.421875
0.423295455
0.424715909
0.426136364
0.427556818
0.428977273
0.430397727
0.431818182
0.433238636
0.434659091
0.436079545
0.4375
0.438920455
0.440340909
0.441761364
0.443181818
0.444602273
0.446022727
0.447443182
0.448863636
0.450284091
0.451704545
0.453125
0.454545455
0.455965909
0.457386364
0.458806818
0.460227273
0.461647727
0.463068182
0.464488636
0.465909091
0.467329545
0.46875
0.470170455
0.471590909
0.473011364
0.474431818
0.475852273
0.477272727
0.478693182
0.480113636
0.481534091
0.482954545
0.484375
0.485795455
0.487215909
0.488636364
0.490056818
0.491477273
0.492897727
0.494318182
0.495738636
0.497159091
0.498579545
0.5
0.501420455
0.502840909
0.504261364
0.505681818
0.507102273
0.508522727
0.509943182
0.511363636
0.512784091
0.514204545
0.515625
0.517045455
0.518465909
0.519886364
0.521306818
0.522727273
0.524147727
0.525568182
0.526988636
0.528409091
0.529829545
0.53125
0.532670455
0.534090909
0.535511364
0.536931818
0.538352273
0.539772727
0.541193182
0.542613636
0.544034091
0.545454545
0.546875
0.548295455
0.549715909
0.551136364
0.552556818
0.553977273
0.555397727
0.556818182
0.558238636
0.559659091
0.561079545
0.5625
0.563920455
0.565340909
0.566761364
0.568181818
0.569602273
0.571022727
0.572443182
0.573863636
0.575284091
0.576704545
0.578125
0.579545455
0.580965909
0.582386364
0.583806818
0.585227273
0.586647727
0.588068182
0.589488636
0.590909091
0.592329545
0.59375
0.595170455
0.596590909
0.598011364
0.599431818
0.600852273
0.602272727
0.603693182
0.605113636
0.606534091
0.607954545
0.609375
0.610795455
0.612215909
0.613636364
0.615056818
0.616477273
0.617897727
0.619318182
0.620738636
0.622159091
0.623579545
0.625
0.626420455
0.627840909
0.629261364
0.630681818
0.632102273
0.633522727
0.634943182
0.636363636
0.637784091
0.639204545
0.640625
0.642045455
0.643465909
0.644886364
0.646306818
0.647727273
0.649147727
0.650568182
0.651988636
0.653409091
0.654829545
0.65625
0.657670455
0.659090909
0.660511364
0.661931818
0.663352273
0.664772727
0.666193182
0.667613636
0.669034091
0.670454545
0.671875
0.673295455
0.674715909
0.676136364
0.677556818
0.678977273
0.680397727
0.681818182
0.683238636
0.684659091
0.686079545
0.6875
0.688920455
0.690340909
0.691761364
0.693181818
0.694602273
0.696022727
0.697443182
0.698863636
0.700284091
0.701704545
0.703125
0.704545455
0.705965909
0.707386364
0.708806818
0.710227273
0.711647727
0.713068182
0.714488636
0.715909091
0.717329545
0.71875
0.720170455
0.721590909
0.723011364
0.724431818
0.725852273
0.727272727
0.728693182
0.730113636
0.731534091
0.732954545
0.734375
0.735795455
0.737215909
0.738636364
0.740056818
0.741477273
0.742897727
0.744318182
0.745738636
0.747159091
0.748579545
0.75
0.751420455
0.752840909
0.754261364
0.755681818
0.757102273
0.758522727
0.759943182
0.761363636
0.762784091
0.764204545
0.765625
0.767045455
0.768465909
0.769886364
0.771306818
0.772727273
0.774147727
0.775568182
0.776988636
0.778409091
0.779829545
0.78125
0.782670455
0.784090909
0.785511364
0.786931818
0.788352273
0.789772727
0.791193182
0.792613636
0.794034091
0.795454545
0.796875
0.798295455
0.799715909
0.801136364
0.802556818
0.803977273
0.805397727
0.806818182
0.808238636
0.809659091
0.811079545
0.8125
0.813920455
0.815340909
0.816761364
0.818181818
0.819602273
0.821022727
0.822443182
0.823863636
0.825284091
0.826704545
0.828125
0.829545455
0.830965909
0.832386364
0.833806818
0.835227273
0.836647727
0.838068182
0.839488636
0.840909091
0.842329545
0.84375
0.845170455
0.846590909
0.848011364
0.849431818
0.850852273
0.852272727
0.853693182
0.855113636
0.856534091
0.857954545
0.859375
0.860795455
0.862215909
0.863636364
0.865056818
0.866477273
0.867897727
0.869318182
0.870738636
0.872159091
0.873579545
0.875
0.876420455
0.877840909
0.879261364
0.880681818
0.882102273
0.883522727
0.884943182
0.886363636
0.887784091
0.889204545
0.890625
0.892045455
0.893465909
0.894886364
0.896306818
0.897727273
0.899147727
0.900568182
0.901988636
0.903409091
0.904829545
0.90625
0.907670455
0.909090909
0.910511364
0.911931818
0.913352273
0.914772727
0.916193182
0.917613636
0.919034091
0.920454545
0.921875
0.923295455
0.924715909
0.926136364
0.927556818
0.928977273
0.930397727
0.931818182
0.933238636
0.934659091
0.936079545
0.9375
0.938920455
0.940340909
0.941761364
0.943181818
0.944602273
0.946022727
0.947443182
0.948863636
0.950284091
0.951704545
0.953125
0.954545455
0.955965909
0.957386364
0.958806818
0.960227273
0.961647727
0.963068182
0.964488636
0.965909091
0.967329545
0.96875
0.970170455
0.971590909
0.973011364
0.974431818
0.975852273
0.977272727
0.978693182
0.980113636
0.981534091
0.982954545
0.984375
0.985795455
0.987215909
0.988636364
0.990056818
0.991477273
0.992897727
0.994318182
0.995738636
0.997159091
0.998579545
1
1.001420455
1.002840909
1.004261364
1.005681818
1.007102273
1.008522727
1.009943182
1.011363636
1.012784091
1.014204545
1.015625
1.017045455
1.018465909
1.019886364
1.021306818
1.022727273
1.024147727
1.025568182
1.026988636
1.028409091
1.029829545
1.03125
1.032670455
1.034090909
1.035511364
1.036931818
1.038352273
1.039772727
1.041193182
1.042613636
1.044034091
1.045454545
1.046875
1.048295455
1.049715909
1.051136364
1.052556818
1.053977273
1.055397727
1.056818182
1.058238636
1.059659091
1.061079545
1.0625
1.063920455
1.065340909
1.066761364
1.068181818
1.069602273
1.071022727
1.072443182
1.073863636
1.075284091
1.076704545
1.078125
1.079545455
1.080965909
1.082386364
1.083806818
1.085227273
1.086647727
1.088068182
1.089488636
1.090909091
1.092329545
1.09375
1.095170455
1.096590909
1.098011364
1.099431818
1.100852273
1.102272727
1.103693182
1.105113636
1.106534091
1.107954545
1.109375
1.110795455
1.112215909
1.113636364
1.115056818
1.116477273
1.117897727
1.119318182
1.120738636
1.122159091
1.123579545
1.125
1.126420455
1.127840909
1.129261364
1.130681818
1.132102273
1.133522727
1.134943182
1.136363636
1.137784091
1.139204545
1.140625
1.142045455
1.143465909
1.144886364
1.146306818
1.147727273
1.149147727
1.150568182
1.151988636
1.153409091
1.154829545
1.15625
1.157670455
1.159090909
1.160511364
1.161931818
1.163352273
1.164772727
1.166193182
1.167613636
1.169034091
1.170454545
1.171875
1.173295455
1.174715909
1.176136364
1.177556818
1.178977273
1.180397727
1.181818182
1.183238636
1.184659091
1.186079545
1.1875
1.188920455
1.190340909
1.191761364
1.193181818
1.194602273
1.196022727
1.197443182
1.198863636
1.200284091
1.201704545
1.203125
1.204545455
1.205965909
1.207386364
1.208806818
1.210227273
1.211647727
1.213068182
1.214488636
1.215909091
1.217329545
1.21875
1.220170455
1.221590909
1.223011364
1.224431818
1.225852273
1.227272727
1.228693182
1.230113636
1.231534091
1.232954545
1.234375
1.235795455
1.237215909
1.238636364
1.240056818
1.241477273
1.242897727
1.244318182
1.245738636
1.247159091
1.248579545
1.25
1.251420455
1.252840909
1.254261364
1.255681818
1.257102273
1.258522727
1.259943182
1.261363636
1.262784091
1.264204545
1.265625
1.267045455
1.268465909
1.269886364
1.271306818
1.272727273
1.274147727
1.275568182
1.276988636
1.278409091
1.279829545
1.28125
1.282670455
1.284090909
1.285511364
1.286931818
1.288352273
1.289772727
1.291193182
1.292613636
1.294034091
1.295454545
1.296875
1.298295455
1.299715909
1.301136364
1.302556818
1.303977273
1.305397727
1.306818182
1.308238636
1.309659091
1.311079545
1.3125
1.313920455
1.315340909
1.316761364
1.318181818
1.319602273
1.321022727
1.322443182
1.323863636
1.325284091
1.326704545
1.328125
1.329545455
1.330965909
1.332386364
1.333806818
1.335227273
1.336647727
1.338068182
1.339488636
1.340909091
1.342329545
1.34375
1.345170455
1.346590909
1.348011364
1.349431818
1.350852273
1.352272727
1.353693182
1.355113636
1.356534091
1.357954545
1.359375
1.360795455
1.362215909
1.363636364
1.365056818
1.366477273
1.367897727
1.369318182
1.370738636
1.372159091
1.373579545
1.375
1.376420455
1.377840909
1.379261364
1.380681818
1.382102273
1.383522727
1.384943182
1.386363636
1.387784091
1.389204545
1.390625
1.392045455
1.393465909
1.394886364
1.396306818
1.397727273
1.399147727
1.400568182
1.401988636
1.403409091
1.404829545
1.40625
1.407670455
1.409090909
1.410511364
1.411931818
1.413352273
1.414772727
1.416193182
1.417613636
1.419034091
1.420454545
1.421875
1.423295455
1.424715909
1.426136364
1.427556818
1.428977273
1.430397727
1.431818182
1.433238636
1.434659091
1.436079545
1.4375
1.438920455
1.440340909
1.441761364
1.443181818
1.444602273
1.446022727
1.447443182
1.448863636
1.450284091
1.451704545
1.453125
1.454545455
1.455965909
1.457386364
1.458806818
1.460227273
1.461647727
1.463068182
1.464488636
1.465909091
1.467329545
1.46875
1.470170455
1.471590909
1.473011364
1.474431818
1.475852273
1.477272727
1.478693182
1.480113636
1.481534091
1.482954545
1.484375
1.485795455
1.487215909
1.488636364
1.490056818
1.491477273
1.492897727
1.494318182
1.495738636
1.497159091
1.498579545
1.5
1.501420455
1.502840909
1.504261364
1.505681818
1.507102273
1.508522727
1.509943182
1.511363636
1.512784091
1.514204545
1.515625
1.517045455
1.518465909
1.519886364
1.521306818
1.522727273
1.524147727
1.525568182
1.526988636
1.528409091
1.529829545
1.53125
1.532670455
1.534090909
1.535511364
1.536931818
1.538352273
1.539772727
1.541193182
1.542613636
1.544034091
1.545454545
1.546875
1.548295455
1.549715909
1.551136364
1.552556818
1.553977273
1.555397727
1.556818182
1.558238636
1.559659091
1.561079545
1.5625
1.563920455
1.565340909
1.566761364
1.568181818
1.569602273
1.571022727
1.572443182
1.573863636
1.575284091
1.576704545
1.578125
1.579545455
1.580965909
1.582386364
1.583806818
1.585227273
1.586647727
1.588068182
1.589488636
1.590909091
1.592329545
1.59375
1.595170455
1.596590909
1.598011364
1.599431818
1.600852273
1.602272727
1.603693182
1.605113636
1.606534091
1.607954545
1.609375
1.610795455
1.612215909
1.613636364
1.615056818
1.616477273
1.617897727
1.619318182
1.620738636
1.622159091
1.623579545
1.625
1.626420455
1.627840909
1.629261364
1.630681818
1.632102273
1.633522727
1.634943182
1.636363636
1.637784091
1.639204545
1.640625
1.642045455
1.643465909
1.644886364
1.646306818
1.647727273
1.649147727
1.650568182
1.651988636
1.653409091
1.654829545
1.65625
1.657670455
1.659090909
1.660511364
1.661931818
1.663352273
1.664772727
1.666193182
1.667613636
1.669034091
1.670454545
1.671875
1.673295455
1.674715909
1.676136364
1.677556818
1.678977273
1.680397727
1.681818182
1.683238636
1.684659091
1.686079545
1.6875
1.688920455
1.690340909
1.691761364
1.693181818
1.694602273
1.696022727
1.697443182
1.698863636
1.700284091
1.701704545
1.703125
1.704545455
1.705965909
1.707386364
1.708806818
1.710227273
1.711647727
1.713068182
1.714488636
1.715909091
1.717329545
1.71875
1.720170455
1.721590909
1.723011364
1.724431818
1.725852273
1.727272727
1.728693182
1.730113636
1.731534091
1.732954545
1.734375
1.735795455
1.737215909
1.738636364
1.740056818
1.741477273
1.742897727
1.744318182
1.745738636
1.747159091
1.748579545
1.75
1.751420455
1.752840909
1.754261364
1.755681818
1.757102273
1.758522727
1.759943182
1.761363636
1.762784091
1.764204545
1.765625
1.767045455
1.768465909
1.769886364
1.771306818
1.772727273
1.774147727
1.775568182
1.776988636
1.778409091
1.779829545
1.78125
1.782670455
1.784090909
1.785511364
1.786931818
1.788352273
1.789772727
1.791193182
1.792613636
1.794034091
1.795454545
1.796875
1.798295455
1.799715909
1.801136364
1.802556818
1.803977273
1.805397727
1.806818182
1.808238636
1.809659091
1.811079545
1.8125
1.813920455
1.815340909
1.816761364
1.818181818
1.819602273
1.821022727
1.822443182
1.823863636
1.825284091
1.826704545
1.828125
1.829545455
1.830965909
1.832386364
1.833806818
1.835227273
1.836647727
1.838068182
1.839488636
1.840909091
1.842329545
1.84375
1.845170455
1.846590909
1.848011364
1.849431818
1.850852273
1.852272727
1.853693182
1.855113636
1.856534091
1.857954545
1.859375
1.860795455
1.862215909
1.863636364
1.865056818
1.866477273
1.867897727
1.869318182
1.870738636
1.872159091
1.873579545
1.875
1.876420455
1.877840909
1.879261364
1.880681818
1.882102273
1.883522727
1.884943182
1.886363636
1.887784091
1.889204545
1.890625
1.892045455
1.893465909
1.894886364
1.896306818
1.897727273
1.899147727
1.900568182
1.901988636
1.903409091
1.904829545
1.90625
1.907670455
1.909090909
1.910511364
1.911931818
1.913352273
1.914772727
1.916193182
1.917613636
1.919034091
1.920454545
1.921875
1.923295455
1.924715909
1.926136364
1.927556818
1.928977273
1.930397727
1.931818182
1.933238636
1.934659091
1.936079545
1.9375
1.938920455
1.940340909
1.941761364
1.943181818
1.944602273
1.946022727
1.947443182
1.948863636
1.950284091
1.951704545
1.953125
1.954545455
1.955965909
1.957386364
1.958806818
1.960227273
1.961647727
1.963068182
1.964488636
1.965909091
1.967329545
1.96875
1.970170455
1.971590909
1.973011364
1.974431818
1.975852273
1.977272727
1.978693182
1.980113636
1.981534091
1.982954545
1.984375
1.985795455
1.987215909
1.988636364
1.990056818
1.991477273
1.992897727
1.994318182
1.995738636
1.997159091
1.998579545
