snp_0 snp_1 eff chi p_val
0 201 0.26602340246302086 43.645264129033826 3.936285344851921e-11
6 201 0.1832177183497353 21.454222475072097 3.623771532274569e-06
7 201 0.22624411170903558 44.028210667297884 3.2367703513708344e-11
7 771 0.22585317078970663 23.909217098166504 1.0098709374444416e-06
8 201 0.18924701654506748 21.35366854392421 3.818892887037399e-06
10 201 0.3084555549433174 75.38633539747875 3.870594671612896e-18
10 348 0.3057758125284586 33.46920962720184 7.240114029635197e-09
10 504 0.30399237339418056 60.327138239302485 8.033217750456256e-15
10 738 0.31656493604006175 48.049299136530735 4.156361647611385e-12
10 771 0.3076846539871372 137.16893055238512 1.1075082596504983e-31
10 896 0.40562906844090546 22.485355613774196 2.11751790920646e-06
13 201 0.23508660408926532 31.026860940211854 2.5448210162378795e-08
16 201 -0.16667476892794864 19.528705254023297 9.909926997708019e-06
18 201 0.1840993884984281 22.136146009606815 2.539822169697135e-06
20 240 0.7242341328245029 22.25880561263024 2.3826361905545644e-06
27 201 0.276664548637377 67.0370721938111 2.6644915245722557e-16
27 771 0.2670881798046678 40.86374274171784 1.632214094087336e-10
29 201 0.18656227395346886 22.042994471139128 2.666109645417112e-06
30 201 0.19924345349325195 26.89099699826751 2.152592852750301e-07
31 127 -0.6936036946975844 23.383368329790578 1.3272109174123325e-06
31 240 -0.6028577485863295 21.581139240023035 3.3917082602891956e-06
37 201 0.1872235539228382 20.30787556720094 6.592865334958282e-06
39 310 0.3418865798323092 20.878409414296353 4.893796721333582e-06
39 311 0.3484985835334381 24.461823190731575 7.57969388907344e-07
41 67 0.6599170738620472 26.559533755991396 2.5554053825251616e-07
41 201 0.2357848961885937 30.113640539626072 4.0745516111644585e-08
41 313 0.3462955703490501 24.059769627305304 9.339121704866209e-07
41 373 0.644907098323912 20.69498779014361 5.385679342848879e-06
41 412 0.802718900757758 24.60804876392084 7.025767097326448e-07
41 771 0.2502290286531736 35.49698778238035 2.55445291869731e-09
42 310 0.2633084813926732 25.670218634273308 4.0502956858021216e-07
42 311 0.26428926684512294 26.179694835231906 3.1107639088403287e-07
42 334 0.3131740192387379 21.155488657193054 4.234866565527042e-06
42 722 0.35246199466418593 37.911733879316806 7.401871666039883e-10
42 790 0.37457099560567275 29.367479135067313 5.987402451121488e-08
42 826 0.3915120761464377 32.74196598734615 1.0524037775756351e-08
46 201 0.1773478399452114 20.10737247099564 7.321391084601959e-06
48 201 0.19656218329920422 24.526888503832147 7.328004099002809e-07
51 201 0.2760397001951752 66.86363545445178 2.909527776841849e-16
51 771 0.27936944534372865 34.65137713389814 3.9435949065840305e-09
56 201 0.17668615402422586 20.298083707582418 6.626692049862203e-06
59 127 0.7359697866422344 22.0516200011884 2.654155830875244e-06
59 201 0.1779444865005924 21.456589579958198 3.619300817077675e-06
59 240 0.7843807546105117 26.05219448593715 3.32310925012462e-07
62 201 0.29212042085666234 71.71538982066602 2.4858614011549562e-17
62 771 0.30328246384044893 37.17696865374974 1.0788041278607974e-09
67 113 -0.5909146110803769 21.57343589507152 3.405358579875027e-06
67 119 0.6134880761871677 22.490030320201914 2.1123709398607456e-06
67 127 0.9898152411945055 124.29095206152743 7.275392947585197e-29
67 130 0.7471961487720729 32.95292867661298 9.44174070961357e-09
67 175 0.3972923091451846 19.928627328937345 8.0387567282977e-06
67 182 0.5761391546888162 22.43496797803279 2.173801010296953e-06
67 191 0.5407658687516865 28.713477180373783 8.391768971963442e-08
67 195 -0.6099337777296805 23.156683204827857 1.493233233767885e-06
67 198 0.7591375281862017 35.37561833464836 2.718689674157819e-09
67 200 0.807749610566556 39.25768127764898 3.714043783350315e-10
67 201 0.29636431697077104 47.590935103338644 5.2510734363095766e-12
67 203 0.7746873679567319 36.14295234916717 1.8336041395659208e-09
67 214 0.7932553591209396 37.71101419020303 8.204003089689846e-10
67 228 0.6809702567738614 29.223855821304472 6.448040655934313e-08
67 229 0.5839293272264584 35.78009116819558 2.2089367477574557e-09
67 240 0.8190741206502803 90.45258739398676 1.89463000748543e-21
67 242 0.5872792512216515 22.24479807332565 2.4000812687342394e-06
67 284 -0.6432302045301272 29.787959166826035 4.819761468256605e-08
67 301 0.21824430961412344 30.742865127041775 2.9458501681069304e-08
67 308 -0.6043214130517434 23.033626196597883 1.591925172046356e-06
67 310 0.3899686764699251 36.0143596751332 1.9586875262619526e-09
67 311 0.38798903585758304 48.223855700840076 3.802341962666267e-12
67 313 0.24354769195611292 30.731818596298332 2.9626681711977854e-08
67 331 -0.6244682117619661 24.07625709010194 9.259497993866101e-07
67 332 0.5890327727584038 21.433806291738936 3.6625620068887357e-06
67 342 0.4038335487009148 45.20423946890304 1.7752038255323032e-11
67 351 0.8198399102819602 47.11484524983796 6.6946700148997986e-12
67 353 -0.6563414886327472 30.947205577847054 2.651435682751732e-08
67 373 0.7112628536722931 63.50206183107847 1.6019905820578747e-15
67 383 0.604576517920789 28.621660711977743 8.799236169673053e-08
67 393 0.8213131124956615 57.64642901433952 3.137320219146845e-14
67 412 0.5951516641780433 29.497958279041622 5.597563859439384e-08
67 413 -0.5368057598655189 20.05668322069807 7.518033898236202e-06
67 421 -0.5767632195396678 20.61282175882989 5.621834029293963e-06
67 423 -0.5858503692665776 21.293530166324224 3.940592375539372e-06
67 443 0.7108974985180292 31.20409398776888 2.3227570355383423e-08
67 447 0.4126053811588208 25.005535332656667 5.716596128176785e-07
67 450 0.37667580343179063 23.97613730719202 9.753711228230127e-07
67 483 0.8807903422115778 46.18009160006345 1.0786749925037882e-11
67 518 -0.5295816132240503 22.408826507432508 2.203589889600645e-06
67 532 -0.034953227378373475 22.258229394407216 2.3833513012524274e-06
67 541 0.47439645858740653 28.398224270906088 9.875585016336641e-08
67 543 0.3991675239230409 23.247168506987542 1.4246003347795331e-06
67 550 0.707247350010636 30.591586723325523 3.1847175569411434e-08
67 558 0.6488672057748821 30.553863745489853 3.247245321731196e-08
67 571 -0.7213545713325027 32.36041996369175 1.2806862047192627e-08
67 617 -0.5900805852817963 21.45355357489409 3.6250358778191296e-06
67 622 -0.6357106702716373 24.942831126608247 5.905571585867904e-07
67 635 0.34915376278918114 28.230504388116252 1.0769388058226763e-07
67 656 -0.7132453546927028 31.512216406795762 1.9818944499027895e-08
67 692 0.6722384692618333 27.50931706003688 1.5633954283646144e-07
67 707 0.5747943960740038 19.941519898156844 7.98473167357239e-06
67 715 0.7482489211506601 35.54736622856496 2.48923386797732e-09
67 753 0.7100281703486082 38.0161552932998 7.016126781425055e-10
67 771 0.28958065654975906 64.43233327352677 9.990514827284847e-16
67 790 0.3922158606822036 21.058903556494 4.453784839529574e-06
67 839 0.590227365391102 21.550946363466288 3.4455262121958655e-06
67 844 0.5847019711332353 20.806231972235665 5.081733627707824e-06
67 855 -0.6783367789901175 28.863041513252647 7.768108957317429e-08
67 873 0.6570141859582889 26.41573061196187 2.7528938051398743e-07
67 893 -0.5456208395922455 20.1290174448716 7.239002992953141e-06
67 928 -0.722916160480251 32.434865656336406 1.2325512158096586e-08
67 942 0.5729677317643359 20.09800514142003 7.3573375192152845e-06
67 976 0.722659849127157 32.16911719039797 1.4131929125056233e-08
71 790 0.6266276701133943 19.976391956148593 7.840422939595716e-06
72 201 0.1737811484023265 20.167394702264193 7.095207318169777e-06
75 127 0.7675849536834545 23.39842866310317 1.3168606100946169e-06
75 240 0.7863582782463125 26.440477731575278 2.717849713617116e-07
82 201 0.19496822366922884 26.338560011161555 2.8651092983053145e-07
85 201 0.1967160825748453 24.18883597793757 8.733708470957204e-07
92 310 0.3822366702877575 22.135208003859223 2.5410634446055947e-06
92 311 0.3755095304835766 25.266987140768986 4.991798334526465e-07
92 635 0.38766417407788367 22.34850963352832 2.273894494764524e-06
95 201 0.20848172258406544 24.512695733703406 7.382181058191902e-07
98 191 0.7641974229907106 25.55227494523167 4.30558107874208e-07
101 201 0.2595453311700559 33.50512824166624 7.107634040359331e-09
101 310 0.34839977159190566 20.0157518223415 7.680685302537641e-06
101 311 0.36271559131379394 26.143463332689205 3.16968301304822e-07
101 771 0.27686054499909646 58.064819393403894 2.536216407312511e-14
103 127 0.7339616781290754 26.477691670043278 2.665991468364115e-07
106 201 0.20371396975839895 26.467137478071546 2.680597325066808e-07
107 201 0.1997937608533152 27.668816198092863 1.4396485988198613e-07
117 313 0.30617557594334927 19.97486974726861 7.846667199207042e-06
118 127 0.8147782222994757 27.032173646913257 2.0009703788368517e-07
118 240 0.748435791424521 23.88450411051373 1.0229185350350674e-06
119 201 0.2056618093945789 26.34967382461865 2.8486701374196216e-07
122 201 0.20792175757857853 24.18313923799251 8.75958072269125e-07
124 532 0.19212338939919332 27.857386933588742 1.305945174403302e-07
125 261 0.2931865681060777 24.724975055410653 6.612176617353473e-07
125 290 0.2884270758709025 19.53086734892612 9.898717222985047e-06
125 310 0.3142758505776527 71.64322940758804 2.5784531060480125e-17
125 311 0.3143594222343662 72.52785203275562 1.64691171529317e-17
125 406 0.3007958777915083 28.918483127376838 7.54891326147811e-08
125 635 0.28603695712449767 30.20333699011924 3.89039520172481e-08
125 884 0.3005854012101379 29.30019403630827 6.198948439151878e-08
127 142 0.7184680239872805 20.614211969771745 5.617753218887796e-06
127 147 0.7154431967132442 20.453866630639823 6.108601973591133e-06
127 157 0.8064354407338142 26.18874704511457 3.096215552856581e-07
127 169 -0.8136678562001982 33.46451472267056 7.25761220058508e-09
127 182 0.8330121801523922 31.563752915379254 1.9299864195813444e-08
127 191 0.6931582405396546 34.161140922609604 5.073195969399175e-09
127 195 -0.7531828632680666 23.654188393501837 1.1529470109480612e-06
127 200 0.9263327484101942 35.8052874457122 2.1805530748367324e-09
127 201 0.2670604523667386 109.9617926726923 9.9897764472251e-26
127 203 0.9117444674462767 34.70560896536677 3.835249813215951e-09
127 226 0.8052290188350038 32.514763902829074 1.1829047563314331e-08
127 228 1.1046021756814155 62.0372941368273 3.3701387179750858e-15
127 240 2.661678991473626 547.9126834209745 3.5815238477443437e-121
127 258 -0.8791058542084274 36.88646055162341 1.2521246250757878e-09
127 284 -0.7711424500834088 24.79003284520582 6.392717789942393e-07
127 302 -0.7246544187654701 21.095978358350916 4.368439725333287e-06
127 307 0.730377670763604 24.304643316664933 8.22405751867137e-07
127 310 0.29618193843136487 23.7980575340366 1.0699037850976275e-06
127 311 0.30803328474043834 31.02994739869738 2.540777506668629e-08
127 313 0.3708583223945038 33.86541004450387 5.905943663724312e-09
127 331 -0.835096556969471 28.566186725177182 9.054968638016781e-08
127 336 0.2582710413268515 24.58311088041421 7.11727990568268e-07
127 342 0.609498742562023 33.32615452458441 7.792749947957039e-09
127 347 0.3529909426573147 20.205123336634532 6.956637098805461e-06
127 373 0.4920877718624328 21.866402825135907 2.923071724719833e-06
127 383 0.8717891768193138 32.738880201540624 1.0540757965531285e-08
127 403 0.8110816766568938 26.935666397316034 2.1034126340592094e-07
127 404 0.8109801891772761 26.92302155968536 2.1172189710768226e-07
127 421 -0.9949589837075002 40.61119484496672 1.8573947248051959e-10
127 423 -1.0832841249690282 48.38654757752076 3.4996070060909042e-12
127 425 0.6155883866723726 21.58701383115424 3.381335401196635e-06
127 429 -0.7690092262101409 24.430797327564875 7.702744333780699e-07
127 488 -0.8212751938955734 28.906628069902677 7.595256832356164e-08
127 507 0.7826607728127192 26.19496744676352 3.086257922535966e-07
127 540 -0.7959754663219455 25.650224606359412 4.092478523216972e-07
127 541 0.591965292677312 34.54833492634446 4.15797069230901e-09
127 571 -0.7566969540959679 23.22004588277808 1.4448339452316446e-06
127 611 0.4594437953668965 20.835297854294215 5.0051955073413296e-06
127 614 0.7923923963602353 28.713533163668338 8.391526385263585e-08
127 633 -0.746332281171288 32.648344365174296 1.1043344534843727e-08
127 672 -0.713952324694107 20.644244144579286 5.530319307030067e-06
127 675 -0.8412158391359101 29.8574690395304 4.650020651205568e-08
127 692 0.7937814262890106 25.329405067779884 4.832848439545853e-07
127 707 0.7760463282606861 24.304081737328325 8.22645554420886e-07
127 722 0.3202063699278792 22.60792482306973 1.986634617923326e-06
127 753 0.6245827491895583 23.37481731874214 1.3331239267374965e-06
127 762 -0.8833913816193131 37.63825597822709 8.515784174704793e-10
127 765 0.8742223318634408 38.92476339971478 4.404576715787424e-10
127 771 0.2585287606158112 90.64494057139846 1.719110648206943e-21
127 873 0.7012813898190104 20.1170277726509 7.284524082593747e-06
127 874 0.7466931171473301 22.592232502943276 2.0029275310489216e-06
127 881 0.647790211725723 21.54630676436513 3.453871782621778e-06
127 903 0.7298638486511089 21.41025377194292 3.707829367670288e-06
127 918 -0.6888398179546034 21.2967617878057 3.933954821057694e-06
127 921 -0.7524791476490337 23.541129815186338 1.2227181146722594e-06
127 942 0.7657456394499043 23.404256026174124 1.3128774753243155e-06
127 950 -0.6204266149187654 21.291480193136064 3.944808720486795e-06
128 201 0.1976432981138711 30.10964730258684 4.082950224799677e-08
130 201 0.20504820829009343 28.93476550071743 7.485723964516125e-08
131 313 0.34341391365232776 23.078281431652382 1.5553771401691242e-06
134 201 0.1808052239665688 20.905777017305546 4.824374391241117e-06
139 201 0.19871429924047024 27.320657665546985 1.7236015114935526e-07
157 201 0.17623531687620328 20.515859819730526 5.913920248137328e-06
157 240 0.957041228498307 38.95520609212197 4.33642302135181e-10
165 541 0.5540593312801599 26.303905576926805 2.9169819626398816e-07
167 313 0.25663522526574684 25.892166060794718 3.610313582921145e-07
168 201 0.19510823729441845 28.039151866140934 1.1888567838695373e-07
169 240 -0.9548274848169662 46.94500018409467 7.300700021945029e-12
170 201 0.19609094096318777 24.46731906523573 7.558103319640264e-07
175 201 -0.05499023585739761 19.95501947988651 7.928553585912294e-06
175 229 0.4424818931100595 20.389281154620374 6.318270263499669e-06
175 253 0.5976697941281829 21.96459488105464 2.7772680402873248e-06
175 313 0.42722087645579787 35.48236837139426 2.5736973135099003e-09
175 412 0.6096026474233922 21.88286984543745 2.8980947930652363e-06
175 790 0.6005806367261652 24.574480353035693 7.149228357179544e-07
178 201 0.27278528124063167 27.272443314009312 1.767119941056344e-07
178 504 0.2887712340421875 21.323800046193014 3.878857672049706e-06
178 738 0.28287884498102805 20.98894458676883 4.619412883310464e-06
178 771 0.28436521773872364 60.84308356812589 6.181028283713824e-15
179 722 0.3722569765942276 34.298687383333764 4.727004813913547e-09
182 240 0.6815029785799103 22.476784518588993 2.1269876026423244e-06
183 201 0.261921625283388 96.58725235651279 8.539633647103322e-23
183 771 0.27874760426990197 57.866738236444014 2.8049006643263795e-14
185 201 0.22710293710363233 25.118868572787054 5.390284333508335e-07
185 771 0.23792945425324502 23.21166875869733 1.4511413925821748e-06
190 201 0.19854951821833003 29.187199577081447 6.571190044018867e-08
191 201 -0.05534118356126002 21.582191840692563 3.3898473214196563e-06
191 228 0.7003551186859913 23.431766182811337 1.2942362111909854e-06
191 240 0.5423033860646207 22.146657655549518 2.525953510929824e-06
191 310 0.3931285031177659 46.721218462145906 8.183808825926402e-12
191 311 0.4032748449715691 61.014312753459045 5.666137287963015e-15
191 635 0.3734289413185759 21.017212905505595 4.551756006232107e-06
191 859 0.6829374439960827 19.968448529700332 7.873062699986229e-06
192 201 -0.1909729209063959 23.752190261944055 1.0957061429324748e-06
193 201 0.1958985026147644 23.378291238564636 1.330718537278278e-06
195 240 -0.7415479975654788 24.316634318239625 8.173021133946106e-07
197 201 0.21320926294856266 31.90995134412049 1.6148771389909576e-08
197 771 0.21900872715471897 22.399375066558775 2.2144605542789817e-06
200 240 0.74032086389375 22.943053970067286 1.668720929759291e-06
201 210 0.1746591766389349 19.682296840659554 9.144459960329951e-06
201 214 0.18060511714370114 19.95702776613923 7.92023013875578e-06
201 221 0.18696648445167618 22.55434737351928 2.042817241916467e-06
201 225 0.1843698967806679 22.41383721219281 2.1978485096070457e-06
201 226 0.26307972356615017 100.32951345353602 1.2903956771654376e-23
201 227 0.20630635908818837 26.33513231773366 2.8701985828307243e-07
201 229 -0.04662827363510624 20.9802237523798 4.640488182343025e-06
201 233 0.1741621654224298 19.957945058769134 7.91643129053371e-06
201 239 0.22649230534242107 30.14397297708795 4.01131863803027e-08
201 240 0.27664872347741215 64.11545089295076 1.1733770778345274e-15
201 243 0.2339450335178218 29.69245643336437 5.0631465612406e-08
201 249 0.17731946307000473 20.107434368583363 7.321154144473891e-06
201 250 0.17346794673614313 19.542350867641254 9.83939186716643e-06
201 262 0.19565088666787112 27.33563424110601 1.710303487798945e-07
201 263 0.20122230091988516 25.561965739987535 4.2840107982057444e-07
201 268 0.17445430194197392 19.89607891418798 8.176786059455817e-06
201 269 -0.057151383614019884 19.538736252490608 9.858026839620144e-06
201 271 0.19478860001988593 25.631412225781844 4.132570423242554e-07
201 273 0.22315268109250003 34.69239368403672 3.861373617843874e-09
201 289 0.1910520192318434 21.202111390229344 4.133089492868879e-06
201 296 0.19775746205118558 27.410154958778946 1.6456480210360556e-07
201 304 0.19994074103836532 24.589506830167164 7.09369579466706e-07
201 307 0.21695800926872788 26.0964806019043 3.247754583642652e-07
201 313 -0.012191357921138323 27.181047796604055 1.8526591312921555e-07
201 315 0.1908930078920865 23.211980072221163 1.4509064997382694e-06
201 318 0.23401394961341776 37.729648327123606 8.126007975915924e-10
201 322 0.279177710834572 35.362156533242086 2.7375455665959667e-09
201 327 0.19872258953849994 21.042718945138382 4.491564116755838e-06
201 328 0.1847959863779966 19.730052339951776 8.918775168332265e-06
201 336 -0.01390335608069275 21.38913356055566 3.7488991433824466e-06
201 341 0.21154684964580223 30.644784328774445 3.0985841561770636e-08
201 342 0.3016516773396505 71.46009007067254 2.829232818376051e-17
201 347 -0.025171466318398762 20.62047172688356 5.599415196029958e-06
201 348 0.3136808655545766 148.5432702204186 3.6089115380656845e-34
201 351 0.21365519669650768 30.87094054549406 2.757703239557979e-08
201 352 0.19123376622862828 24.774847454607812 6.443280067692418e-07
201 361 0.19045042642638538 21.10893942195943 4.338992506199763e-06
201 367 -0.17558081641793294 19.72852010244271 8.925928698478366e-06
201 369 0.18904906841389899 27.077515236229285 1.9545819690012426e-07
201 372 -0.17456577084061525 19.98451722528278 7.807176519986889e-06
201 373 0.28530873470273305 69.8440378835851 6.418380837415522e-17
201 381 0.17828637807005662 19.59661368692613 9.563855800425436e-06
201 382 -0.17534071472974783 19.737202357828725 8.885470028925465e-06
201 383 0.22679775526014948 45.11074110615401 1.8620130958266758e-11
201 393 0.2762445207546297 115.29751571700474 6.773362385423935e-27
201 399 0.19128031908578838 28.198870183072636 1.0946844895588016e-07
201 400 0.28685079941648545 50.30071291534262 1.3190161542570143e-12
201 401 0.28685079941648545 50.30071291534262 1.3190161542570143e-12
201 402 0.18694830097719978 21.901669490943966 2.8698414313431187e-06
201 403 -0.18168333461043018 21.393334994519723 3.7406929401269883e-06
201 404 -0.1816757006688825 21.387747779244727 3.7516097989312733e-06
201 407 0.18482758470389266 20.476318499688443 6.0373626408601476e-06
201 410 0.17354601968941327 19.97504043576993 7.845966768722982e-06
201 411 0.2823760963086222 121.70096117209468 2.683904610243164e-28
201 412 0.25569138547673953 91.04137011762546 1.4069946273346346e-21
201 418 0.18663956362348877 23.825963251119294 1.054504636842551e-06
201 419 0.1963975271664901 26.736164640443086 2.3321556150698552e-07
201 424 0.2778360934305996 48.94114974355594 2.6375869008199574e-12
201 425 -0.0732493477311899 19.951697747226316 7.942339958868249e-06
201 430 0.18395947251471834 22.11169417310428 2.5723792362615945e-06
201 431 0.22058446123734568 40.33357629746445 2.1409767850918029e-10
201 432 0.17129327711949982 20.52187583017932 5.895362443607915e-06
201 435 0.17445178767276276 19.79153832132843 8.636416747142929e-06
201 436 0.25696686237639466 58.12587731600147 2.4587070272588386e-14
201 439 0.19693820559411537 29.11845593076112 6.808529036597428e-08
201 448 0.23449414733110358 38.139909256189576 6.584940091561714e-10
201 449 0.24494430295023137 39.789697975829135 2.8283301859355753e-10
201 453 0.19111811192185715 22.48089365056485 2.1224423773649044e-06
201 457 0.22063717027832108 40.71874073959756 1.757931366771429e-10
201 465 0.27217502924987624 46.126804159244095 1.108415776104488e-11
201 468 0.17661145702105135 20.245713293474275 6.810589520614778e-06
201 480 0.23412334729662626 46.273736164434865 1.0283319075943045e-11
201 482 0.17948028193182042 20.087991597584143 7.395959704094675e-06
201 483 0.19787134083369973 24.682909209861926 6.758082356805082e-07
201 485 0.2014310091764399 23.311165315100574 1.3779775706139762e-06
201 490 0.18442348687967877 20.494435579417537 5.980485885014163e-06
201 498 0.24721452369566752 30.905434131235978 2.7091214747376847e-08
201 499 0.2108764004780342 34.481871628523166 4.302397930913982e-09
201 502 0.1839378794570882 20.881655941409413 4.885509249247767e-06
201 504 0.319729391089752 151.50040561832722 8.14736719751895e-35
201 506 -0.17922938362834465 20.59817243280108 5.665016788790148e-06
201 507 0.20971254508586684 30.09308793335243 4.117963532619255e-08
201 510 0.17562291979510739 19.860942921747366 8.328460623608663e-06
201 513 0.22707130439262463 43.44678799543975 4.3564614382445286e-11
201 515 0.27667937763995143 115.99434005497193 4.766549557963611e-27
201 516 0.2019334257746691 23.152639976900172 1.4963762619292057e-06
201 522 0.1755842148418596 22.180231009005045 2.482164920472145e-06
201 527 0.21656506855622815 27.943459592061743 1.2491245501961282e-07
201 530 0.19898931744415177 27.4815709686776 1.585985908032746e-07
201 532 -0.004125753933533753 22.185696027875853 2.475109502074623e-06
201 541 -0.043979895292987334 22.481545192120976 2.1217225845851894e-06
201 543 0.28081135517974676 63.90452348578662 1.3059744094907349e-15
201 544 0.28371675725221457 64.95313558223268 7.670068425996687e-16
201 548 0.23243793544824665 29.743936828955945 4.9304593251353013e-08
201 563 0.23884925765872192 38.818100461710586 4.6519417779861357e-10
201 566 0.2095731958478973 35.51155633428437 2.5354188145140543e-09
201 567 0.21269855660622036 35.450693084564776 2.615892875912379e-09
201 576 0.1855514385265672 23.021449537771765 1.6020397757180868e-06
201 590 0.17937511089353206 20.308584886642805 6.590421680863244e-06
201 598 0.19435747406228726 20.998011955847183 4.5976019783782095e-06
201 603 0.19694534301791877 24.8976825299412 6.045505524074906e-07
201 605 0.2035425199594498 26.24345200873618 3.0097359452778167e-07
201 607 0.21403724750395303 36.372231984890895 1.6300914863977909e-09
201 608 0.20893925232694618 22.282904356429476 2.3529206119541088e-06
201 611 0.29307370243227054 66.42312350255486 3.6380917693364775e-16
201 614 0.21055421124066082 36.2727413542301 1.7154651746865968e-09
201 621 0.18509600853673336 21.066246395941675 4.4367499786376016e-06
201 631 0.1960068299013131 23.53001374783785 1.2298027090688683e-06
201 634 0.2682186685002305 45.0148436605454 1.9554655109928004e-11
201 646 0.2910130363908611 131.18014398088582 2.2612565955648685e-30
201 649 0.28569972648066877 125.41771339376423 4.123384769065927e-29
201 650 0.2810481235410758 66.58363035300954 3.3535951567459576e-16
201 651 0.2289559439631507 44.32245067307496 2.7850385840276412e-11
201 652 0.2504120173874492 53.79799785220696 2.2219903785024362e-13
201 653 0.2116064383061263 30.85458300476358 2.7810457954831653e-08
201 658 0.23281000629697585 37.472336491215984 9.271875638053352e-10
201 659 0.23987796939313405 39.26123500590942 3.7072901236385467e-10
201 660 0.19411820190947418 29.319235098078725 6.13833435610043e-08
201 664 0.17973033179767198 19.79333705178095 8.62829305810607e-06
201 665 0.18164002684954592 21.762878514325227 3.0851193165976907e-06
201 674 0.181133206957171 21.631839335202333 3.303227268621238e-06
201 684 0.20122968269600208 32.057225804592456 1.4969726236485067e-08
201 690 0.20832295474765633 25.966496472030077 3.4739415757145923e-07
201 701 0.18413267890564447 21.871295045248594 2.9156288107000806e-06
201 702 0.22515117763072112 42.96957987067069 5.559767174495577e-11
201 707 0.18071010986425198 21.933596655582356 2.8224908732093754e-06
201 710 0.2375587251204 48.16191505396096 3.924370201655518e-12
201 711 0.2547520567475509 56.310282029042554 6.189092964262257e-14
201 712 0.2196241061723985 26.99572767303093 2.0390565399270555e-07
201 714 0.17965102765790206 20.939150996674368 4.741051972927911e-06
201 715 0.22775954922120312 35.98839631054026 1.9849608368686745e-09
201 716 0.27934784609222885 39.333136136031236 3.573256346126493e-10
201 722 -0.01892597710977046 20.69814545034341 5.376805249004392e-06
201 725 0.2617834870766228 60.48490362539855 7.41449325857551e-15
201 728 0.22545976519448 30.826020994254623 2.8222799393209442e-08
201 730 0.18327360349698082 22.998214044891675 1.6215196618314167e-06
201 731 0.20476174018291962 29.181798001404445 6.589535189581921e-08
201 738 0.32175640564341773 152.30162228678458 5.443829832207649e-35
201 741 -0.18277457366662278 21.392886780405636 3.7415675283385974e-06
201 742 0.29779800601704576 51.52680306422334 7.062626563605017e-13
201 743 0.2409180224763815 39.61942022078577 3.085992170656783e-10
201 744 0.20020600124424762 27.14892658900292 1.8836975929649725e-07
201 750 0.19427582108929695 25.613390558295578 4.171346417715029e-07
201 753 0.2446088909798317 39.833664288364844 2.7653741556942164e-10
201 767 0.17613367178624711 20.321556212798892 6.54589456148409e-06
201 770 0.23750390482302935 49.11479974614328 2.414118779077967e-12
201 771 0.3289999994192192 153.3123320522132 3.2735097269113565e-35
201 779 0.17875783667438502 20.018346776244798 7.67026950114351e-06
201 787 -0.18398944653706653 21.848390993209396 2.95063919469398e-06
201 796 0.19473155216594748 21.960204041182912 2.783629304290375e-06
201 809 -0.18631188484633007 22.430294635235732 2.1790965924227198e-06
201 812 0.2173088316198282 32.2493804787944 1.3560031574865163e-08
201 814 0.2510663487818174 42.37277386712457 7.54328358618133e-11
201 820 0.18586052167850298 22.2118987263683 2.441559916203169e-06
201 822 0.22778167290028226 30.06335163643521 4.181595115478797e-08
201 829 0.17389760527156584 20.219154454093175 6.905799271733429e-06
201 835 0.2427645936187955 32.5974728723 1.1336205216154828e-08
201 841 0.22689906120889156 43.370314498310755 4.5300871149310127e-11
201 844 0.2087729210438052 30.372026218029266 3.566342571393669e-08
201 852 -0.1740823369016705 20.089414655904804 7.3904585936245215e-06
201 853 0.18004174246811813 20.76251454395863 5.1990710209381485e-06
201 864 -0.1840655155733469 21.776235061347364 3.063715995706564e-06
201 874 0.1730589895815863 19.924277096401045 8.057068633102808e-06
201 883 0.16953993823311836 19.66263387182724 9.239042316289264e-06
201 890 -0.17940936896411291 20.671194580055282 5.453020724607029e-06
201 891 0.21035908639383552 25.661984635034536 4.0676144982679816e-07
201 896 0.3115352432349596 74.95067702920062 4.826216383077706e-18
201 906 0.19644871297858796 24.535423377946508 7.295616727182719e-07
201 909 -0.010039348051869616 19.70281859950354 9.046783228674077e-06
201 911 0.18493480767757273 20.12452197928344 7.256037332255993e-06
201 913 0.17783745593042152 21.524595835381025 3.493195086171139e-06
201 922 0.20719030296295346 32.96351409465363 9.390472294166008e-09
201 923 0.22705354230063812 25.072831810284942 5.520519914867174e-07
201 926 0.18989078378347146 24.723389998498224 6.617616705635761e-07
201 938 0.18082626784465822 22.354178747413872 2.267191932441305e-06
201 940 0.17525389966886104 19.746579392356114 8.841980518980168e-06
201 945 0.31357599691135707 75.90440055945407 2.9773580128142247e-18
201 947 0.1821008291133177 21.57789403948341 3.39745204696679e-06
201 948 0.23693705829063139 29.601245960630788 5.307081409698199e-08
201 954 0.20934040863084913 34.47123313701621 4.325977752645068e-09
201 958 0.18366731811900636 21.001929395969007 4.588210856587208e-06
201 963 0.18275490277417394 22.024408274328977 2.6920515060071287e-06
201 968 0.21822556503260385 27.41512278312714 1.6414259834296085e-07
201 970 0.1875673262752823 25.225570509551293 5.100149795031211e-07
201 976 0.1882695601838485 23.661757202298688 1.1484213126480326e-06
201 977 0.21116260690483288 30.98220487660535 2.604050610888728e-08
201 981 0.19899566917973238 31.25900265750889 2.2579795275885614e-08
201 985 0.22369743977053894 41.0365535466754 1.4940855402575645e-10
201 986 0.21740729416878077 47.98632608785642 4.292020076728715e-12
201 994 0.24164463173577486 39.524827048624395 3.2391503915328473e-10
201 996 0.19178347326416692 22.396191247557663 2.2181345542833505e-06
203 240 0.741246259197438 23.292237447564414 1.3916051757725304e-06
225 342 0.6609488195360733 23.387337995031952 1.3244748477929e-06
226 240 0.8372629046163332 36.60158664537519 1.4491371758554937e-09
226 638 0.4945989443066148 21.307158734836996 3.912676137665943e-06
226 771 0.2464402592039984 28.04548985972654 1.1849695338524524e-07
228 240 0.95539409747767 43.48160232092527 4.2796407992252786e-11
229 269 0.48655704252157433 20.79403601609188 5.114197617076411e-06
229 310 0.3870058222850383 55.860674439772346 7.779320222141677e-14
229 311 0.39643082390703444 77.08233607354917 1.6397735173632516e-18
229 313 0.27122357410914677 20.56925392367321 5.751241501677361e-06
229 425 0.5410949643624052 19.87195608713343 8.280617667179057e-06
229 635 0.4037255663274701 41.2084944275218 1.3682662639129692e-10
229 790 0.5351017319277394 21.802210778463525 3.0225166372676844e-06
235 240 -0.6999631707549825 21.01333785524703 4.560971335787662e-06
237 269 0.5697268503533414 19.990630533998456 7.782255832528206e-06
240 258 -0.8058297760682714 32.95337757897401 9.439560856723015e-09
240 264 0.7417335841547912 23.23406037103481 1.4343433357331487e-06
240 302 -0.6990066403757083 21.093494402920893 4.374106070689645e-06
240 313 0.3837366034130869 46.84293606957875 7.690981596872323e-12
240 322 0.5760924003291583 31.049694278680622 2.5150593772181063e-08
240 331 -0.7558696579920322 24.50255973495594 7.421118080578303e-07
240 342 0.6099936389042855 38.10377974464977 6.708006089321308e-10
240 373 0.5370733164508686 23.534123934860197 1.227178382635124e-06
240 383 0.9500855417369035 48.388474920828834 3.4961691479135544e-12
240 403 0.7289819344494974 22.8351525882233 1.765076012981998e-06
240 404 0.7288728093787343 22.823791145229023 1.7755410179165138e-06
240 412 0.5781951588565231 20.207336470912107 6.948593541942153e-06
240 421 -0.8435489015904083 30.565488433565417 3.227846814686796e-08
240 423 -0.9394812955805765 38.237278994307445 6.26441310066462e-10
240 429 -0.9398140711214529 37.853996006621614 7.624205595506278e-10
240 450 0.5076871062792098 28.366885977981138 1.003675007571619e-07
240 484 0.6298046907908514 22.460911133445162 2.1446374987584274e-06
240 488 -0.8190461625298762 29.386044536216367 5.9303162251365124e-08
240 507 0.8113767514662951 29.39234544414968 5.9110659499992034e-08
240 534 0.6665277261142374 21.043145085760912 4.490565278315181e-06
240 540 -0.8352782307892045 29.76860860815159 4.868110008699471e-08
240 541 0.6115665813867212 38.54306559040321 5.35587257504797e-10
240 543 0.5085252765690487 24.62610501493019 6.960244563541676e-07
240 571 -0.7507454235675993 23.981194325299374 9.728125895501024e-07
240 614 0.7047451633716599 22.556631620001127 2.040389711861618e-06
240 633 -0.6335235755961639 26.247081592429204 3.004084569635056e-07
240 672 -0.762408677054311 25.15581996336271 5.2879826216507e-07
240 675 -0.8284345380895612 31.353890139435705 2.1502742216174297e-08
240 684 0.6815954157469549 20.712746249001064 5.335962495804525e-06
240 692 0.8325946664847931 29.305683011529943 6.18141392879277e-08
240 700 -0.4219580082066444 21.466899739996833 3.5998926353255754e-06
240 707 0.8011844171637377 26.879026530457605 2.1659668320011927e-07
240 708 0.7159055232579861 21.67500930360995 3.229715576619781e-06
240 722 0.30555651964212605 21.485474580075415 3.5651899176105303e-06
240 762 -0.8177325868828844 34.91499554288583 3.444180154446643e-09
240 765 0.679249439879645 23.768484841144964 1.0864690252317807e-06
240 771 0.2576781456478003 35.562303373963864 2.470218920477003e-09
240 839 0.7111585213044093 22.589883463142016 2.0053779834569228e-06
240 855 -0.6870950617931231 20.062461853906118 7.49535125333683e-06
240 874 0.793102509336117 28.027947476993646 1.1957600060128922e-07
240 915 -0.6909424126289507 20.47531398787131 6.040532044160083e-06
240 918 -0.7878727924591659 29.82855232796356 4.7198944361798814e-08
240 921 -0.6907349428293348 21.59223086805418 3.372150284879833e-06
240 942 0.7770022907460492 25.6940074025612 4.000674237841339e-07
240 950 -0.6081456661440527 22.098691853062196 2.5898617117106146e-06
243 771 0.22808859228887032 21.121191238190637 4.311339847453416e-06
253 313 0.32196102148115335 29.94244956453627 4.4506159125746034e-08
253 704 0.6139853780814197 19.88757980238011 8.213218708087576e-06
253 790 0.5831984584637951 22.43966865016443 2.1684874832577382e-06
261 722 0.33319819877950196 24.49463784589627 7.4516930036667e-07
269 313 0.24261211945137381 22.50750145472889 2.0932456335381564e-06
269 406 0.5432689285482843 22.53460737949504 2.063916533079338e-06
274 313 0.3849406745757706 31.796694112388842 1.711838640891584e-08
290 310 0.3683933424424564 28.961423195704228 7.383411793436096e-08
290 311 0.367359703202096 29.795942145838353 4.7999559594328524e-08
290 635 0.38586563458121353 23.865588479194784 1.0330194363372528e-06
291 313 0.2498370947557228 20.036996449080416 7.595828164693545e-06
301 313 0.30241386998775877 62.25228534799396 3.021580963336032e-15
301 347 0.30947863931500247 110.44549359871371 7.826812219366141e-26
301 821 0.30023375710183053 19.651456413501876 9.293245090687153e-06
301 877 0.2993358885029341 22.534360771064293 2.0641815008994705e-06
301 895 0.29149745801243504 37.877421206540966 7.533206139579326e-10
310 635 0.4267938349887894 70.14415981899832 5.512500283951699e-17
310 677 0.12683872658737094 20.44546715054142 6.1354697027176185e-06
310 722 0.2785500659487553 23.634236913490987 1.1649627136830442e-06
310 917 0.37477705780383913 23.1598229436375 1.4907971064735681e-06
311 489 0.36651525763370774 24.623546153457443 6.969492766612304e-07
311 543 0.23728904843283002 21.9800163752417 2.755041373403524e-06
311 635 0.42759076528048834 70.77456528957066 4.0046684657798627e-17
311 677 0.1258955893972731 21.142114810468424 4.2645231047532405e-06
311 722 0.2798614781919952 23.791261120339602 1.0736882608934387e-06
311 753 0.34162793198862684 21.525385532219605 3.491756928031128e-06
311 765 0.3265897761456689 22.461500332897106 2.1439797394308675e-06
311 810 0.3482154675834259 19.966270380735544 7.882036581576654e-06
311 917 0.3705209697570248 27.323533827098558 1.7210396911523127e-07
313 322 0.3385440603180052 28.199515216800037 1.0943197379115567e-07
313 329 0.3308463480603417 23.228450654728093 1.4385333137151282e-06
313 330 0.3278730026592578 22.70310906769749 1.8906172068042937e-06
313 342 0.2710805828255258 89.11976159973003 3.716201365886608e-21
313 347 0.29269031863756856 60.87683046270358 6.075974515432809e-15
313 365 0.35089095890627825 25.264800529835973 4.997460663980356e-07
313 373 0.2600388942719571 22.18114902421386 2.4809783411372834e-06
313 406 0.25105690020583293 30.29879089398566 3.7035669965291206e-08
313 409 0.24112614528609083 22.64677250995925 1.9468697509743895e-06
313 412 0.38516492437500105 31.667689628237774 1.82940611199386e-08
313 425 0.3090589205277206 21.321238088394622 3.884044915473346e-06
313 450 0.25881346704510166 44.02222717119871 3.246680032153397e-11
313 477 0.3774106658704865 27.483854833190808 1.584114125686527e-07
313 513 0.2839839882987291 21.546497029572716 3.453529140821876e-06
313 515 0.23401429642674437 25.132123956365113 5.353359910996688e-07
313 541 0.2663752164393345 49.761382887850424 1.736279342772403e-12
313 610 0.2578652224468123 26.174107207051435 3.1197783076638904e-07
313 641 0.3090873137367763 20.838106536728837 4.9978610859417865e-06
313 669 0.2628245719852217 27.126873319348164 1.905308709544335e-07
313 704 0.23126944887977224 20.478681954279416 6.029912127277711e-06
313 705 0.313672098259817 20.66361709732708 5.474644034296878e-06
313 790 0.45292920075914883 68.43988006869853 1.3080529054528734e-16
313 796 0.33847361783457103 22.142777750549207 2.5310636392691495e-06
313 821 0.26085980963762345 21.835506628374944 2.9705188701643356e-06
313 828 0.2946995155820609 21.820610854977083 2.9936695600197413e-06
313 831 0.35357278850312596 33.585895228822665 6.818537585049239e-09
313 877 0.2663285276474208 34.538802933351924 4.178381957610918e-09
318 771 0.24016261921887294 38.57596658759801 5.266343114188528e-10
322 342 0.46244544915555647 19.72044289133823 8.963733964012956e-06
322 771 0.27496810747691053 42.654175650694555 6.532483012222793e-11
334 635 0.2697892189707067 25.351136843022392 4.778706721159255e-07
342 412 0.46771429713043 19.914217619318816 8.09957362234831e-06
342 504 0.27621131629403084 23.301459744228865 1.3849485431319087e-06
342 515 0.4953695268416153 21.934028466654073 2.8218558641880752e-06
342 738 0.29477587191804994 41.485506031741046 1.187480808718618e-10
342 771 0.2920165955208794 66.40324617888842 3.6749642887664896e-16
347 790 0.24861214233787085 23.543544588446526 1.221184528811595e-06
348 498 0.34649940196867746 19.7029159476959 9.046322388879604e-06
348 504 0.2886148021018072 25.866525881891636 3.65858934192799e-07
348 544 0.37821850742003493 29.291182145479038 6.227845035363184e-08
348 611 0.2689091827898932 25.887286449979793 3.619451537877254e-07
348 738 0.3052928733896028 66.01163776854284 4.482683266458103e-16
348 742 0.3799904611828428 36.028002886903735 1.9450213042900167e-09
348 771 0.30689015475839837 71.66468176230418 2.550572106918463e-17
348 896 0.28403341437888363 29.53065934083478 5.503913366628121e-08
348 945 0.29945313384093847 57.188426732442714 3.9599458410107277e-14
351 771 0.2377584640305436 25.374626985325115 4.720867919263617e-07
373 393 0.5376458474953183 21.880683315616064 2.9013989205318704e-06
373 406 0.6152457966555387 43.50568477641556 4.2272957045500137e-11
373 412 0.674561974003675 31.547630143572377 1.946077337674242e-08
373 504 0.29531975801822935 22.43999153332186 2.168122982459402e-06
373 753 0.7605425657814312 30.539317216409756 3.271684199181296e-08
373 771 0.3012120907720514 47.72148516745608 4.912780214572845e-12
393 447 0.49888743743107483 21.329523392146644 3.867294605217005e-06
393 771 0.2730729822691474 56.0953102923058 6.904160445641743e-14
393 822 0.6983881297957096 20.900294388750883 4.838202342109545e-06
400 504 0.2830747923989545 19.728342851369177 8.926756599079243e-06
400 738 0.30303496639373984 36.21982430107369 1.7626831177905816e-09
400 771 0.29081898866221667 64.72035300713014 8.631863715638402e-16
401 504 0.2830747923989545 19.728342851369177 8.926756599079243e-06
401 738 0.30303496639373984 36.21982430107369 1.7626831177905816e-09
401 771 0.29081898866221667 64.72035300713014 8.631863715638402e-16
406 753 0.6709304950422927 20.378938292331938 6.3525117242155135e-06
406 790 0.46149880446389646 22.14748063421889 2.524870917075418e-06
409 704 0.623260701254378 22.663159812928786 1.9303359093461693e-06
411 611 0.4110621423872714 20.04811446104924 7.551795430199288e-06
411 738 0.2965954406457245 20.85851925663266 4.944879623875968e-06
411 771 0.3003973847266798 48.09552052661165 4.059528501957268e-12
412 771 0.25382661256941125 24.86673773990731 6.143331581493608e-07
412 790 0.6151371615101695 23.08704752664065 1.5483019723924598e-06
419 771 0.21575955872880603 24.117856911353996 9.061610383502819e-07
424 771 0.2665526505474473 53.76432918609168 2.2603960117836612e-13
431 450 0.6279097525314021 19.973833347472794 7.850921475749095e-06
431 771 0.21938285801480978 24.82872319413091 6.265682571651694e-07
436 771 0.2488006493164685 34.508642015258545 4.243630241858555e-09
447 541 0.6288231000518317 37.20679515437588 1.0624292526046848e-09
448 771 0.2183128266382267 19.678894280121142 9.16075704193878e-06
449 611 0.5193127589966997 23.22008845763448 1.4448019593739273e-06
449 771 0.23799593896273327 25.649086948304287 4.094891921860652e-07
450 541 0.5612628628032728 31.911376410919292 1.6136928307264353e-08
465 771 0.25193922433152943 23.190777188883636 1.466992014307288e-06
480 771 0.25621256735534376 26.501263420707385 2.633658099339871e-07
498 771 0.26283946607274744 31.01176975639279 2.5646846924224226e-08
499 771 0.21751626267532953 24.29247044538998 8.276194874010065e-07
504 738 0.3228428373990088 73.6146901345116 9.495536048161922e-18
504 771 0.29656088864533564 32.59008560624099 1.1379374761574171e-08
504 896 0.3001056315563575 41.85280001883673 9.840974610934154e-11
504 945 0.30113033061908207 23.808882953551592 1.0639034244778242e-06
515 771 0.2737442930272646 32.11286828629617 1.4547056945106802e-08
525 596 0.4053185549353437 28.524638865797076 9.25136855948627e-08
532 544 0.18445094876628587 27.060311821924508 1.972054300335517e-07
532 589 0.19713379460468827 28.348799297956546 1.0130962163654116e-07
541 596 0.38332968214447877 23.375542671279092 1.3326213228097002e-06
541 919 0.35584211714548025 22.296017481180623 2.336907623600613e-06
543 738 0.27727597503288837 28.642538732801533 8.704874970204686e-08
543 771 0.2874304328408111 64.94802933517987 7.68996969209065e-16
544 738 0.2862097181184315 30.549904874748883 3.25387824662059e-08
544 771 0.2915797583236341 44.694605422708584 2.302909406807304e-11
548 771 0.24772276103212582 21.369294408119785 3.787893516376036e-06
560 596 0.3167261852549477 28.9629503414267 7.377593227856047e-08
560 919 0.2854038081970956 22.677010597463667 1.9164711492907183e-06
596 638 0.2881130093801051 23.37085472709977 1.3358730037154066e-06
596 862 0.4353787381951105 19.52157482538232 9.946986415449488e-06
596 919 0.3161293647756296 35.9488687071106 2.0256395076820275e-09
598 771 0.2140497197064276 22.58844788678021 2.0068770167468983e-06
611 738 0.2968853775763306 43.27140671620647 4.7649600657164824e-11
611 771 0.28506325231063717 42.99143463356607 5.498004783995492e-11
611 896 0.36292758695137806 28.621473988408006 8.800084701466485e-08
630 722 0.275358214994834 32.881372962130975 9.795737581063623e-09
634 738 0.2810006343182154 20.82496454185017 5.032272388495658e-06
634 771 0.2568516907257362 24.22451041095307 8.573423221455905e-07
635 722 0.2858437381158395 55.51344169784441 9.282213015637251e-14
646 738 0.29003873919370765 39.27205742083222 3.6867983753429947e-10
646 771 0.2809342080294527 42.98910782010246 5.5045476463264433e-11
649 738 0.28159801169160803 30.012008328156174 4.293790282147161e-08
649 771 0.2626649099779517 24.323873371752022 8.1423639657112e-07
650 738 0.2914472374261765 26.76974974798079 2.29197231732866e-07
650 771 0.2779512805298921 32.62294536206673 1.1188603686819603e-08
651 771 0.228988659097749 28.70119630627545 8.445154636910962e-08
652 771 0.23340238656170897 25.13252380572329 5.352250032706485e-07
658 771 0.24695790970950354 32.92226585945252 9.591837814227e-09
659 771 0.241472493968311 27.571971078629478 1.513562524411715e-07
684 771 0.2092692419726963 21.534989440323454 3.4743142242825836e-06
711 771 0.2318725462263479 25.445020803554957 4.5517090028550966e-07
715 771 0.245852869302505 26.642165767867706 2.4484154664077175e-07
716 771 0.24186851022752953 26.85624328221697 2.1916519006535292e-07
722 884 0.2673598908796831 20.896582291997778 4.8475873421519696e-06
725 771 0.23849955210700596 22.55300710689557 2.044242927673026e-06
728 771 0.21329782140848103 21.00228115303538 4.587368545985401e-06
738 742 0.29494596656357874 31.97817866116313 1.5591418666573793e-08
738 771 0.3222171151660233 151.82672181323704 6.913490754881769e-35
738 896 0.31365426608608593 48.42310402152221 3.43497292026975e-12
738 945 0.31428925764216353 29.953697283544816 4.424873504174648e-08
742 771 0.2828376234917227 63.120907817904325 1.9439962710488303e-15
743 771 0.2206952000953045 20.44464325588657 6.138111504824993e-06
771 812 0.25509012748365945 42.32246506139585 7.739838024501084e-11
771 814 0.25272283459810235 24.779695587826776 6.427093981932306e-07
771 822 0.24348148887357332 24.332518465043933 8.10590330415669e-07
771 841 0.2113926024707739 20.64876784892763 5.517268141870923e-06
771 891 0.21765062189340012 21.8943965902529 2.8807387079690833e-06
771 896 0.3082814789116386 139.49029556231602 3.4409291187539525e-32
771 945 0.3011465660344842 69.59924406518415 7.266474344740288e-17
771 954 0.23688537593315342 24.985981877006235 5.774865761528237e-07
771 968 0.2267584082916558 27.319611794231378 1.7245340247745664e-07
771 986 0.21041972415010504 20.651792001964964 5.508560519346418e-06
805 909 0.2084608753636532 21.386976934059458 3.7531184607250265e-06
909 988 0.12703372339297112 21.608085477324625 3.3443900176747657e-06
919 957 0.41895959036658575 31.704882808874952 1.7947040918018184e-08
