fam_ID Sex    ind_ID	M7	M8	M9	M10	M11	M12	M13	M14	M15	M16	
1	1	29  	0	1	1	0	2	0	0	0	0	1
1	1	30  	0	0	0	1	1	2	0	1	1	1
1	1	31  	1	0	1	0	0	0	1	1	2	2
1	1	32  	1	0	2	2	1	0	1	1	2	1
1	1	33  	0	0	1	1	1	2	1	1	2	2
1	1	34  	0	0	1	0	2	1	0	0	2	0
1	1	35  	1	0	0	2	0	0	0	0	2	2
1	2	36  	1	0	1	0	1	0	0	0	2	1
1	2	37  	1	0	1	1	1	2	0	1	2	1
1	2	38  	0	0	0	2	1	0	0	0	2	1
1	2	39  	0	0	1	2	1	0	1	1	2	0
2	1	40  	0	0	2	1	1	1	1	1	1	1
2	1	41  	2	1	1	0	1	2	0	1	1	1
2	1	42  	1	0	1	0	1	2	0	1	2	1
2	1	43  	1	0	1	2	2	0	1	1	2	0
2	1	44  	1	0	2	0	2	0	2	2	2	2
2	1	45  	0	0	0	2	0	1	0	1	2	0
2	1	46  	1	0	1	2	0	0	0	1	1	0
2	1	47  	1	0	1	0	2	2	0	1	2	1
2	2	48  	0	1	0	1	1	1	0	1	2	2
2	2	49  	1	0	0	2	0	0	0	1	0	1
2	2	50  	0	0	0	2	1	0	1	0	1	1
2	2	51  	1	0	1	0	2	2	0	1	2	0
2	2	52  	2	1	1	2	2	1	0	0	1	1
2	2	53  	2	1	1	2	1	0	1	1	2	1
2	2	54  	2	2	1	2	1	0	0	1	1	1
3	1	55  	2	1	2	0	0	0	2	1	1	2
3	1	56  	2	1	0	2	2	2	1	1	2	1
3	1	57  	2	2	0	2	2	0	0	1	1	1
3	1	58  	2	2	0	2	2	0	0	0	1	1
3	2	59  	2	2	0	2	0	0	0	1	2	2
3	2	60  	0	0	0	2	0	0	0	0	2	1
3	2	61  	2	2	1	2	2	2	2	2	2	2
3	2	62  	0	0	0	2	2	2	0	1	2	1
4	1	63  	2	1	1	2	0	2	0	0	2	1
4	1	64  	1	0	1	0	0	0	0	1	2	1
4	2	65  	0	0	1	2	2	2	1	1	2	1
4	2	66  	1	0	1	1	2	0	0	0	2	1
4	2	67  	0	0	1	0	0	0	1	1	2	1
4	2	68  	0	1	1	1	0	2	0	1	2	1
4	2	69  	2	0	1	0	0	2	0	0	2	2
4	2	70  	0	0	1	0	0	2	0	1	2	2
5	1	71  	2	1	0	2	2	2	0	2	1	1
5	1	72  	1	0	0	2	2	0	0	1	0	1
5	1	73  	2	1	0	2	0	0	0	1	0	0
5	1	74  	2	0	2	2	2	2	2	2	2	0
5	1	75  	0	0	1	1	2	2	2	1	1	1
5	1	76  	2	2	0	2	2	0	0	2	0	1
5	1	77  	0	0	0	2	0	0	1	1	2	2
5	2	78  	2	2	2	2	2	2	2	2	2	2
5	2	79  	0	0	2	2	2	2	2	2	1	1
5	2	80  	1	0	1	1	2	0	2	1	2	2
5	2	81  	0	0	0	2	2	0	1	1	2	2
6	1	82  	2	0	1	2	2	0	0	2	0	2
6	1	83  	2	0	2	2	2	2	2	2	0	1
6	2	84  	2	2	2	2	0	2	2	2	1	1
6	2	85  	1	2	2	5	0	2	2	2	1	1
6	2	86  	2	1	1	3	0	0	0	1	0	1
6	2	87  	2	0	1	7	2	0	0	2	0	1
6	2	88  	2	1	1	2	0	0	0	2	0	1
6	2	89  	2	2	1	2	2	0	2	2	1	1
6	2	90  	2	0	0	2	2	2	1	1	0	1
6	2	91  	2	2	1	2	2	2	2	2	1	1
6	2	92  	1	0	0	2	2	2	0	1	1	1
6	2	93  	2	1	0	2	2	2	0	2	1	1
6	2	94  	5	1	1	2	2	0	2	1	2	0
7	1	95  	4	0	2	1	1	2	1	1	2	1
7	1	96  	4	2	2	2	2	2	2	2	2	2
7	1	97  	2	2	2	2	2	2	2	2	2	2
7	1	98  	2	0	2	2	2	2	2	2	2	2
7	1	99  	2	1	2	1	0	0	0	1	2	2
7	1	100 	2	2	1	2	1	0	0	2	1	1
7	1	101 	2	0	1	2	0	0	2	2	2	2
7	1	102 	2	2	2	2	2	2	2	2	2	2
7	1	103 	2	2	2	2	2	2	2	2	2	2
7	1	104 	6	2	2	2	2	2	2	2	2	2
7	2	105 	2	0	1	2	2	0	1	1	2	2
7	2	106 	2	0	2	2	1	0	1	1	2	1
7	2	107 	2	2	2	0	1	0	2	2	2	1
7	2	108 	1	0	2	2	1	2	0	2	1	1
8	1	109 	2	2	1	2	2	2	0	1	2	2
8	1	110 	2	1	2	0	2	0	0	2	2	2
8	1	111 	0	0	0	2	1	2	0	1	2	1
8	1	112 	0	0	2	1	1	2	1	1	2	1
8	1	113 	2	0	2	1	1	2	0	1	1	1
8	1	114 	2	1	1	2	2	2	0	1	2	2
8	1	115 	2	0	2	0	1	0	2	2	2	1
8	1	116 	1	0	0	2	1	0	0	1	2	1
8	1	117 	2	0	1	2	0	0	2	1	2	2
8	1	118 	2	0	0	2	2	0	0	2	2	1
8	1	119 	2	2	1	2	2	0	2	1	2	1
8	1	120 	1	0	1	2	1	0	1	1	1	1
8	2	121 	2	2	2	1	1	0	0	1	2	1
8	2	122 	2	1	2	1	0	0	0	4	2	1
8	2	123 	0	0	2	0	1	2	1	4	2	2
9	1	124 	2	0	1	2	0	0	0	4	0	1
9	1	125 	2	2	0	2	0	0	0	6	2	0
9	1	126 	2	2	0	2	1	0	1	1	1	1
9	1	127 	3	0	1	2	1	0	1	1	2	1
9	1	128 	0	0	0	2	1	2	1	1	1	1
9	1	129 	2	2	1	2	1	0	1	1	2	1
9	1	130 	2	0	0	2	1	2	1	1	1	1
9	1	131 	0	0	0	2	1	2	2	2	1	1
9	1	132 	2	2	0	2	0	0	0	1	2	1
9	1	133 	2	2	0	2	1	0	0	1	1	1
9	2	134 	1	0	0	2	1	0	0	1	2	1
9	2	135 	2	2	2	2	2	2	2	2	2	2
9	2	136 	1	2	2	2	2	2	2	2	1	1
10      1	137	2	0	2	2	1	0	1	1	2	1
10      1	138	2	0	2	2	2	2	0	1	2	1
10      1	139	0	0	2	2	0	0	1	1	2	0
10      1	140	2	1	2	2	0	0	2	2	2	2
10      1	141	2	1	2	2	0	0	2	2	2	2
10      2	142	2	2	2	2	1	0	2	2	2	1
10      2	143	0	0	2	2	1	2	1	1	1	1
10      2	144	2	0	2	2	2	0	1	1	2	0
10      2	145	2	0	2	2	0	0	1	1	2	2
10      2	146	2	2	2	2	0	0	5	1	2	0
10      2	147	2	0	2	2	2	0	5	1	0	1
10      2	148	2	0	2	2	1	0	5	1	2	1
11      1	149	0	0	1	2	2	0	1	1	2	1
11      1	150	0	0	2	2	2	0	2	2	2	1
11      1	151	0	0	2	1	2	0	2	2	0	1
11      2	152	2	0	1	2	2	0	2	2	2	2
11      2	153	2	2	1	2	2	0	2	2	2	0
11      2	154	2	0	2	2	0	0	2	2	2	0
11      2	155	2	0	2	2	0	0	0	1	2	0
11      2	156	2	0	2	2	0	0	0	0	0	1
11      2	157	0	2	1	2	2	0	0	1	1	1
12      1	158	2	2	2	2	0	0	2	1	2	0
12      1	159	2	0	2	2	2	0	1	1	2	1
12      1	160	2	0	2	2	0	0	0	1	1	1
12      1	161	2	0	2	2	2	0	0	1	2	0
12      1	162	2	0	2	2	2	0	2	2	1	1
12      1	163	2	0	2	2	2	0	1	1	1	1
12      1	164	2	0	2	2	0	0	0	1	1	1
12      2	165	0	0	2	2	2	0	1	1	0	1
12      2	166	2	0	2	2	0	0	2	0	2	1
12      2	167	2	0	2	2	2	0	1	1	2	0
12      2	168	2	0	2	2	2	0	2	2	2	2
12      2	169	2	0	2	2	2	2	2	2	2	1
13      1	170	2	0	2	2	2	0	2	2	2	1
13      1	171	0	0	2	2	2	0	2	2	1	1
13      1	172	2	0	2	2	2	0	0	1	1	1
13      1	173	2	0	2	2	0	0	0	1	2	0
13      1	174	2	2	1	2	0	0	0	1	2	0
13      1	175	2	2	1	2	2	0	0	1	2	2
13      2	176	2	2	1	2	0	0	2	2	2	0
13      2	177	2	2	1	2	2	0	2	2	1	1
13      2	178	2	0	2	2	2	0	0	1	1	1
13      2	179	2	0	2	2	0	0	2	0	2	0
13      2	180	2	0	2	2	0	0	1	1	2	1
13      2	181	2	0	2	2	0	0	2	2	0	1
14      1	182	2	0	2	2	1	2	0	1	2	1
14      1	183	2	0	2	2	2	0	1	1	2	0
14      1	184	0	0	2	2	1	2	0	2	2	1
14      1	185	2	0	2	2	2	2	0	1	2	2
14      1	186	2	0	2	2	1	0	0	1	2	1
14      1	187	2	2	2	2	2	2	2	2	2	0
14      1	188	2	2	2	2	2	2	2	2	0	1
14      2	189	2	2	2	2	2	2	2	2	2	2
14      2	190	2	0	2	2	2	2	2	2	1	1
14      2	191	2	0	2	2	2	0	0	2	0	1
14      2	192	2	2	2	2	0	0	2	1	1	1
14      2	193	2	2	2	2	0	0	0	1	2	0
15      1	194	2	0	2	2	1	0	0	2	2	0
15      1	195	0	0	2	2	1	0	0	2	1	1
15      1	196	0	0	2	2	1	2	1	1	1	1
15      1	197	2	0	2	2	1	2	0	2	2	1
15      1	198	0	0	2	2	1	2	1	1	1	1
15      1	199	2	0	2	2	0	0	0	1	2	0
15      1	200	0	0	2	2	1	2	2	2	1	1
15      1	201	2	0	2	2	1	2	1	1	2	0
15      2	202	2	0	2	2	1	0	0	1	1	1
15      2	203	2	0	2	2	2	0	1	1	2	0
15      2	204	2	0	2	2	0	0	1	1	2	2
16      1	205	1	2	2	2	2	0	1	1	2	2
16      1	206	0	0	2	2	2	2	1	1	1	1
16      1	207	1	0	2	2	2	0	0	1	2	1
16      1	208	0	0	2	2	2	2	0	1	1	1
16      2	209	0	0	2	2	2	0	1	1	2	1
16      2	210	2	1	2	2	0	0	0	0	2	1
16      2	211	0	0	2	2	2	2	1	1	1	1
16      2	212	0	0	2	2	2	0	2	2	2	2
16      2	213	2	1	2	2	0	0	0	0	2	2
16      2	214	1	0	2	2	2	0	0	1	2	1
17      1	215	0	0	2	2	2	0	2	0	2	0
17      1	216	2	2	2	2	2	2	2	2	2	2
17      1	217	2	0	2	2	2	0	2	0	2	0
17      2	218	0	0	2	2	2	0	0	1	1	1
17      2	219	0	0	2	2	2	0	2	0	2	1
17      2	220	2	0	2	2	0	0	1	1	2	0
17      2	221	2	0	2	2	2	2	0	1	0	1
17      2	222	2	2	2	2	2	2	2	2	2	2
17      2	223	0	0	2	2	2	0	0	1	0	1
17      2	224	2	0	2	2	0	0	2	1	2	1
17      2	225	0	0	2	2	2	0	1	1	2	2
17      2	226	2	0	2	2	2	0	1	1	2	2
17      2	227	2	2	2	2	0	0	0	1	2	2
17      2	228	2	2	2	2	2	0	1	1	1	1
18      1	229	2	2	2	2	2	0	1	1	2	0
18      1	230	2	0	2	2	0	0	0	1	2	1
18      1	231	2	0	2	2	0	0	2	1	2	2
18      1	232	2	2	2	2	2	0	0	1	2	0
18      1	233	2	0	2	2	2	0	1	1	2	0
18      2	234	0	0	2	2	2	0	2	1	2	2
18      2	235	2	0	2	2	2	0	1	1	2	0
18      2	236	2	2	2	2	0	0	2	1	2	2
18      2	237	2	2	2	2	2	2	1	1	2	2
18      2	238	0	0	2	2	2	0	1	1	2	1
18      2	239	0	0	2	2	2	0	1	1	0	1
18      2	240	2	2	2	2	2	0	2	2	0	1
19      1	241	2	0	2	2	0	1	1	1	0	1
19      1	242	0	0	1	2	2	0	2	1	0	0
19      1	243	2	2	2	2	2	2	2	2	2	2
19      1	244	2	2	2	2	2	2	2	2	2	2
19      1	245	2	2	2	2	2	2	2	2	2	2
19      1	246	2	2	2	2	2	2	2	2	2	2
19      2	247	0	0	2	1	0	1	1	1	0	1
19      2	248	2	0	2	2	0	1	1	1	1	1
19      2	249	2	0	2	1	2	0	1	1	0	0
19      2	250	0	0	2	1	0	1	1	1	1	1
19      2	251	2	0	2	2	2	2	2	2	1	1
19      2	252	2	2	2	2	0	0	2	2	0	0
19      2	253	2	0	1	2	0	1	2	1	0	1
19      2	254	2	0	1	2	0	0	0	1	0	0
20      1	255	2	2	2	2	2	2	2	2	2	2
20      1	256	2	0	2	2	0	0	1	1	2	2
20      1	257	2	2	2	2	2	2	2	2	2	2
20      2	258	0	0	0	2	2	0	1	1	0	0
20      2	259	0	0	2	0	2	0	2	2	0	1
20      2	260	2	2	2	2	0	0	0	1	0	1
20      2	261	2	2	2	0	0	0	0	1	0	0
20      2	262	2	2	2	2	0	0	0	1	0	0
21      1	263	2	0	2	2	2	0	0	1	0	1
21      1	264	2	0	2	2	0	0	1	1	1	1
21      1	265	2	2	2	2	0	0	0	2	2	2
21      1	266	2	2	2	2	2	2	1	1	0	1
21      2	267	2	2	2	2	2	2	0	1	0	1
21      2	268	2	2	2	0	2	0	2	2	0	1
21      2	269	2	0	2	2	0	0	2	1	0	1
21      2	270	2	0	2	2	2	2	0	1	1	1
21      2	271	2	2	2	2	2	0	0	1	2	2
21      2	272	2	0	2	2	0	0	2	2	0	1
22      1	273	2	0	0	2	2	0	2	1	2	2
22      1	274	0	0	2	2	0	0	0	1	1	1
22      1	275	2	0	0	2	0	0	1	1	0	1
22      1	276	2	1	0	2	0	0	0	2	2	0
22      1	277	2	1	0	2	2	2	0	1	2	2
22      1	278	2	1	2	2	2	2	2	2	2	2
22      1	279	2	1	1	2	0	0	2	1	0	1
22      2	280	0	0	1	2	0	0	1	1	0	1
22      2	281	0	0	1	2	2	2	2	2	2	2
22      2	282	2	2	0	2	2	0	0	2	0	1
22      2	283	2	2	2	2	2	2	1	1	2	2
22      2	284	2	2	1	2	2	0	1	1	2	0
23      1	285	0	0	2	2	2	2	0	1	1	1
23      1	286	0	0	2	2	2	2	0	1	1	1
23      1	287	0	0	2	2	0	2	2	1	1	1
23      1	288	2	0	2	2	0	0	1	1	0	1
23      2	289	2	2	2	2	0	0	1	1	0	1
23      2	290	0	0	2	2	2	2	0	1	1	1
23      2	291	0	0	2	2	2	0	0	1	0	0
23      2	292	2	2	2	2	0	0	2	1	2	2
23      2	293	2	2	2	2	2	2	2	2	2	2
23      2	294	2	0	2	2	2	0	0	1	0	0
23      2	295	0	0	2	2	2	2	0	1	2	2
24      1	296	2	0	2	2	0	2	1	1	2	1
24      1	297	2	0	2	2	0	2	1	1	0	1
24      1	298	1	0	2	2	2	0	2	0	2	1
24      1	299	2	1	2	2	2	0	2	1	2	2
24      1	300	2	1	2	2	0	0	2	1	2	0
24      2	301	2	1	2	2	0	0	0	1	2	1
24      2	302	2	1	2	2	0	2	2	0	0	1
24      2	303	2	0	2	2	0	2	0	1	0	1
24      2	304	2	1	2	2	0	0	0	1	2	1
24      2	305	1	0	2	2	0	0	2	0	2	1
24      2	306	1	0	2	2	2	0	1	1	2	0
24      2	307	2	0	2	2	0	2	2	2	0	1
24      2	308	1	0	2	2	0	0	2	1	2	1
25      1	309	2	1	2	2	0	2	0	1	1	1
25      1	310	1	0	2	2	2	0	2	0	2	0
25      1	311	0	0	2	2	2	2	0	1	1	1
25      1	312	2	2	2	2	2	2	0	1	2	1
25      1	313	0	0	2	2	2	2	1	1	0	1
25      1	314	1	0	2	2	2	0	1	1	0	1
25      1	315	0	0	2	2	2	2	1	1	2	2
25      1	316	0	0	2	2	2	2	2	2	1	1
25      2	317	2	2	2	2	2	2	2	2	2	2
25      2	318	0	0	2	2	2	2	1	1	0	1
25      2	319	2	0	2	2	2	2	1	1	1	1
25      2	320	1	0	2	2	0	0	1	1	0	1
25      2	321	2	1	2	2	0	0	1	1	2	1
25      2	322	2	1	2	2	2	0	2	0	2	1
25      2	323	2	1	2	2	0	0	2	1	2	1






















































































































































