fam_ID Sex    ind_ID	M91	M92	M93	
1	1	29  	2	2	1
1	1	30  	1	0	0
1	1	31  	0	2	0
1	1	32  	1	1	2
1	1	33  	1	2	0
1	1	34  	2	2	0
1	1	35  	0	2	0
1	2	36  	0	2	0
1	2	37  	1	0	0
1	2	38  	0	2	0
1	2	39  	1	1	2
2	1	40  	1	2	0
2	1	41  	1	2	0
2	1	42  	0	2	2
2	1	43  	1	2	0
2	1	44  	0	2	0
2	1	45  	0	1	0
2	1	46  	0	2	2
2	1	47  	0	2	0
2	2	48  	0	1	0
2	2	49  	0	2	0
2	2	50  	0	1	0
2	2	51  	0	2	0
2	2	52  	1	2	0
2	2	53  	1	1	0
2	2	54  	0	2	0
3	1	55  	2	0	0
3	1	56  	2	1	2
3	1	57  	2	0	0
3	1	58  	2	2	0
3	2	59  	0	2	0
3	2	60  	2	2	0
3	2	61  	2	2	2
3	2	62  	0	2	0
4	1	63  	1	2	0
4	1	64  	2	1	2
4	2	65  	1	1	2
4	2	66  	2	2	2
4	2	67  	2	2	2
4	2	68  	2	1	0
4	2	69  	2	2	0
4	2	70  	2	0	0
5	1	71  	0	0	2
5	1	72  	1	2	0
5	1	73  	0	0	0
5	1	74  	2	2	2
5	1	75  	2	2	0
5	1	76  	1	0	0
5	1	77  	0	0	0
5	2	78  	2	2	2
5	2	79  	1	0	0
5	2	80  	2	2	0
5	2	81  	1	0	0
6	1	82  	0	0	0
6	1	83  	2	0	0
6	2	84  	2	2	0
6	2	85  	0	0	0
6	2	86  	1	0	0
6	2	87  	1	0	0
6	2	88  	1	1	0
6	2	89  	1	1	0
6	2	90  	1	0	0
6	2	91  	1	0	0
6	2	92  	0	0	0
6	2	93  	0	0	0
6	2	94  	1	1	0
7	1	95  	1	2	0
7	1	96  	2	2	2
7	1	97  	2	2	2
7	1	98  	1	2	0
7	1	99  	1	2	0
7	1	100 	0	2	0
7	1	101 	1	2	0
7	1	102 	0	2	2
7	1	103 	2	2	2
7	1	104 	2	1	2
7	2	105 	0	2	0
7	2	106 	1	2	0
7	2	107 	1	0	0
7	2	108 	0	2	0
8	1	109 	1	0	0
8	1	110 	0	2	0
8	1	111 	0	2	1
8	1	112 	1	2	0
8	1	113 	1	2	0
8	1	114 	1	2	0
8	1	115 	0	2	0
8	1	116 	0	2	0
8	1	117 	1	1	2
8	1	118 	0	2	0
8	1	119 	1	0	0
8	1	120 	0	2	0
8	2	121 	1	2	0
8	2	122 	1	0	0
8	2	123 	2	0	0
9	1	124 	2	2	2
9	1	125 	1	1	2
9	1	126 	0	1	2
9	1	127 	0	2	0
9	1	128 	0	2	0
9	1	129 	1	1	0
9	1	130 	0	2	2
9	1	131 	0	2	0
9	1	132 	1	0	0
9	1	133 	0	2	0
9	2	134 	1	1	0
9	2	135 	2	2	2
9	2	136 	2	2	2
10      1	137	2	2	0
10      1	138	1	1	2
10      1	139	2	2	2
10      1	140	2	0	2
10      1	141	2	2	2
10      2	142	2	2	2
10      2	143	2	2	2
10      2	144	2	2	0
10      2	145	2	2	2
10      2	146	1	1	2
10      2	147	1	2	1
10      2	148	2	1	2
11      1	149	1	2	2
11      1	150	2	1	2
11      1	151	2	2	0
11      2	152	1	2	0
11      2	153	1	2	2
11      2	154	2	2	1
11      2	155	2	2	1
11      2	156	1	2	0
11      2	157	1	2	0
12      1	158	2	2	2
12      1	159	2	2	1
12      1	160	1	2	1
12      1	161	1	2	1
12      1	162	1	2	0
12      1	163	1	2	0
12      1	164	2	2	0
12      2	165	1	2	0
12      2	166	1	2	1
12      2	167	2	2	1
12      2	168	2	2	0
12      2	169	1	1	1
13      1	170	2	2	1
13      1	171	2	1	0
13      1	172	1	2	0
13      1	173	2	2	1
13      1	174	2	2	1
13      1	175	1	2	0
13      2	176	2	2	2
13      2	177	1	2	2
13      2	178	1	0	0
13      2	179	2	2	1
13      2	180	2	2	1
13      2	181	1	2	0
14      1	182	1	2	0
14      1	183	0	2	0
14      1	184	1	1	1
14      1	185	1	1	0
14      1	186	0	2	1
14      1	187	2	0	1
14      1	188	2	2	0
14      2	189	2	2	2
14      2	190	1	0	0
14      2	191	0	2	0
14      2	192	1	0	0
14      2	193	1	2	0
15      1	194	1	1	1
15      1	195	2	2	1
15      1	196	1	2	0
15      1	197	1	2	1
15      1	198	1	0	0
15      1	199	1	1	0
15      1	200	1	0	1
15      1	201	1	2	1
15      2	202	1	0	0
15      2	203	2	2	0
15      2	204	1	1	0
16      1	205	2	2	1
16      1	206	1	0	0
16      1	207	2	1	1
16      1	208	0	2	0
16      2	209	1	0	0
16      2	210	2	1	0
16      2	211	0	2	0
16      2	212	2	1	0
16      2	213	2	2	1
16      2	214	2	2	0
17      1	215	1	1	0
17      1	216	2	2	2
17      1	217	1	2	0
17      2	218	1	2	1
17      2	219	2	0	1
17      2	220	1	2	0
17      2	221	1	1	0
17      2	222	2	2	2
17      2	223	1	2	0
17      2	224	1	2	1
17      2	225	1	2	1
17      2	226	1	2	0
17      2	227	2	2	2
17      2	228	2	0	2
18      1	229	2	2	2
18      1	230	2	2	1
18      1	231	1	1	0
18      1	232	2	2	2
18      1	233	2	2	0
18      2	234	1	1	0
18      2	235	1	2	0
18      2	236	2	2	2
18      2	237	1	2	0
18      2	238	2	2	1
18      2	239	1	2	0
18      2	240	1	2	0
19      1	241	2	2	1
19      1	242	1	2	1
19      1	243	2	2	2
19      1	244	2	0	2
19      1	245	2	0	2
19      1	246	2	2	2
19      2	247	2	2	2
19      2	248	1	2	2
19      2	249	2	2	0
19      2	250	2	2	0
19      2	251	1	2	2
19      2	252	1	2	1
19      2	253	1	2	2
19      2	254	1	2	1
20      1	255	2	2	2
20      1	256	1	2	0
20      1	257	2	2	2
20      2	258	1	2	1
20      2	259	2	2	2
20      2	260	2	2	1
20      2	261	2	0	1
20      2	262	2	2	1
21      1	263	1	0	0
21      1	264	2	2	0
21      1	265	2	2	2
21      1	266	2	2	0
21      2	267	1	2	2
21      2	268	2	2	2
21      2	269	2	2	0
21      2	270	2	2	0
21      2	271	2	2	2
21      2	272	1	2	1
22      1	273	1	2	0
22      1	274	2	2	0
22      1	275	1	0	2
22      1	276	2	1	0
22      1	277	1	0	0
22      1	278	1	0	2
22      1	279	2	1	0
22      2	280	1	1	0
22      2	281	2	2	0
22      2	282	2	2	2
22      2	283	1	1	2
22      2	284	2	2	2
23      1	285	2	2	0
23      1	286	2	2	0
23      1	287	1	1	0
23      1	288	1	1	2
23      2	289	1	1	2
23      2	290	2	2	0
23      2	291	2	1	2
23      2	292	2	2	2
23      2	293	2	2	2
23      2	294	1	1	0
23      2	295	0	2	0
24      1	296	0	0	0
24      1	297	0	2	0
24      1	298	1	0	0
24      1	299	2	2	0
24      1	300	2	0	1
24      2	301	1	2	0
24      2	302	1	1	0
24      2	303	1	2	0
24      2	304	2	2	0
24      2	305	1	2	1
24      2	306	0	2	1
24      2	307	2	2	0
24      2	308	1	0	1
25      1	309	1	2	0
25      1	310	2	2	0
25      1	311	1	0	0
25      1	312	1	2	7
25      1	313	0	2	7
25      1	314	1	0	0
25      1	315	1	0	0
25      1	316	2	2	0
25      2	317	2	6	2
25      2	318	0	6	0
25      2	319	2	1	0
25      2	320	0	2	1
25      2	321	1	2	0
25      2	322	5	2	0
25      2	323	5	2	0






















































































































































