ind_ID	father_ID	mother_ID Sex       trait1 trait2  trait3
29  	501		901	1	 1.29	4.15	4.61	
30  	501		901	1	 1.22	4.28	4.7	
31  	501		901	1	 1.21	3.99	4.42	
32  	501		901	1	 1.12	4.29	4.78	
33  	501		901	1	 1.13	4.24	4.73	
34  	501		901	1	 1.06	3.82	4.21	
35  	501		901	1	 0.95	3.71	4.15	
36  	501		901	2	 1.27	4.35	4.83	
37  	501		901	2	 1.06	3.75	4.07	
38  	501		901	2	 1.34	4.98	5.36	
39  	501		901	2	 1.17	4.18	4.57	
40  	502		902	1	 1.31	4.12	6.62	
41  	502		902	1	 1.17	3.37	5.4	
42  	502		902	1	 1.23	4.27	6.4	
43  	502		902	1	 1.17	3.78	5.5	
44  	502		902	1	 1.05	3.4	5.51	
45  	502		902	1	 0.93	3.36	5.51	
46  	502		902	1	 0.6	1.6	2.87	
47  	502		902	1	 0.59	2.05	3.25	
48  	502		902	2	 1.35	3.87	5.84	
49  	502		902	2	 1.25	3.81	5.52	
50  	502		902	2	 1.32	4.28	6.6	
51  	502		902	2	 1.23	3.9	5.76	
52  	502		902	2	 1.18	3.73	5.61	
53  	502		902	2	 1.04	3.47	5.42	
54  	502		902	2	 0.63	1.6	2.5	
55  	503		903	1	 1.58	5.03	7.39	
56  	503		903	1	 1.65	4.99	7.36	
57  	503		903	1	 1.45	5.12	6.98	
58  	503		903	1	 1.42	4.21	6.23	
59  	503		903	2	 1.45	4.58	7.01	
60  	503		903	2	 1.63	5.16	7.25	
61  	503		903	2	 1.34	4.38	6.55	
62  	503		903	2	 1.22	4.24	6.36	
63  	504		904	1	 1.48	4.44	6.35	
64  	504		904	1	 1.5	4.45	6.38	
65  	504		904	2	 1.38	4.47	6.45	
66  	504		904	2	 1.48	4.14	6.08	
67  	504		904	2	 1.37	4.94	7.18	
68  	504		904	2	 1.32	4.08	5.93	
69  	504		904	2	 1.34	4.25	6.27	
70  	504		904	2	 1.24	4.05	5.93	
71  	505		905	1	 1.35	4.33	6.03	
72  	505		905	1	 1.3	4	6.39	
73  	505		905	1	 1.2	3.86	6.29	
74  	505		905	1	 1.28	3.63	6.41	
75  	505		905	1	 1.3	4.08	6.44	
76  	505		905	1	 1.16	3.9	6.24	
77  	505		905	1	 1.11	4.23	6.43	
78  	505		905	2	 1.22	3.91	6.36	
79  	505		905	2	 1.22	3.57	5.7	
80  	505		905	2	 1.12	3.47	5.92	
81  	505		905	2	 1.07	3.59	6.93	
82  	506		906	1	 1.25	3.44	4.7	
83  	506		906	1	 1.16	3.77	5.02	
84  	506		906	2	 1.48	4.16	5.69	
85  	506		906	2	 1.32	3.8	5.32	
86  	506		906	2	 1.36	3.64	5.06	
87  	506		906	2	 1.36	3.99	5.34	
88  	506		906	2	 1.37	3.84	5.44	
89  	506		906	2	 1.13	3.37	4.74	
90  	506		906	2	 0.86	3.35	4.92	
91  	506		906	2	 1.15	3.8	5.1	
92  	506		906	2	 1.16	3.62	5.1	
93  	506		906	2	 1.13	3.49	4.58	
94  	506		906	2	 0.8	2.1	3.3	
95  	507		907	1	 1.51	3.82	6.24	
96  	507		907	1	 1.33	3.62	6.69	
97  	507		907	1	 1.48	3.49	6.01	
98  	507		907	1	 1.38	3.26	6.13	
99  	507		907	1	 1.23	3.72	6.5	
100 	507		907	1	 1.25	3.3	6.45	
101 	507		907	1	 0.85	3.03	6.48	
102 	507		907	1	 1.4	4.01	6.78	
103 	507		907	1	 1.26	3.76	7.23	
104 	507		907	1	 1.27	3.53	5.75	
105 	507		907	2	 1.37	3.84	7.3	
106 	507		907	2	 1.29	3.5	6.4	
107 	507		907	2	 1.17	3.69	6.46	
108 	507		907	2	 1.09	3.18	5.97	
109 	508		908	1	 1.4	3.25	4.69	
110 	508		908	1	 1.33	3.14	4.7	
111 	508		908	1	 1.44	3.34	5.18	
112 	508		908	1	 1.29	2.88	4.56	
113 	508		908	1	 1.2	3.07	4.47	
114 	508		908	1	 1.27	2.76	4.21	
115 	508		908	1	 1.24	3.06	5.05	
116 	508		908	1	 1.07	2.91	4.47	
117 	508		908	1	 0.93	2.66	4.24	
118 	508		908	1	 0.87	2.96	4.28	
119 	508		908	1	 0.93	2.61	3.89	
120 	508		908	1	 0.7	1.92	2.96	
121 	508		908	2	 1.54	3.77	5.45	
122 	508		908	2	 1.24	3.15	4.65	
123 	508		908	2	 1.39	2.83	4.23	
124 	509		909	1	 1.29	4.01	5.97	
125 	509		909	1	 1.32	2.69	4.3	
126 	509		909	1	 1.26	3.49	5.23	
127 	509		909	1	 1.32	2.68	4.06	
128 	509		909	1	 1.2	2.9	4.51	
129 	509		909	1	 1.14	2.98	4.42	
130 	509		909	1	 1.17	3.79	6.14	
131 	509		909	1	 1.07	2.53	3.82	
132 	509		909	1	 1.1	3.32	4.65	
133 	509		909	1	 0.84	2.64	4.16	
134 	509		909	2	 1.3	3.64	5.35	
135 	509		909	2	 1.17	2.56	3.93	
136 	509		909	2	 1.29	3.62	5.72	
137	5010      	9010      1	 1.2	3.43	5.98	
138	5010      	9010      1	 1.17	3.01	4.48	
139	5010      	9010      1	 1.13	2.84	3.88	
140	5010      	9010      1	 1.18	3.56	5.15	
141	5010      	9010      1	 0.94	2.87	4.11	
142	5010      	9010      2	 1.36	3.82	5.45	
143	5010      	9010      2	 1.29	3.98	5.76	
144	5010      	9010      2	 1.25	3.58	5.03	
145	5010      	9010      2	 1.3	3.34	4.84	
146	5010      	9010      2	 1.24	3.24	4.55	
147	5010      	9010      2	 1.15	2.89	4.15	
148	5010      	9010      2	 0.85	2.73	3.95	
149	5011      	9011      1	 1.35	3.05	4.2	
150	5011      	9011      1	 1.19	4	5.38	
151	5011      	9011      1	 1.23	3.88	5.28	
152	5011      	9011      2	 1.3	4.05	5.3	
153	5011      	9011      2	 1.24	4.28	5.67	
154	5011      	9011      2	 1.26	4.44	5.77	
155	5011      	9011      2	 1.24	3.89	5.11	
156	5011      	9011      2	 1.08	3.52	4.65	
157	5011      	9011      2	 1.08	4.19	5.5	
158	5012      	9012      1	 1.27	4.08	6.36	
159	5012      	9012      1	 1.39	3.3	4.85	
160	5012      	9012      1	 1.16	3.09	4.92	
161	5012      	9012      1	 1.21	3.82	5.14	
162	5012      	9012      1	 1.15	3.02	4.51	
163	5012      	9012      1	 1.13	3.49	5.17	
164	5012      	9012      1	 1.05	3.42	5.36	
165	5012      	9012      2	 1.42	4.13	6.24	
166	5012      	9012      2	 1.3	3.05	4.8	
167	5012      	9012      2	 1.21	2.74	4.47	
168	5012      	9012      2	 1.36	3.06	4.99	
169	5012      	9012      2	 1.18	2.43	4.18	
170	5013      	9013      1	 1.5	4.91	6.54	
171	5013      	9013      1	 1.42	3.13	4.74	
172	5013      	9013      1	 1.23	3.65	5.16	
173	5013      	9013      1	 1.56	3.24	4.6	
174	5013      	9013      1	 1.19	3.45	4.29	
175	5013      	9013      1	 1.13	3.58	4.91	
176	5013      	9013      2	 1.36	3.02	4.17	
177	5013      	9013      2	 1.26	3.84	5.31	
178	5013      	9013      2	 1.3	3.06	4.43	
179	5013      	9013      2	 1.24	3.65	5.04	
180	5013      	9013      2	 1.01	3.2	4.72	
181	5013      	9013      2	 1.12	3.51	5.01	
182	5014      	9014      1	 1.3	4.23	7.43	
183	5014      	9014      1	 1.1	3.75	6.24	
184	5014      	9014      1	 1.12	3.47	6.14	
185	5014      	9014      1	 1.09	3.14	6.53	
186	5014      	9014      1	 1.06	3.2	6.1	
187	5014      	9014      1	 1	3.17	6.52	
188	5014      	9014      1	 0.96	2.87	5.19	
189	5014      	9014      2	 1.32	4.14	7.12	
190	5014      	9014      2	 1.24	3.6	6.31	
191	5014      	9014      2	 1.02	3.14	5.66	
192	5014      	9014      2	 0.99	3.42	5.72	
193	5014      	9014      2	 0.96	3.51	6.23	
194	5015      	9015      1	 1.51	4.56	6.06	
195	5015      	9015      1	 1.33	3.82	5.33	
196	5015      	9015      1	 1.26	3.66	5.94	
197	5015      	9015      1	 1.1	3.49	4.73	
198	5015      	9015      1	 1.25	3.65	4.1	
199	5015      	9015      1	 1.13	3.02	4.94	
200	5015      	9015      1	 1.19	3.95	5.4	
201	5015      	9015      1	 1.14	3.42	4.61	
202	5015      	9015      2	 1.22	3.51	4.96	
203	5015      	9015      2	 1.01	3.42	4.73	
204	5015      	9015      2	 1.02	3.12	4.43	
205	5016      	9016      1	 1.2	4.33	6.9	
206	5016      	9016      1	 1.22	4.74	7.93	
207	5016      	9016      1	 1.14	4.44	7.32	
208	5016      	9016      1	 1.12	4.23	6.49	
209	5016      	9016      2	 1.35	4.74	7.98	
210	5016      	9016      2	 1.46	3.58	6.69	
211	5016      	9016      2	 1.16	3.92	6.22	
212	5016      	9016      2	 1.21	3.46	5.95	
213	5016      	9016      2	 1.13	2.69	5.11	
214	5016      	9016      2	 1.2	4.21	6.88	
215	5017      	9017      1	 1.22	3.81	6.61	
216	5017      	9017      1	 0.79	2.43	4.97	
217	5017      	9017      1	 1.01	2.95	5.86	
218	5017      	9017      2	 1.47	3.33	6.67	
219	5017      	9017      2	 1.45	3.61	6.62	
220	5017      	9017      2	 1.31	3.68	6.88	
221	5017      	9017      2	 1.31	3.5	6.72	
222	5017      	9017      2	 1.28	3.29	5.85	
223	5017      	9017      2	 1.26	3.76	7.01	
224	5017      	9017      2	 1.25	3.96	7.76	
225	5017      	9017      2	 1.26	3.38	7.17	
226	5017      	9017      2	 1.17	3.4	6.19	
227	5017      	9017      2	 0.95	3.21	5.14	
228	5017      	9017      2	 0.72	2.54	5.09	
229	5018      	9018      1	 1.2	3.55	5.78	
230	5018      	9018      1	 1.15	3.34	5.11	
231	5018      	9018      1	 1.17	3.72	5.4	
232	5018      	9018      1	 1.01	3.19	4.78	
233	5018      	9018      1	 1.02	3.5	4.83	
234	5018      	9018      2	 1.34	3.66	5.38	
235	5018      	9018      2	 1.53	4.33	6.12	
236	5018      	9018      2	 1.27	3.86	5.5	
237	5018      	9018      2	 1.29	3.82	5.24	
238	5018      	9018      2	 1.19	3.29	4.97	
239	5018      	9018      2	 1.16	3.07	4.15	
240	5018      	9018      2	 0.98	2.88	4.13	
241	5019      	9019      1	 0.92	2.42	5.19	
242	5019      	9019      1	 0.94	3.22	5.52	
243	5019      	9019      1	 0.92	3.2	6.48	
244	5019      	9019      1	 0.6	1.77	5.2	
245	5019      	9019      1	 1.14	3.31	6.34	
246	5019      	9019      1	 1.02	3.46	6.48	
247	5019      	9019      2	 1.06	3.67	7.66	
248	5019      	9019      2	 1.09	3.03	6.17	
249	5019      	9019      2	 1.04	3.44	7.34	
250	5019      	9019      2	 1.02	3.19	6.44	
251	5019      	9019      2	 0.83	3.14	5.97	
252	5019      	9019      2	 0.92	3.14	6.08	
253	5019      	9019      2	 0.93	2.98	6.24	
254	5019      	9019      2	 0.79	3	5.91	
255	5020      	9020      1	 1.35	3.66	7.2	
256	5020      	9020      1	 1.27	3.41	5.46	
257	5020      	9020      1	 0.71	2.65	4.21	
258	5020      	9020      2	 1.21	4.01	7.77	
259	5020      	9020      2	 1.22	3.57	5.99	
260	5020      	9020      2	 1.2	3.61	5.91	
261	5020      	9020      2	 1.15	3.38	5.48	
262	5020      	9020      2	 0.9	3.55	6.37	
263	5021      	9021      1	 1.56	4.37	5.22	
264	5021      	9021      1	 1.25	3.73	4.8	
265	5021      	9021      1	 1.3	3.84	4.53	
266	5021      	9021      1	 1.09	3.45	4.24	
267	5021      	9021      2	 1.41	4.07	4.88	
268	5021      	9021      2	 1.28	3.35	4.33	
269	5021      	9021      2	 1.06	4.17	4.95	
270	5021      	9021      2	 1.09	3.2	3.98	
271	5021      	9021      2	 0.8	3.35	4.08	
272	5021      	9021      2	 0.67	2.7	3.33	
273	5022      	9022      1	 0.57	2.02	3.58	   
274	5022      	9022      1	 1.48	3.42	5.28	
275	5022      	9022      1	 1.31	3.8	5.54	
276	5022      	9022      1	 1.24	3.56	4.89	
277	5022      	9022      1	 1.14	3.56	5.51	
278	5022      	9022      1	 1.25	3.68	5.7	
279	5022      	9022      1	 1.06	3.23	4.82	
280	5022      	9022      2	 1.11	3.56	5.64	
281	5022      	9022      2	 1.4	3.46	5.24	
282	5022      	9022      2	 1.29	3.83	5.59	
283	5022      	9022      2	 1.36	3.17	4.93	
284	5022      	9022      2	 1.33	3.52	5.27	
285	5023      	9023      1	 1.15	2.76	4.04	
286	5023      	9023      1	 1.35	3.89	7.36	
287	5023      	9023      1	 1.32	4.98	7.47	
288	5023      	9023      1	 1.28	4.02	6.65	
289	5023      	9023      2	 1.24	4.27	6.9	
290	5023      	9023      2	 1.3	4.79	7.76	
291	5023      	9023      2	 1.14	3.78	7.12	
292	5023      	9023      2	 1.1	3.96	6.57	
293	5023      	9023      2	 1.14	3.96	6.37	
294	5023      	9023      2	 1.17	3.92	7.16	
295	5023      	9023      2	 1.02	3.87	6.8	
296	5024      	9024      1	 0.95	3.45	5.67	
297	5024      	9024      1	 1.17	3.93	7.73	
298	5024      	9024      1	 1.32	3.43	5.46	
299	5024      	9024      1	 1.12	3.34	5.91	
300	5024      	9024      1	 1.13	3.42	6.23	
301	5024      	9024      2	 1.1	4	6.39	
302	5024      	9024      2	 1.14	4	6.57	
303	5024      	9024      2	 1.28	3.88	7.58	
304	5024      	9024      2	 1.13	3.31	6.61	
305	5024      	9024      2	 1.23	4.19	6.88	
306	5024      	9024      2	 1.21	3.47	6.4	
307	5024      	9024      2	 1	3.55	6.31	
308	5024      	9024      2	 0.58	2.84	4.9	
309	5025      	9025      1	 0.48	2.29	4.45	
310	5025      	9025      1	 1.07	3.96	6.12	
311	5025      	9025      1	 0.95	2.7	4.7	
312	5025      	9025      1	 0.91	3.31	5.52	
313	5025      	9025      1	 0.81	2.91	4.89	
314	5025      	9025      1	 0.74	2.98	4.8	
315	5025      	9025      1	 0.79	3.45	5.58	
316	5025      	9025      1	 0.71	1.73	3.56	
317	5025      	9025      2	 0.62	2.21	3.76	
318	5025      	9025      2	 1.09	3.69	5.4	
319	5025      	9025      2	 1	3.44	5.54	
320	5025      	9025      2	 0.86	2.43	4.06	
321	5025      	9025      2	 0.84	2.95	5	
322	5025      	9025      2	 0.78	2.88	4.66	
323	5025      	9025      2	 0.66	2.5	4.24	
	
